,0,1,2,3,4,5,6,7,8,9,10,11,12,13,14,15,16,17,18,19,20,21,22,23,24,25,26,27,28,29,30,31,32,33,34,35,36,37,38,39,40,41,42,43,44,45,46,47,48,49,50,51,52,53,54,55,56,57,58,59,60,61,62,63,64,65,66,67,68,69,70,71,72,73,74,75,76,77,78,79,80,81,82,83,84,85,86,87,88,89,90,91,92,93,94,95,96,97,98,99,100,101,102,103,104,105,106,107,108,109,110,111,112,113,114,115,116,117,118,119,120,121,122,123,124,125,126,127,128,129,130,131,132,133,134,135,136,137,138,139,140,141,142,143,144,145,146,147,148,149,150,151,152,153,154,155,156,157,158,159,160,161,162,163,164,165,166,167,168,169,170,171,172,173,174,175,176,177,178,179,180,181,182,183,184,185,186,187,188,189,190,191,192,193,194,195,196,197
0,-65.43057172789051,72.50011751192788,-20.748917150957812,28.871915106022616,29.431429038538074,36.36087941445808,32.45513986777825,14.015199278094167,-30.119425266138744,-31.594852153113866,44.52892266579123,96.6286638979843,7.977771686505254,-48.13843914142904,-0.9537959220332843,-39.586693941862755,19.35162642420358,3.5742210574496474,38.46662877707745,11.895534656923147,9.721952251572386,-16.462772880817088,1.5449301713882877,8.246935059337305,-15.971187874865915,-24.637172502869063,-8.229364064006857,-29.78584142062434,2.6254657031626616,-6.799545165007558,26.959173987527123,-15.238294172333521,-38.75560564450954,-20.392127704727294,4.685892645750183,4.797505853975799,6.786358813393501,5.760740053596602,-20.35672362941209,16.13235942018917,-3.830927133831429,14.062910723933813,33.61749153447463,10.066665799532629,0.5139959511149379,8.728452215087907,3.4337820531332834,-33.83587210880386,47.46677962703232,35.722509317844995,-11.853268169314417,14.344886672856628,7.631346740701093,-34.83101869291523,39.52535635340366,29.143246835672354,-18.047050972636114,15.225437368179387,21.400076963812936,-0.9551002052035845,31.151446822618738,-2.5709495590154754,-42.56084445917691,6.500593739830342,29.62732913299846,6.403389421822779,33.02912374074261,18.957123590916225,-48.26416343339849,19.58622078008539,-3.7601988080835054,-12.097147018161918,14.668490610889425,8.436772670603816,50.00230489968399,-9.422808811477289,43.270969926238756,-4.083288880579445,-16.885828440081564,2.688161886721122,-6.386326768630261,10.3546302746172,7.816531506287925,1.2452879086999054,3.5251177118054855,2.697653676534189,-19.71454298472533,5.052565333750614,-23.82346964806112,4.870178334125188,24.714502095067296,-5.700540675301376,-12.946636376001743,-38.79110334557448,-9.340834748179335,52.23651081390795,-29.55487895829654,-2.313499737846492,5.006674559046331,22.75150341365358,-39.14501806730412,20.50875100839377,-17.864408146147696,-18.703980954652586,28.27164493377882,11.444665713871432,-30.717532151817295,-20.17306914190389,-12.53796908395713,22.25125500549089,-2.5073137255624713,-32.314661983028486,4.626367784768875,4.595898174428002,-6.4281243171808935,15.419880864320568,-32.4707746897317,18.157085358158184,12.064446587502497,-23.999355505911364,13.364189249474805,-9.83319779788959,13.135322151506257,20.534392183611573,23.471973055759843,15.590216506410462,-1.453521201478429,18.725212029301215,-2.6085770438452984,-12.007901076553802,-1.969162443582939,32.43846867667385,-8.355501348101598,14.136572349563124,17.170057682471427,-16.888448915706977,1.557556049410921,-17.987578480651194,-14.790116385180674,24.764321427548605,-39.31561127716916,-19.28388578194791,-21.72465821051413,33.8594851085204,-11.242952973007771,-12.509237999164034,-11.23713558480913,42.865611119779,-17.18625484675215,18.46924982195164,21.742897659754448,8.46747804323529,12.158999507554627,28.02166618292036,-13.095229394410252,-5.944071652208928,29.03351190706046,-31.29660138522477,-42.061653983663625,-33.37757018267492,-7.857785238329911,-26.571645213167766,-14.95145616725043,-22.053000366704854,4.619927727975854,-18.164457251298735,24.964126106632094,40.77635641885407,-18.975731033511277,3.3077759486635445,-8.789343882573462,15.147704104444173,-24.38688446611258,-12.493088480403198,-33.48025626266454,-32.1968831906859,3.347708829072061,-37.137744938916974,25.837631334523895,-18.40978356907176,-27.977546183971214,-0.7855584524281417,36.81657724114391,-14.201843460853613,-33.64781329846351,-19.68721174494117,-1.266774633015745,8.67765803166927,28.739825469869608,16.310597987819346,-31.595961252780224,-23.069604780427163,-28.337201909852404,-12.217709057100786,-24.433766314796834,1.842947832191285,5.926846648622109,11.651099526384296
1,-53.188678813126046,35.51868455188885,-55.09812275966943,-49.51954092856584,-5.816111330465034,81.41083092986827,75.70502532536563,-23.734453824817997,-35.850842905044026,-33.00010089171498,75.56598044043531,53.02264999215576,50.02115224596766,-17.003925583737285,-26.36868416565387,-0.748737725202446,32.127920213475875,19.487919210424646,50.25550649874701,45.28352651396214,-4.810850164654757,1.9358691051633494,7.877731019768926,37.87177120931111,-30.990505051830738,-32.933982040306255,27.254768838769294,13.702318073489543,-0.48650185560607373,-15.723693392399747,-26.138059792228102,27.005968349201577,27.32818974033684,16.4982295073976,-14.182412524861794,-10.472600812333846,26.073805434413853,34.474192723583215,-16.047770894433928,11.735081355944594,-15.684375864777762,17.7647089848379,-11.225525560902582,11.063036922191948,-13.356338592186681,-6.424700058807161,-33.610963640955006,-5.788716464332188,0.7824876664148173,-2.1262315105414857,-3.5338131799311845,-32.820602061057485,26.237667433565168,-27.058316748288515,-9.09378503261891,-16.537849781531957,-51.59572769672444,-0.7780379277273644,-19.806432214546962,67.4587051114061,21.443767850877947,-24.43003218793912,-18.54673618763677,5.063444542538575,-38.89748754222024,2.8552634350266506,-26.63011990250394,7.43609759408548,-26.246874184780395,12.649857719704189,18.83706569722732,-7.6159858184239555,45.27966347365527,34.77510020950349,-2.8154338315907705,23.570008177178817,23.853179023855052,-14.947327293344696,-4.420700355968423,-9.391263203945387,-0.5217316710332534,6.97442561159253,-18.406569352167732,-7.217603879807705,12.451299007489222,21.7162487123208,-19.287998236273573,25.25228407694924,39.57206138018825,-3.1677658833925237,-6.8540172626352724,-10.704619988478477,-5.3552752813702025,17.495969958744443,23.997281475223037,-0.8303706903131376,6.61305597664042,-11.584203213474495,8.382084204093232,16.43797637506914,6.633817926144963,-19.794295037364357,13.966696505457218,6.935543207158967,4.18297006964071,-11.729860862961853,-6.646206300401155,-45.80245462083208,24.20625943509399,22.184828628134753,7.143925707202164,-1.7634751087910954,-0.6443338031898483,9.393180931521295,24.576752994420712,-15.64389468236018,-15.153205842409335,8.577061795183473,-28.022711428446208,8.10392628335602,0.5880434283465785,14.695002397164828,26.83313868473346,44.21902095885022,-11.780299790562305,6.958737237638235,30.307334502938392,-17.619719121647897,19.8728467962238,17.503458385876957,-36.29500298568644,-4.309604308972323,-12.958511671202078,-17.739943337728914,2.168031999079699,-17.55178603327776,-35.3896875734622,14.887654373886079,22.216304469710288,7.545476969473083,18.383871608274216,-11.834717613742733,6.8890676762831475,-27.10462784943463,-1.0081008211068876,14.190184017362322,-33.41949953446783,50.05698365445781,-11.364938503294237,10.333390667008675,-17.961712042689236,-14.307061322996038,-18.493694041613725,10.713884830414493,-15.360518249890314,-4.251318165595012,-3.68075523333814,-41.92974134708089,30.520926291117643,-24.09233815564309,20.86135737818027,-4.385454294372231,11.724509217584336,-29.79507183641829,-14.0608863163672,-24.048049915376442,-0.949225294246566,-25.034163949008608,-21.987166055923563,-10.510754094407593,-30.78694261492843,-0.32939414002577694,14.18169700890852,20.611596952049027,-22.93501691592717,-6.235341034196534,-7.476470955641249,4.909062669795325,-27.38699446771667,-3.3941074984567634,-0.3279207023006991,48.31313449123872,-10.348538745466092,8.217469045533257,14.853381894917689,-13.42683083511661,9.326403824031203,-12.88010072293034,11.100586601315843,10.265343601559083,-18.296812361635265,13.564535298560457,-7.871335570077288,-21.10621790691671,-26.79555673327937,2.74537035291573,23.396280689470203,7.455147294999488
2,-53.650754753695786,65.95099766445124,4.293826416217912,53.90122239067114,17.31736488994103,-1.9176807795025672,-29.458148301101822,39.700997711379074,-33.09935303135452,22.57813703575394,-29.37635052881265,-12.945533170347655,4.074323370960119,-28.616787184392972,0.21724890641629313,-1.9144394952498252,-25.007129834596714,34.334818099107146,-9.060894646238372,9.0443569024726,59.26913566680956,8.929878573082831,34.52446841242797,-36.550129859346285,-14.860986762140165,14.695848354989325,-2.674350026936602,43.46558208482214,20.446551940255983,-41.57887574198381,-5.772065496712477,39.84681144343274,21.778748616990914,21.49203101829786,28.729297470203964,-17.446901620249577,-5.006223473232489,17.253494421266616,18.395969623648117,36.90797882329726,9.411283434967658,22.11910957027226,26.38891006256662,2.682102353347414,26.422951606256486,-5.970350209798324,-2.5077671247654942,35.16666095724881,3.4292197826479276,22.03040406614465,1.4735907407115079,8.418711207274137,30.92124279546623,-26.289239725201313,23.75530410967469,-14.514881617497792,-29.619032473557276,-8.01991031513033,1.567569995740205,4.711991684951298,-18.415380342217432,8.905719658768652,24.299326436169036,1.358312459957924,21.03411536808795,36.36722483209715,15.080415935535823,68.00679843984803,30.70957912055765,3.273311271724432,0.25844630955235987,-5.350901650121626,-1.0840783235147107,11.156289285605254,-9.296270943269516,5.529925953000574,2.3000038143468826,49.66391943246921,12.230355930725663,2.3356305003309172,-10.357182067219622,1.0903321756731765,-4.12042587471304,18.315242051893424,-40.071180823415766,-28.37141248523224,-10.345179866769367,2.570995799318795,40.97225102707015,4.30003723251988,-0.8111999408576552,-37.26395764808541,-0.9707674867139489,-0.1862149851375646,18.790569335903736,18.536580387682466,17.523112295184873,6.9449561838898255,24.29449994576506,-20.5060696976279,34.45001164156038,12.35055507785484,-2.1960826922759717,1.0271598269799427,-19.769020151902758,17.669264512829248,46.94847010022503,-17.201437727120698,10.968988548014442,33.28557765767134,39.536037742397845,-22.90909824322176,-25.427044455728627,8.886894189814065,9.917908280483237,25.24758461376345,-15.655294018476184,-5.276614445964305,-4.103326005488446,-10.570059164138906,-4.4166698088683765,16.954264895957408,-15.696341667529579,-13.536633409730321,-1.0422811780780379,-37.14249482648069,9.58213407209218,6.510094434422823,-7.982499380546322,-15.735415502343745,-33.28796767243284,-39.114916535937766,7.830968469342926,-18.244289663332644,23.370567343115248,12.205147455690074,-44.444136468369074,-29.862710747413047,10.814664788092108,2.048989360816807,-1.619837363611191,-9.097114373256883,-26.115916000735194,39.76939808646728,2.6541491416669625,23.910212732690972,-22.57614755816297,-20.91518841706383,-3.956675939410045,-9.999849085197686,15.22130910601763,-37.127485767378175,23.93449235014319,-10.484070422413422,28.057729447435676,-28.117245758324238,3.807646713952235,-28.108902331070958,-1.7107635320695282,23.53634768420339,-42.183057498851596,-69.21194469394239,41.808409217363824,28.792126427618207,-35.79884900713474,18.1441820154204,16.84940188129604,18.552001049586753,-19.712843048298446,-31.358834950306292,-4.7324283236543945,-1.581225912569153,7.903645760201373,1.0911573515048019,5.399413830811575,3.942888112077495,6.363442220988335,42.01301152451829,-31.645106048126795,-38.884255172634624,-7.550770299862588,4.35024007339222,-16.604553000347252,-3.461441785581859,24.74750309248397,58.58569675168101,-11.052610673736494,34.30261114687826,10.121539158484246,7.746631723464782,-11.697638178553591,10.333598092962818,6.1710536035828785,-17.552728161377594,5.946176433857081,-18.04946004606701,3.6898523381249033,-11.085167987200677
3,-63.78706780718,60.9253801667988,-30.106680445783265,8.589945203335633,-3.547107047810161,43.58224762547583,26.59321536038302,2.769848809964728,-48.67046816583195,1.019756949091946,15.748219262729146,10.460159963008259,73.27346433700774,0.6118499678116847,-13.246853002030658,26.523707535324558,1.732808763524643,66.88543683056793,38.70117170086385,24.297090485426235,-2.00489048708566,41.20900016247266,20.715678892407887,1.2092191836627268,4.4473968198658795,33.98752425338279,14.274338113359725,23.171631621627057,17.656549951138164,-46.40107413786563,-23.31271070303289,18.43858232589334,21.502898342662476,-15.418442872987141,5.152899558529504,4.2524672567919515,15.522430297205359,26.615964957916763,-10.860381163394532,8.21810511116466,12.440908825578681,11.368949111701973,37.25605848220827,30.220422950642824,13.066316095826325,0.6301790367421931,-19.832947578475046,24.4937428295796,19.48344097333217,44.454884363620906,-23.28979562800238,-14.722458392201844,10.61881038401295,-58.31433422111672,41.35844014808243,14.273264517006323,-48.94354166374558,61.11072661992499,40.640548846452674,17.826124892633292,-23.45792733382488,29.943753883779888,-3.792096124646279,3.887340757502591,-37.948929978892224,-18.072990911297794,5.957497182786965,0.47993707113159634,-44.158079362774295,-8.800714271409742,-43.33379403896838,-23.15191754837821,40.27091086194771,14.124152996374018,13.012217582198332,41.776852712483816,55.44268749345431,2.983729406632662,12.88277913625126,-19.34548557878124,30.342416261097313,-0.9354334840352381,13.038152121728778,8.977977615162821,-7.802700671686318,-23.299989852540133,-58.74444575890553,-33.23569873677769,34.29297681833867,29.374017524348634,0.4329019030673815,-48.857433704189475,11.782311296941065,-34.793607476744256,28.329063022267054,48.802130061376154,20.07699458427763,-33.37455772340559,-11.27860099929708,-22.9324489333322,-4.77288329153791,-12.971747820839296,-5.155259987382711,9.30541689941311,-12.369594740139863,28.933027851492312,15.474910478727159,-3.7665161877496995,-6.349988428122121,58.655513729300644,49.6507750612468,-66.21138797933658,46.040949709948265,-5.135827677337955,10.194634664022361,48.33165065761102,63.960612515142486,11.37934424280571,24.466486277362318,8.130064850968322,41.064513763908835,34.52054141491375,-5.3412266916808635,7.502417441521499,-113.21260284222735,37.28890780306837,-9.575986402715863,-1.3958476224510925,19.24004170651464,0.9620222939466923,35.874370640756695,-17.00089561199273,60.249818981190785,-104.28432498484796,0.8288769879189448,6.666013538779231,-32.885772681255865,8.614693312815382,5.7726387165456705,24.919213164696664,-28.776264323824282,4.036879008722013,-59.84331138637957,-21.588206842723157,17.334841797673676,48.30479603018821,-47.264861536590246,-2.4374188218347217,6.791922967873252,-6.770741087667247,-40.46584803562801,9.619740706252237,-28.45055570716449,4.22549018332394,0.7633482929841162,43.56849236391595,1.31236394889409,17.86185613620267,-2.6585759459170633,-6.613339006162514,66.03677175929101,7.779911061546311,55.78092259066557,5.226566929689427,-55.40794537750162,-8.273984663176462,-108.91861488991141,11.979850519366261,-95.28379557504061,-51.13459938953533,-19.86248022182447,81.88149073241189,64.10866018891763,-2.9463120181492353,-48.092198266019054,3.2601537318058496,27.651405146143553,25.227021036114014,-59.3942136127009,27.77626865463363,-49.92131018669818,-73.97874595647248,-38.86781212357239,-25.03594259889068,-13.42203701203021,-27.417735256872096,-37.80588797636574,-28.692186600416836,59.94657660880307,-42.31699856960045,-15.371759806746786,16.715943171065376,-4.621613215758712,-1.553202689945192,-57.56323010869857,-27.300114064492583,-41.86876579481121,0.5171812447409988
4,-57.693262403327736,77.12713495951142,0.8982240469036691,72.53820909353536,44.3415382641095,-11.766437804417286,1.2455653694642488,24.6553740884735,-13.404904224494514,-8.0394826755081,-3.422350851333265,67.87116714100117,-24.925476650810783,-75.02401197521134,-5.839003476349937,-44.29598048065285,11.426223731121596,-8.218539181880667,-20.985202383666405,-31.772668573581946,29.91567657249921,-27.890511284490053,9.815768060546878,-7.875438784064527,-12.95193209592837,-22.605778919371257,-24.0169835172623,12.734387386382531,9.244326579394043,-34.345602862282846,3.914015460334484,20.44643739802188,0.08864511205119763,-9.245203323735282,2.9816658078793132,-18.572024076217634,-6.517730175423788,-1.142193557360438,7.679713105666742,16.752334767625076,8.751065497914235,-9.031831862787504,-9.593880499665882,-4.876972400144591,-1.2219004699597686,0.8966292640068461,10.750627480139343,-9.657548224721328,-34.53513915143521,-28.962186277416503,35.02670830709712,-1.1082672361119323,24.43507607062117,6.887396564204615,-34.854857298841374,8.983264506588684,3.5986339675817827,5.9252825038308385,-23.994384616590327,28.4476230426459,4.495989338448934,-6.406831178325763,4.3727581281310455,-3.2745603209455116,7.637244885417084,22.626500416227042,-1.340597572614287,2.771653338729503,-15.1174475526076,4.679113523003538,7.881336673766552,1.950539075046771,3.6368146170154505,15.986828580951531,24.896017662922322,-20.657358590949784,-0.6974995814529982,11.18016353893135,-1.8863690609527892,16.60694276430089,-14.698363646756782,-10.80209099342455,11.381201794883161,6.563615524859517,0.3590298386169821,12.76728154284516,-10.787538645158318,-15.483994008488795,4.123838765130139,-19.48153264537792,-11.757813119215001,5.450989255935793,18.041113003014814,-0.38106390849944255,-5.469268201788828,10.293380174196544,-7.752092029911573,-4.793549453661589,24.28143300897333,18.555290208008742,-19.178470211819597,19.432034919720664,-15.352445019326993,-3.9617039117270774,-7.132960934938926,-14.58636299851717,8.796749652948886,1.2154200470793977,16.283460951438972,16.259891609401762,-14.747541280426523,13.28718129517119,-29.97959418039905,16.2128548213705,-4.183589462549493,1.4097776371174928,-9.726148384660762,-4.1453538407152095,-9.667714128210841,22.63887803201503,-10.025383375249142,4.7569749600234355,6.577408052271654,-4.723509329204766,-13.382022322169359,13.088112154954919,-14.372275877204652,-9.832374134765585,10.724282258787815,1.7127965379823877,-23.114388317114635,-31.96620321031896,-11.29497228731961,14.868001117565289,-1.9244125033093777,-34.09607157536912,-20.700635519650053,-0.23479935520503903,15.328169501886352,-1.676480278915662,-6.402845179935665,18.471505865655377,-14.453546746032798,-19.66433975964746,20.50937243892708,-5.378308976996978,-4.273741671219159,1.1334983021818061,9.650697395846256,-10.064776153342484,-15.28842961514141,-7.28765185477757,-1.7845056565940924,1.067106326550635,-11.787710114482374,-17.727850769430965,8.91826823486328,-28.180441760039,-17.8112234516821,9.101179994701816,2.60352682218566,-16.015343793300897,6.03629160306856,-27.590957280100646,-6.462920258547098,-9.317263865517486,-13.43382951871262,11.285458967745235,-40.60397197584249,-24.69079824060509,-1.9011444933607904,-25.021689517059016,7.7686425863209365,8.9487521507274,-2.4353228702464254,19.249243110419023,4.638002671611628,-1.5171138025895843,10.127614478471974,24.127867233330743,-39.204220943455596,-10.023503056788998,-16.056210800575045,-14.834680630402858,-10.969102559432399,-35.16621458103645,10.23341713148432,-7.335167620092083,15.074307618438334,-8.694928184625873,11.224789246656462,17.457678808016947,7.734883230162415,-12.682035242507192,32.30992176404066,-0.6932192927721086,22.679491582923337,-1.2950738485342483
5,-17.314615965468825,-20.297154632678918,-59.259739230901864,-104.27442895675304,-72.97555414545785,102.12737071963127,-34.42598772516834,16.41273670280462,-88.06374492470484,13.231504331686263,37.88883504063046,-31.134148842980157,81.76169332644248,37.18912198617487,-34.29625977294938,20.29828949803733,17.743495432497472,0.7088788393461831,-13.53256461863177,50.371300611662114,-44.55903719447621,-9.832280113571057,41.14598453475177,63.01725355664706,-62.71836504414061,-66.9012321573203,47.399057706244264,59.31526728954858,26.733176905357638,-7.3986360305579915,-45.18297707880528,23.210135969829967,76.29183416193516,32.19311228951603,12.920864678856699,36.94158644015634,13.506500053103027,9.185923918227706,-11.445118684487456,-18.97916832058541,-0.10341911160329947,34.21376498027742,2.229365833242423,-30.109650170035533,-16.672697886316268,10.93795058505801,10.45172316724905,25.78230542298501,-7.283880954149185,15.257621253278508,37.657928325083624,11.677903646645797,-6.621510048513376,-9.668586859853377,21.124755097671965,-10.07286519174024,-25.090107945732978,-1.1641686603767445,-3.7969155016124345,-9.415414359678886,-3.019667136420324,-42.75572970862527,11.383561411768266,22.357141380091257,8.352481329181158,-52.0357120475497,46.14848527238918,0.34160578515611684,-49.583362029330544,-50.975770511009934,33.19301684528104,-14.565169108255532,81.29615092934374,-34.67775715515442,-17.25771556172673,-63.928186545266904,-36.645925972110376,5.504162914709577,32.211858198619595,-45.403307311558876,39.513272115300055,9.085878107760038,27.608421199020025,20.51698974958424,6.920727832287046,-10.180970601778595,-1.9042872360893044,12.64296655877799,-105.14300500346597,20.975954701602223,-58.0956279484229,-17.487733661191037,5.127510811139544,-5.993781436660129,-26.125058538913777,17.202148915848607,12.24480955170531,10.565064264182224,4.2948514725515885,-64.03554803594581,6.364048870968596,20.686697278758597,-10.713104429099456,11.99343582304468,-25.32268237028666,44.46460786324968,25.90400677812269,28.02603346728075,-23.46128300371417,-1.3555840474897898,49.68364220205293,-3.177456581858713,16.157264629147992,8.32798650406707,-64.43646013885157,9.661902300078339,3.8603609409035435,-8.392302448195817,33.85218403769575,17.112273826184346,36.935791175383734,98.52717369316014,-6.468558418406582,24.81699329877821,-30.14477471999638,39.237539012543614,49.01589440421352,-4.45610047248153,54.741436770441574,24.829585493783423,-3.2997383548526127,-19.803354346240706,-23.809706233753285,-15.812721990840354,52.39319000554879,-75.63716841149082,-21.868980927907586,-7.483501246373922,78.17773544782466,33.59222235462425,78.771555654934,-46.061463574244485,11.799748406677656,-52.98356778292361,-5.59580816053715,-6.962427122688978,2.3217564216081947,-7.295273166840488,-45.18690878868867,-25.41096175801294,22.621070245354137,28.293943691188197,-8.981847179130614,-70.65942325817302,-7.799068693642348,134.04765316507292,-31.102099881783353,41.14626919798368,-15.512457693149392,69.21685818251883,-64.45242741111569,-73.09316317628662,-11.558778378539522,-10.165359876588669,0.016806354799308254,11.985847148455619,51.67676402172171,77.54374488637627,-58.23445992048274,-11.285559636143303,34.22669888125397,-37.12321882506173,-17.146629416577934,-56.38280452905789,-73.32637603907641,69.5370319178045,-34.57674734815307,93.78506838007259,65.20526063419733,-36.733194457548336,44.83670726335047,0.9379169879113084,3.221393099773997,10.166957429759762,-37.71453128874245,19.040372249744944,5.630812387666497,65.60631735081924,53.0055225479211,-45.229521227656626,15.134960768010055,-31.886539643406802,49.897827638606714,12.03639912351376,33.64567143589218,52.08596570041969,-10.107074370962135,-7.499676846732953
6,-55.2137317721664,40.98782663725984,-31.143064593886113,-8.731819469574889,-10.696713992411286,43.138871035314686,8.938268070042938,6.292483060819388,-73.15062235296205,18.208424300677077,14.37291493773156,-3.4703129772356145,107.13114032879936,30.40348975432726,-11.321296396346654,38.229649127486894,1.7922668398458703,51.802586005660864,52.18081054638952,28.393153167091555,-24.168138710791826,42.476069041066275,36.62606326442726,25.059422483922862,-13.563418342386115,-25.64618897103213,26.969646475728553,-6.665073490678511,2.6859236911426523,-17.349612853909257,-5.2988791744609545,-3.9693983364726995,10.092503844253617,-11.782522286164532,14.949564225369729,38.108519538081865,-9.310466355549206,-11.358758215007208,12.71656680887514,-18.623480061276087,10.660449552028064,26.484055217227723,34.1816160784605,25.866723127552746,9.848412862847212,17.520802794154562,0.5691575770740871,22.77846968277031,42.67802191206087,64.01075119424063,-17.791134850717864,8.765586434092773,-59.176464714590296,-28.82409683743742,81.58567323106482,35.11563990178476,-13.03772563910263,36.85961695403571,13.271187518819943,-14.585290941913378,-49.245752646314294,4.702010226027274,-11.692568523411719,21.835691937904063,5.151960150473853,-27.376622803992795,-9.180672275035427,23.9871579770582,-36.7085116183579,-5.588181717398015,-21.23772185216983,-49.76473123457897,7.727728944158968,-10.706788146147,-14.588631564995254,44.90057104365569,-19.143418209596945,-10.472411341444598,34.23762304704914,3.1832233350246675,8.849519480597193,-18.91107923890421,62.89290502014744,-8.999790386946263,-22.033272949029325,25.595939197832006,-20.858551300463038,-42.30410375198702,16.743205374036823,-51.89910681792696,14.080585087543003,-66.0670229067732,-43.86485248180909,-26.274027901272397,1.7985012377114094,44.59361528331884,-4.921382532088344,-9.9422506061418,-38.57448805524304,1.6686504537995575,-33.77524327165131,-54.01458358291915,16.106728762316596,-1.9877855409694776,-17.67228542053926,17.60405419365085,-26.050235066622683,20.061523759492736,-3.6660187653861245,-20.352227788795403,61.75768258701157,-21.58522855590208,22.933221448537065,14.93986666345472,4.915275820690548,13.13835898735636,2.68892107412086,16.727557365960276,-15.802924530933277,23.159756807614233,0.05394992010844146,23.896920295314825,-36.84677973113904,-32.81735697689894,-39.146294587089656,1.353210020048401,-5.103976955049698,12.692444857164432,-13.205570197802995,30.777216712725917,-10.739557067548567,-22.068461457689118,-20.481836609064146,-16.081552992470254,35.73289528556997,14.986809643549769,0.978063418402531,39.8606911096456,18.370477826159156,-7.423764481027186,24.869627814458983,-0.2585394413606974,20.358161821795196,-13.80396851575504,3.2119082593823216,-13.755081397254472,-2.3233833395681174,-22.401042600922437,18.16349540494175,-25.511046609045888,-43.99917691693681,-16.953102046342792,-8.536851978956737,-10.8014812933156,17.678556996610034,51.10299988847581,-5.555944884352353,-42.446458894158596,12.273811249325378,11.542643007084768,12.189623253247738,15.408065828908189,4.625964470133946,16.455873088930623,-28.282899218193982,34.479635928667214,9.808876499685912,11.430515058678335,-14.36808135103061,15.794570066711234,7.85033283602712,9.723339396425882,33.71389053175281,13.19049690994035,18.51691143834993,-6.526416347780608,29.78200693715388,-20.66896010318655,-24.631871882521992,44.23130538550228,-12.13919526254815,-18.389320023902513,-58.70481997594767,13.437281521805076,-48.77314175510781,9.363998072874576,-35.99887501234699,6.211619968854427,5.012265640189145,15.64805118808317,28.72014298304408,6.827838780337684,-1.8871445648711929,18.47794315657674,30.982676713621643,6.793887945161752,-36.54512886573085,-13.139919905584799
7,77.92979460794577,-25.321763995250922,97.88078120041385,142.45307257608908,30.930672106152738,-128.49452021162116,31.064426129900063,-191.5957128285003,43.15058048318528,71.87046161310283,-72.61523933067892,-274.2707837805358,-59.356794979611124,194.7559554821579,65.05455153767797,-76.86467107668335,-53.93509105065174,-5.9075760602366625,44.689867647295685,232.7923649520862,467.34217532542215,-44.306125188201264,-70.95562860795374,244.54412091933025,-158.85012496161067,-298.7862198797535,-207.79329613763298,-131.95440766591742,144.8469655703055,168.7520560606411,13.448350567619125,22.787233863208083,11.039803833601889,-282.7830893143653,-57.413886021778495,73.77463787979542,16.699953645016272,166.7408661150634,-355.8131104841995,188.64687111742788,548.94971211243,174.16879489608093,16.576789641590302,3.1166877412996308,307.9108972591472,-88.1222373186298,-98.16762605549114,176.67147335606384,-58.60515237254063,-5.878874337687035,-126.4387412911432,-4.489449872127382,-92.08847109266837,-0.9142237778324516,-88.49222946731615,24.461553331173548,12.550437832947411,-53.271377208001084,-43.10025740805816,51.0836619969872,-31.303946672570913,-7.4617291457602075,50.32781249498508,-17.91061273009449,-42.727813532926426,57.95626485791309,-3.387054624274701,-98.3498809911244,-9.156331882718082,-19.732976258455086,0.16347458797171122,3.878140455752743,2.1261480727316595,-6.45788651939796,29.695430534723002,15.140456429723246,-34.445973802903424,-20.331068092297787,5.4682757263815205,14.864114723398421,2.456429924565214,11.904566681205361,-6.132336139240801,-39.69468828907018,-16.099311860417995,-23.671208640981906,-20.078389171959866,-7.314218490924394,-16.303609632624962,-7.9712656312545365,-22.00137009065205,10.757784140840855,2.1284391215435035,16.308707833765357,-20.520878931998976,-20.596124576854404,-22.88853140558559,-22.60984975083462,-18.04581994374494,48.744414033260334,-25.75859515006122,-8.702713404458123,-0.06532699058929048,30.47492568483862,-11.843509501023417,10.237571245506858,-4.0942288054311895,13.750658034269577,-24.02065275318311,-8.708001765273561,-3.5065457968341534,8.823435623453078,-12.362080625684696,15.80933010426311,-0.7095217719483556,10.839459492694276,12.221469528598627,24.34634972846792,-5.68448557760357,11.872815478612605,-4.687785347893701,11.261436523807069,-10.581547983637256,20.859932510232966,0.4829722015422042,-4.370858485593633,3.052959485935758,-17.348586682332297,-8.60416714051816,-0.1360440261835375,23.990699307317062,-1.0402468442967783,-14.904798271617882,-0.7136653652371692,-1.3149667627599246,6.975464012596294,-2.2389946264207703,2.4998248671218466,14.686816750108775,-8.879204085061003,-2.4781567946664316,-4.752275870067197,0.8754566695850091,1.2935885275031387,-0.7957973606543202,9.099697858632165,21.957608990395702,-2.389924126515243,-6.670673198676293,-0.2609442638964459,4.4472012470676985,-11.325263055314938,-1.5983605206742317,6.011972275976779,4.445661502114594,-6.321491171182949,8.43540286628882,-8.180685990700349,1.8709573744128796,10.637068197097541,-8.487436945486053,-7.872916801033421,-11.52535322660008,-9.959020987467799,-1.3789657147483443,-6.305036974699603,0.12142276995324752,0.02856556109261099,7.634556794030615,3.4848203362952956,-3.015275925519454,14.128777008952948,0.06613216545565703,-2.7944205441601464,4.34084588285676,-4.06321653029298,1.6925661582364908,-3.265514679565785,2.2409262390745672,-9.094365723553476,-1.376746794569704,-2.823795819101914,-2.18937584466957,-3.24359940363381,-7.640422257203088,-0.790203923885989,4.268504363302496,-2.10778609103368,5.400540568733517,-6.4048502594906775,-3.307907109198726,6.830446881418543,-1.9617634316462453,-1.4018907327851613,-6.331845148016957,0.5642955242773758,1.7547172812744654,1.4547207419983885
8,-52.91818925053349,37.891044427787364,-23.31882439306452,11.336730842037241,65.5614335930388,-10.200796789221915,122.65120405235551,-61.43988182883382,85.26124187241037,-26.776744106311853,2.9874357965958676,-21.009956726941905,-68.45744501245649,21.470950569993025,22.467439897589937,-28.676920502807118,-20.162525209542903,11.18623101612203,33.48156245962535,57.59035453029216,102.14275099274954,-19.255535547205795,3.192250555481354,3.369143197603022,-21.455683004343133,-61.50165296628768,-25.659300538881755,9.785787848439995,13.778983493692657,-51.29051031569234,8.621179845251552,-3.2001095424668273,-32.05728531066538,45.122778009188025,15.568058633643968,10.024276877758243,6.3107297486396385,-10.566811050249726,-2.4220180082919276,18.327005141965437,-44.25361171327378,33.037301755808464,48.41507279373578,-2.0533056631318556,-39.595325409008325,13.178497238043134,-7.3643682889985245,34.57944502507448,-9.940952148948407,-4.899195903876807,-40.11407529713004,37.01239389091334,-3.7195560027103856,13.066835096235751,40.937552981616925,9.269282403857115,-45.273088278168345,1.401153958557137,3.4294921075493576,23.192901260154162,24.85563594059717,-17.408467532688658,-3.636425495056737,-5.793478652441746,-67.75560142734938,30.120201954903973,-4.775040242113675,95.33703823959372,14.085731416249876,2.899756867712566,6.606978986635753,14.006658985862975,0.44593694767497916,24.359306189738277,-41.159212579226626,26.452110638627413,2.5382590075550033,-5.232175633015858,-4.3639825045310285,-21.795345255193222,-3.2343356849145666,4.050424480561013,17.23694748677521,-5.688890300373607,22.8096754996855,-32.88849825384129,-37.87817237042079,18.217427860055867,41.66978348705256,-21.188343872483543,-10.040582103284475,-4.915281611913603,-35.0775123709151,9.22629497906013,18.9266556924221,40.721684969355415,-32.51030251610345,4.278981600163257,20.277468247216365,-10.047695616203974,16.091529038891515,38.06551653054442,-32.78611354606756,-10.369703974292936,-19.329728554159335,-11.365559726391012,-21.746042742408818,-18.4745570378666,15.762279199936263,-5.77514270782434,3.6918058644299663,-24.25356255964835,50.68536012561576,-29.131972904667865,-33.588878751122145,16.64028689420778,-10.008571923530868,-3.747992790224861,-50.44100726210233,-24.664954901066153,13.527122211449303,-43.81037436226386,58.19064887943229,-21.928245109878308,-50.26486596627573,-32.46495649387481,0.4252106589754083,19.36858335670328,-15.48103750251466,-2.788310757840084,-8.354972642225418,45.01603795026362,33.62437895204157,1.257955318252896,5.3391485923988125,-67.67684016528075,-14.16723825942104,-87.18303437173142,45.398196652619205,2.6419674534485686,20.12004236189417,-45.39395405610957,-23.89290338489251,0.19487849558389686,-25.640716643839063,17.650445881519392,0.38840949444002165,45.39487123693918,-18.481525617074958,14.00476181343515,-50.856614135823754,22.787553593817165,-20.53554640087371,19.075355408885475,-65.21529032964362,-3.9841079391164977,10.02387399769562,-17.604006825892878,-3.1260050979300757,-63.19907099310673,46.079101218148445,35.33575045598402,8.241707392865315,-16.872841152880174,18.653521393783258,15.31858328559732,-16.78706688175287,10.795433984436723,16.074409544898245,-19.85480454655364,-16.694145440484657,-54.26658978621217,-12.552442740844885,14.053072871958744,-55.38795924408571,35.236299064028515,10.250055397242104,52.07828187463097,-50.45659674452674,23.033839972456,-51.509055646106155,26.78877792277899,53.601458215532034,36.876038881768594,-9.620562500758574,-27.788431055687514,-10.041523284558208,25.228086125391208,2.310864868126104,43.311509897264074,3.8125347280277255,-82.23949427961318,4.583234757227339,6.412200099917777,6.480870283819101,-18.20209629433527,-11.5124906777286,38.16747014469099
9,-56.02952207814445,55.92770426990661,-22.291857185806744,28.486876049986062,18.61179410760179,18.763586728424745,37.700532780809915,-1.9995214949733573,-29.040760792485294,4.290341504652391,1.2748375450898055,-3.010614785672448,41.30412060095146,-1.2268566518445279,12.555761849452653,13.229237720483901,-10.46342062926714,37.0667263666498,28.583224196157044,36.14668229571779,47.603278820839314,25.705015116803683,32.57716111471581,-18.29629460089058,-7.2926257005683635,29.3202649284886,2.5363588545298033,54.440491279842156,41.31220507105778,-63.77544045689933,-19.311520188195626,18.48380945012771,5.763530222684103,32.7136448695866,-14.037020745295449,6.954619823599814,9.127089707936976,25.491336007674867,-13.765645932799165,29.492861872720788,-9.49519373531474,23.626913953632943,60.22398454726501,-10.489069748211525,-1.949161934587623,7.908696136742889,-4.8285569963334565,34.604880858407306,30.24121659547199,11.09065680175664,-39.62579600855383,33.4086330378521,27.174023437602113,-16.70985145093096,35.517500286077755,13.837841438276675,-30.634223747390955,12.549621209521787,22.36032446651091,-9.029786357315617,-2.35873501408596,36.69102262005758,-37.03110628511026,-30.403789152644453,-9.559263123974802,56.75863251531659,56.260166078896354,37.60285219275281,14.749176424926755,5.391141316815202,-19.012358275517908,15.004082327295924,-24.720664157681135,-6.797336388270795,13.077374671433576,46.64148660315092,67.10147779399954,25.679738112499376,17.51572195763444,-8.331790680332741,-16.026459680419176,1.8762295030487066,-32.738816946990354,-9.834986251279963,3.913110447767761,-10.781820847437135,27.417553819753564,-20.618312728417767,-1.5201557933239795,2.102642944938069,-13.584386415559818,17.163668029649426,34.80996283404316,-15.694414898311004,-27.549407165715937,29.077800445062955,-14.808842403159483,-7.0114539299115455,4.341286606241758,1.6672580160515889,16.995366651787283,-7.455753974780542,-17.351103020262617,-25.463243130857663,7.818244095383109,38.38813211410992,-0.6199999469394211,4.4147602381808815,2.009988257192292,20.141178043081602,25.43444070411344,-0.935948442945396,15.076907641700394,-5.849109460751682,1.2283046367996475,36.16670701243726,27.801655582644187,-15.692337715493071,-35.4349605290091,-15.810853956433007,-8.851048107690383,-17.10073116278161,20.72476681506264,17.184362460136537,1.2728809763894229,-69.58285371793345,19.352413728945223,5.121495026483102,26.188459203397173,-7.065431191423261,-19.84024175664491,-15.25726389860363,19.650472538665845,-37.04984385586511,-16.984098115118506,6.59124710841137,-20.197764493145616,-32.78203768688565,33.08815388058657,13.969196662632331,11.003962700960736,-16.83624152121274,-32.75421470607225,28.445353780728244,-30.8144566371502,23.759041599982847,-0.32787959980945647,-5.218866365382517,14.363796943020448,-3.8346307188864293,-10.826922725254018,5.452959273016895,28.016410533007456,18.77363323438053,0.8526130021897542,11.238890081173444,6.275099321018096,-33.55513467382362,13.696690644986836,-15.06904002557798,9.669477018288108,8.57082577763192,-1.5700680625618249,5.887633032479171,-14.259635918296595,0.33000632466480656,-4.012270821610189,28.919127886107407,2.432593072657145,4.740668480931041,-4.1348536087682985,-19.696859168011617,-33.38277640081556,2.7496760082699363,-6.402271128313805,5.134442639460836,36.55908048866811,-8.32905718461209,-24.21416192483884,-8.103196301194584,-8.676381562223314,11.028207577525553,20.74330038845895,-9.688664880038608,3.9856473099708603,3.654445122604,16.130923669917834,-19.441441557068355,-20.98069692696537,4.822883420896496,-24.890509941450123,-11.317321548894652,-4.439631146802622,-15.23836087137317,-4.7795049393865545,20.66805152082133,19.010766823829066,11.851788292840057
10,-56.29700952736405,33.00907571879694,-41.85237714927663,-4.47456316453014,36.59265770403532,17.32930335296194,141.57201058215395,-75.0533236257894,67.79407846565746,-46.50924549032801,48.99366013484606,20.144446480742022,-26.654983460569543,55.62054856222863,-3.6299317633641297,-16.423256228086807,6.985070030013297,3.1382184347165176,81.22147666508667,29.214484333958524,8.759540090727409,29.35303993780429,41.62339958483994,6.8463557447657655,-31.49204613763343,-4.050259863530766,56.11434500010081,7.456888811115552,10.507832919345592,-65.25879951313131,6.304091525077763,29.889813514074902,-60.50443700086133,20.41585986307431,-30.953544921789792,25.608293503963004,-17.425523660741646,9.910425962697577,-9.616939543124602,-8.235778486344584,-14.152640299922549,-7.473812489392679,20.028833893229656,9.265148847054729,-37.2394652885534,-26.06523285263681,3.78127374333729,31.345772757044173,65.63211708919847,7.481347273699061,-73.75483951487787,33.7314099316157,-29.974182805108825,-28.89196164799405,33.562721745245554,28.969326942022207,-4.504190815529781,26.168203078201174,-28.631792404142697,19.968444770722655,-30.31477293762064,13.092048912031643,18.934485480790734,-20.446523149347918,-25.08718224301571,18.865250201999732,26.801609160716644,-10.43039162171834,-3.015423118528463,-4.799610720193606,3.3268990051914886,-17.069832390695684,0.5906600936035615,-32.93672020944295,-34.02386427968752,38.31521275484268,24.26973154246482,-46.12018682614563,19.462517004366237,44.892787694997004,-5.313439433078523,11.221743775628623,13.303732204882785,-11.117648307428249,-19.550842596399228,38.97454495080222,-12.90325597697997,-30.916051742402093,19.903782185502383,-12.71359672685827,9.55578471776937,-15.005614053927408,-4.282292212311787,-67.4824607799227,-1.0030841505273218,37.59272720988797,-11.923566351782389,-35.02212015661191,-35.31991759882768,0.053509548461785295,-9.166988786706568,-50.79236888160171,-22.672506593840502,-28.45398277959432,-4.12949838104054,4.731659926879432,6.24280000151897,8.408085702590702,-3.3157832652222123,-25.491589911961324,52.74330286494453,-50.680677123274215,39.26810973145737,10.782908700639712,-27.71297625657504,34.93584002467485,4.076023014549797,37.942068165830776,-59.16478499482255,36.9633627291698,-16.77119989183453,44.50589950204966,-21.803835586351195,-25.261995670006026,-72.73139080260916,-14.46123511161412,14.23743997833071,1.784078060647504,8.579741684447958,9.779545119768605,-12.401952204504406,-6.190221104185308,22.180813932777856,-34.22816504064789,20.634458388036016,-12.547738421875477,-18.220322459282006,-4.6006031193521055,31.53255158619587,24.935224010607683,-0.5003988225878845,-24.467941819113236,28.721332210335316,11.746000736205389,-6.471387516602314,21.71495458390751,-54.81580531572128,14.375184785783546,15.54515269189822,-24.03661782730138,-8.089310571715039,27.27925519694469,-14.156343802257918,52.278935388122605,10.00008343987902,12.43531892688412,-9.554293025594312,5.878652758353273,7.280260681560228,-30.42419202327475,2.9367874812060433,35.527610339543756,18.046257791704164,-8.268391238994374,-19.151958014455648,-14.273768718871848,-3.9931130982269876,-30.362929982661598,16.288508368709937,-26.857578067801647,-5.1947973861402446,-2.1796306417411655,40.1774632428013,57.77869920474523,-32.70396277381091,-18.462456119192296,20.356225757515507,20.0418681995479,-1.0133252198739344,35.473023112432905,-2.4851956185839157,-10.009417902512103,-13.078314394609711,9.061477991228713,-13.334476464784972,18.810903557291415,-1.1215890888204634,-31.569988796186266,18.728666910685337,29.996751516131358,31.832823393072804,-15.759695016910372,-31.21355931968837,23.88686502359559,52.492836886370284,6.205458802760705,29.19039528376348,49.169270694744114
11,-62.05905828657497,64.08881207634961,-23.392220272475736,63.034545906437195,43.75300339297433,-13.85519272820236,76.39954066298858,-52.67417909770275,10.276164491873649,2.3255535124381854,-23.598406002762562,-34.9132156666429,55.761536145243284,-30.32402322651788,-11.917206871336358,20.832240608779546,11.563236618059435,50.82574316827006,27.571023746937893,-1.1578917526869283,48.25340840586603,0.4158689390121398,-23.466444895148967,-28.58505663460239,1.523733338511517,-9.664764156579459,-0.23215612769108773,9.229873063312379,-5.901196742336184,17.801161621768575,-2.8244080794383013,66.89818458609008,44.71635887104254,55.25939910856714,-31.779647352240115,-9.057539733792664,23.325039352031897,21.602930566669915,5.323189876029022,-27.58592642393463,-25.711972284030477,45.590802201112986,1.4330044713444092,-27.580494976290314,-29.74939185772863,17.739047067992267,-14.047742081043156,5.303645964663928,-39.12189580366723,0.6666481583925138,-55.05808888173388,4.759188258744723,-13.590407082293437,-19.79149535747858,23.53726288812172,13.8348493910573,-30.96571157989443,0.6750339503576475,-41.01495797867419,39.06205971727084,31.950367383413877,-6.191760788998158,-24.682180316972936,-12.701405497620966,-7.34415586634326,27.286889037064743,-15.00680775124484,34.62873633847736,10.225276370476603,13.007938902103744,1.8457716564234747,-30.28487140940022,33.628337923138275,40.45899083516573,11.886043277143251,7.9763175691229335,-9.909169154401367,1.4453971540016999,7.45212731683286,-13.305676307869795,6.273419032981367,1.7664681740440287,-11.194626031347852,-22.293991721352928,-6.141869127681976,3.211816783088948,33.82247263751414,-31.31675551276903,-3.4619359471051254,2.134663621321619,-26.038797051832006,3.754130719971373,6.179688606771561,-6.344072132379074,49.80152679628031,21.19023798504627,3.4306337641307656,1.468101725615338,34.14139456135761,16.90216233331698,23.751987092563752,-5.523055991058727,9.653073693855294,34.30599911737354,-2.1837537677056855,28.52280566926555,21.812712528248664,-22.08215429821503,0.9394613381226705,19.596063687594693,-1.567493873851926,-24.76880648723934,-2.493933497253595,-7.825697260290138,-8.559390458619658,0.7970931807370478,8.613772548040682,45.6437527460263,-19.287658773754224,-23.64818050065488,-1.7401227110932116,3.2175726545087797,47.11545234006961,-2.025353427843173,-32.71003916997469,42.83067758825554,17.56973692995057,-12.650713193143993,-25.24219847858762,26.74436195452252,-19.526035751273515,24.48987585637334,-14.999301095427487,-0.014256126824511828,1.0660437919155132,-51.061544940417605,-8.461383336663147,-15.415780534143675,13.027026773289743,19.899481577339596,6.046383562603698,-28.356207246698215,14.159581037289747,-7.588400559338451,-6.409980894196443,10.111114656011889,14.271419969158039,3.650467914765896,2.8719470052172196,-22.417994104393067,5.047571237542616,-48.66276928243054,2.070319942001897,9.16997169042638,-7.554423203621263,-31.50829347627614,-20.222659604371373,-13.413722349118636,-38.92642869606843,-22.361340252554676,-2.85777098378163,-49.82606211995229,17.461373689166333,-61.3702037770101,-1.8670703458384572,18.859055129090528,-4.857612544360929,-18.50625194576498,-1.4690912202928321,-41.257029670796314,-7.404497758929618,-29.130142715836058,-8.274422439053383,22.826596373460177,-25.595131272679403,2.481833910692829,-31.26871529864447,3.4800506745663657,-5.628546449618928,13.302442175077825,-2.6861306593209555,21.09947095792309,-27.870477003778646,21.782497633331644,-11.556572176389833,-19.17276040091862,3.3317504451553828,-21.200008263580404,27.225126672073714,44.90860942871042,-0.15386030850667298,10.598194968305085,2.6256793096453386,-5.51888128197219,36.26727916448388,7.230531713582596,-1.67906361567383,14.131341238040992
12,-12.611500514801836,7.652628284347538,8.834773792958925,83.95075094207903,-11.367897249837098,-66.28568814219301,-47.51439230034829,-47.17969598988184,-50.007265376425735,72.28466932442399,-47.05295425420464,-90.15909815140955,95.71599859325919,13.886658510872678,-14.900815493745608,25.50979533868289,19.040817982466983,4.007157038231693,10.435490280413203,-33.16461102442784,-49.71865478755119,6.327112606997764,33.57004183360169,-6.427978956525804,13.604367410088713,24.39098982101161,-17.53666476319147,-7.301312844069804,37.76481673174481,-28.442118254181754,-16.140314818517577,30.01801262658267,-28.389234977780063,34.96898354464113,5.575873347994228,35.554208511229774,53.508562451739074,58.164981739120016,29.7357426501113,28.382863314194108,17.570519293781977,36.55938345936118,30.480397358158992,-1.8425721535261013,-15.741537869202523,-44.65054824975937,7.4962341885167465,12.318612915187197,17.522889824468724,31.488166087009564,-48.3442462163851,-17.666032321024055,2.2929726804131967,-14.715605830839975,-17.05396929170073,0.8709406411533485,-12.894669057361119,-25.23720695728484,-27.74342070917042,31.877991869153085,-45.13508303679784,40.714617627602095,10.386309280003761,-117.48220033193513,68.76974765750916,-89.28357386281309,-12.654385420386479,102.32874227216408,-31.771061479881162,-19.567343727118473,-5.497779355835604,-104.81702322461061,-48.60159972022713,11.543333809998344,49.123227539669045,-0.8457586659677034,10.172466219615544,44.98586869638798,70.27537268444564,-1.9054219279074132,26.369427678668583,-60.34197461196597,28.53206886742649,60.22473532004755,-0.8061764562540764,17.111778764732644,151.38197567291417,-139.30211722176455,-72.80684333620923,-52.65443735136191,-44.23835262447124,1.8720366570325828,35.505044800421274,-52.96552011153216,-107.83525590046992,46.92179694218308,117.76475004118811,17.380271705231284,-66.9253276128441,-64.22712907518215,18.663308759067405,21.433489343136095,67.55755892714645,7.225514147166551,41.134255991512774,-27.668096106773433,-22.93842304627113,174.7789900819814,-172.46156568591525,186.06565004221443,-105.2772992353183,84.25367101625778,-4.553771219740721,-56.96821049048243,4.025850963991132,96.50286990159188,9.001512341192027,-92.2537100060401,-146.76841828002173,105.69778255206423,-82.92451161986136,-18.373814932239238,-20.2605041010297,-9.845329683415532,80.46011788930134,78.36293439549202,-0.12548507397548825,36.65078054223777,-25.670030385991517,69.51000674291184,-51.13638077042355,37.961909073321024,80.88259445938075,-94.35282653761251,-12.056839513419908,-77.20639663960597,84.0693783292087,-91.59626095063803,17.03450069753103,-11.423534332237821,-39.36020397580673,-17.629855104281088,34.01196903858641,-8.36961204851141,48.02338053418314,-79.56461567234267,12.260374031947679,163.62289210160867,-43.59962490027352,78.65429801630285,-44.84941586811997,13.3498821635452,-45.92713301160936,6.391382026809881,10.35489649586554,22.089964385279007,85.29334232508873,-58.3219687876961,36.64030618880121,4.010844991893061,107.62675256417317,-91.41985100504252,-25.536233644494033,-55.36476792187461,-29.022933489128086,-10.945286025755141,-12.39125142705954,45.303737717499686,28.52312199085024,79.49376453470258,7.685521897413583,2.43548711031541,53.13215341628158,5.047452146675427,67.15673439970507,0.6808631232040859,-27.124670132661734,14.900540554515056,-6.407232841683475,63.05200657701033,9.272499674696766,14.128741698472776,-34.22398316912406,16.2777823053075,26.123284743798198,29.797369792027578,45.31948202949108,-20.942910603128176,-32.46995174993007,-30.247415878995866,2.2326780158539443,0.3684888500138981,-9.881038970174837,27.228131885444213,-67.25580322300506,20.151730210172165,-15.947285177809576,29.747358935699545
13,100.82231257682815,63.74835394954285,464.8449179313441,-23.49320877500454,9.175477933016245,-36.622504104620816,-23.114010998020227,-5.274184855127362,-20.92697354214365,43.4441236734685,-75.2321385639195,32.421277058322644,120.99432719188486,-40.596583827176325,228.58233031846126,37.574324621365776,39.65967024871167,-126.38145503747128,-23.59921868621452,-13.149225120512504,-201.13506524178112,-12.694855918479114,-65.80267097008479,28.794936350900922,-2.6060615229055037,-243.11080293250086,-212.87541072745717,-114.98101083135562,-33.80497089417903,-124.62777177898552,116.887292025165,111.82096233735395,85.67316289962854,117.85654626952409,-21.903025532168083,29.051561806405,124.3796393518281,-103.11270443615278,-15.05069764695616,-10.707339891193612,-59.020686291712416,-106.04197763808483,-77.71223022773893,132.92931532607233,-67.29777580631696,-47.29241021049558,-84.79978778842869,-39.761766344687736,85.58277898676346,65.9509558798519,-115.76872755921593,10.017152144603072,-255.39587820282398,136.9764598875435,-53.458121895824725,89.70660090437538,-78.15174504917366,43.63139472830414,-74.16394366783682,326.52355723095195,-337.264229980575,128.53483248439906,-165.42294738179902,290.67701532647794,209.9528559945067,37.676607404595956,-39.46168870969374,-28.050047380720958,55.82751590430375,40.77194647843812,129.8937972257407,179.99422512360655,2.6831161952826856,102.35146773972929,7.895633059964745,20.179956863503218,110.7670302034765,14.650723526546178,43.60010819843297,29.411544533565863,73.16945165012945,111.02795801313063,86.74331463381422,22.846124103435034,-16.74135560776726,-23.160369954266347,-98.67102701413629,86.09460914728764,-10.592448334591847,18.37100787270055,-63.57410922798868,21.96862094898273,39.71641754481497,16.57263315995358,-26.260112715794005,9.56244581085815,28.40296579363194,41.762709966492075,-30.14822924179573,-7.96371816949312,9.723227072039077,15.333563900699811,-1.6899923012300662,41.144108792474164,13.2052778796164,24.093810472092517,17.99232977530563,30.095336170826595,-22.365707318077035,0.6518462276979251,-23.09997224492287,-1.8034962458468091,-23.84535382874086,-1.4175645564002517,-18.371437077642,21.13706546171809,19.768956573803088,-24.473764368127018,45.74365512568531,30.92165322481749,13.796370795614944,7.844742327942978,22.596942174737702,-1.2990491227949676,-9.475798765158727,-52.17777114901598,4.488130040888507,-23.20356701835463,14.317374437983707,-18.85157869573143,6.247767519426187,3.41453051619576,14.202447360155327,-27.51652702534799,-25.788760917342003,5.510996204395312,19.687138494674862,0.7337188567404445,14.362870614767226,-17.034583473258962,7.7081907084035,32.98323303360582,-15.17388168027786,10.999732954003132,-11.374700085503202,9.340032278657134,-12.400735713059934,-14.067432066532753,0.9638414141325011,20.488278025439772,-12.456907030086404,2.6764368719157314,12.375466072706244,16.44051371531455,9.247806659783176,6.057537619097454,16.522228784182634,18.897669147118883,-0.28628874525101566,-8.17385022592188,7.580298276677428,10.925331891851503,-15.110163642815678,-17.45932505011341,4.8318763847451995,-0.9601751230590749,-0.9459650054338312,-0.26463633044085366,10.860550325677806,9.423226148391855,22.211835326638543,-14.648382084199696,-4.917058702667465,0.3778458406759291,-21.89307906553021,-9.62672322204622,-7.743677209905917,7.075677835410203,-3.9535843568023132,-7.254126326954408,12.819486523864144,11.268068472769471,4.193451540356445,11.361271007419102,9.062219827633871,10.353682279327654,4.30915233449436,0.531642073678702,1.167354775559689,-1.112564561504938,0.6521314574302068,3.4811300688625613,-4.896179345412264,3.380803461304392,-6.761312732305888,-8.508919037649518,-3.746566043172287,-15.520374159470023
14,-69.76885017711645,80.83956285293046,-16.48603428489323,78.85741128175606,46.20873809594206,-14.555076493922389,40.94563284285651,-25.479971346655912,-29.7961105970207,-0.05275605062243671,-10.339829706634744,30.798754566191587,65.98644780966377,-68.13482251860798,-28.340821718604676,15.646931446478439,8.77220806405001,29.12843663816772,-1.9704339321016167,-37.285575645247,-11.928579103648243,-11.02637228078377,-28.071843817099374,-21.670391340467944,18.587350925791114,-8.083732816266473,-26.99430533963124,-45.49670281493265,-11.635462486607034,33.54785691238006,8.179922973507194,9.09472356450694,10.69623412688841,-20.618927198852287,7.179131020671812,-9.51313498480403,41.59555596537963,-0.6458286821015087,26.641343726515768,6.143204391739885,10.824401959173406,28.94593921904542,21.766913275241805,22.171229555592664,7.430891413516377,14.573132959041732,32.235757928720574,37.54517287684757,-16.986260651081416,9.681568551178435,-23.646428349804633,20.810764053310937,-26.821418425311112,8.714209079673289,68.58773447396308,18.158242598797475,6.360936274093662,16.174275326212065,18.890871727745587,-11.940352718553196,-11.886367668913262,25.619952777465823,-35.933692581176736,45.68921380201537,20.39537812085434,1.1409401314654566,22.334454710094068,35.26814921452242,19.887985124683183,13.349153665269636,-6.378976268147437,-26.526826230040008,32.05149559858175,-1.0448538935515337,54.867430295468175,26.49985463187577,-32.96063978195459,29.04455717701714,-15.443004110920526,10.134428136384418,3.7414852367080482,17.500860724750535,13.17752985012414,5.46137883385535,20.92923335179271,-20.33597287769505,10.749642018911567,1.6393533466545926,-24.570833499173627,-33.3652103136109,-19.134733583557185,-58.964172024123265,4.622501802337801,-15.16818674927868,13.67263061314348,8.381713694197101,26.356773919861897,8.547016925706846,17.04862177843067,42.75790078824426,-3.451410805757268,-21.675664754568142,26.605870632584477,-29.95708203771725,31.43375441239907,6.684825371548245,6.892387561561096,3.310536148090004,21.28447630738695,-3.3056113179273505,31.964876427532044,11.782695204211642,13.897351749822995,-4.6849951236709915,-3.8693712793226083,-3.8072649814885273,24.890861030319762,9.320117603004535,6.091170076238934,-11.443208239777654,4.90792748879041,-3.014445273950363,-6.321001749249049,-13.043273261134487,3.2470843228071002,25.09813687342065,7.200930112376161,21.563311863780164,-37.70271126063693,6.044980016907677,35.04815898330566,10.24827536306899,-22.304653675802182,-7.816611447186581,54.572109909649605,-37.92726188066093,12.684661244635015,-2.900206470543572,-38.38911031951597,-9.65005819056618,-17.489998582037007,-19.808340371654936,8.98818223741304,-25.236263902856248,-6.461209287492098,-9.374690666204566,19.906142203766297,-7.4499146234833065,21.046650428711725,-6.548245976401062,-14.41899883842294,-28.22446982230724,31.914346823424896,-3.7554968994913356,16.77022540243307,-26.755182764211696,-50.253499802554835,-26.225756878286596,16.96521542598405,-6.671057567836198,-12.607402456920408,-13.055435930083158,-5.980793061896633,30.883327261650606,11.032136266124347,70.41374174718915,-25.967219559711552,27.60973504975879,12.31464254952949,35.651679936277496,3.3369721567106008,22.364427732677914,18.966861574380697,3.8468353529089834,2.1531911274756954,-25.345224035398726,-33.697519998665925,12.39752032751244,-9.725327778421885,0.2594476033129069,38.33961253466982,-19.114715238529605,6.127010189797847,-3.2273047554276517,-1.9848970669833883,-30.53071069867946,10.040685255800426,-9.244377552761682,31.336199398290912,20.18047772935059,-3.8586088506096408,13.974459399397531,-28.87502079921502,-44.50002755208517,-16.342844030800183,39.56568175654717,-19.61634632418452,-24.424003820780232
15,-66.85885658501299,84.68497370789972,1.3870169124188678,81.16156275428789,63.780443857538614,-16.758254934176286,41.9616777503913,-7.065147396545151,9.1112064312379,-40.25541544248939,23.351033818223307,107.31069275399281,-41.128670325319334,-79.1568187605285,-5.148553614669766,-70.03253056851487,21.494053732870576,-44.984099053918875,-11.470045924568822,-28.514789862848062,-0.39254608453326656,-39.86265239284616,-3.6409900808601927,6.703369365920307,-20.47365625406498,-36.333289203113345,-16.09792479227976,-40.39825353975808,12.79351412538818,-11.112009602548358,23.30173252756559,-2.8789679319603594,-32.34303845304054,-8.620317780260521,15.146883385780043,11.284661836892075,-15.07636991187802,-15.980589421932708,-1.0998492282407875,2.4786904319088747,-1.7315264560647003,-22.193834057201983,-3.950810265864369,-5.778124267596052,-25.61650626493435,21.592814770004654,22.16954950903159,-47.19145600764294,0.07702820796741927,8.693785025793977,-13.547720901348137,11.609702847602872,-18.894758005358177,-11.04965492195884,-0.46456626292734404,14.807158490560042,-25.06996563491692,-8.03778123129086,-22.521865801342983,5.998807281629913,-21.57244841151234,0.9250633076808712,6.229491517320821,-4.405426425576846,25.5871247616295,11.810974149549455,8.603396049729756,-3.4334792978477626,-27.979583861971943,-11.177885079611364,9.537573978844145,-19.687874242004494,-9.660955859387164,-31.37803590915459,-2.1461362448029817,-19.01296342657505,-13.7533092892937,-6.77265893316272,-19.707835497941883,45.20352807614851,-9.248017728014737,5.710527883437036,25.761951821809152,7.928101831473452,16.20515681077772,-9.950774318178626,-22.066330120009972,-3.1208665888549123,3.541020979031343,-14.123835441510707,7.095846753037338,7.594683752465348,-10.572579390506107,2.8011969170279656,2.3442309531211345,7.2414715064937285,-5.875063969221824,-29.706292428122488,-13.888096476397635,-0.33187838206965853,-24.508069141778652,16.891167735291315,-11.144463803105735,-15.862642558001427,10.147139681140835,32.82410874255757,-18.47807885123938,-20.55363531093769,-27.096391279008227,9.148076601984005,-15.216812482796344,3.4583875596736164,14.472922337918275,10.675339429292897,-12.679910566214023,-1.1276391841642963,-27.308125021797792,8.584516831039126,9.174791670051514,-4.871801844062565,-20.70207806683131,1.0723003460200171,-8.448795140057975,11.043399104917437,-23.980210139539487,27.775518416720697,-27.096001134619847,22.4996865652299,-4.6912368460429406,-10.096334775135876,3.9093972158432715,-9.36473600288526,-3.209311815725206,-2.20369025578671,15.93471489957652,-0.8016363109336437,-7.658927923927525,3.3889762470776095,-10.0613945759164,14.589828996089645,-6.806364712033162,-4.751028550258215,-8.73744476043544,18.052683570898672,15.597784481465402,7.465843968759546,1.0804198937950766,1.7758656239014108,14.59544834783183,-8.181938242628247,18.5761198641182,8.787552488239486,-9.207751260457497,14.63549907687741,-11.099612114166028,8.655333636771717,7.376640336866722,-20.404461317601786,-13.89089066315483,-12.47900116492361,-5.497042517170882,-27.106952584194307,-7.441363030100278,-2.2520466753167057,9.174494428717782,-9.25410243400168,13.441488057002227,-6.831894739044509,-4.55957202298336,-2.8691760092506278,-6.520899066579519,19.974926803255396,41.43513314249612,13.670381054517152,11.519056186755044,-14.876653312790452,-4.069704537091647,0.09357671409935803,13.998749718959553,-18.70759979975963,-4.4251004798969396,-9.553511220342589,-4.762637476328572,-14.895295329702531,-14.547495655044715,-19.39875449104258,-5.5023365319397275,16.13779447993378,5.318320328633924,4.139252193339061,10.035468040680975,-0.13385105096354905,1.2618119351350687,-9.386672074010193,-2.5323124242173507,-5.481719163862686,5.855029727245843,9.159008572524604
16,-54.65859859531542,44.982769885487684,-35.501166093696746,-26.335608813812527,-7.682386658703471,65.33432777058806,28.838202405079386,16.99825680247631,-54.805953026630256,-24.072223428401514,71.2808871590087,80.95495532736447,22.257466791576984,-11.242365208167847,-19.60949328290141,-8.339105193502284,2.0830453693033038,3.0759569930707453,40.47850276419698,23.82814020226198,-14.081829663555933,13.385927872844498,34.58331465535939,11.203211442484639,-24.296717656911355,-10.02175972710183,-6.1428193611153805,25.127667342405186,-5.542788140043664,-70.86772520610748,-4.735619749794546,-4.575737227922829,5.509315053050395,-28.329204915792438,-5.95551364731843,-18.033948660868116,3.381874767915292,39.048654524414275,-5.228955346384878,-10.251210070742799,20.60522534496048,16.498704010090908,2.9845846434654515,45.83799369867755,26.180647208745775,12.889242968539014,-8.923188014743797,-24.693756523930592,21.338380612706093,19.6912815934799,-7.747496949739005,29.761539752079777,-10.309322652712572,-34.24851460501351,45.70284453106404,-0.2617204956077672,-12.039843695461574,17.55831320103455,41.19593139479026,-0.9261940278637896,-13.542443831060929,21.439894171532046,-25.291898279499474,-4.929132892352122,13.031987187782882,-6.94375610289343,-27.10889829594431,12.517230500144956,-7.266867962354583,23.24182473197257,-9.826116448989467,-12.150595520902225,-4.79004696882278,-21.898072522470912,22.61701215793623,-1.9987075869681652,-27.68107577779663,-12.691556100075939,-18.450998004232314,27.65281847454064,-5.319584569366426,-18.46852951194031,35.46197219597446,-18.359993180593474,6.7979486864589,-22.780652318829535,-22.238128105156214,7.764934781948494,-5.906070816668579,11.884093775439403,11.187610991003192,-4.950441892188378,-11.298355498603698,-2.1500919601194566,-8.178042422516485,7.393021618826888,-22.195389811286777,-26.537173167740416,-6.661458457603673,-12.121469904138625,-26.453654472247194,-17.740843699804014,-3.2571512385618417,-21.41844113601503,13.23529895626498,14.808451578921094,-22.775762494698462,23.777466978228656,-8.174902226372797,-17.77399372802063,18.8931383725384,-7.9219595628805894,8.786689090200062,-3.7894506171263806,-19.497517252272942,-22.041317428749466,-21.13577567887046,19.979061524941,-13.171089318450473,-0.035907413202081406,21.34580707317729,29.263558913095768,-14.2471129864385,-4.474435548668005,-26.435106135937925,13.286534384883856,7.835976964116859,10.610712452363993,-2.878190369369299,-1.7504998309729627,-4.357644619347046,17.376650155078455,-9.45813499837302,15.764764698684827,25.267672772799948,14.520185379644657,-18.983194801241307,10.050016512416223,-19.714108991296307,-1.6210594972894898,4.927915455415053,8.026966016642167,-12.326457167369389,-22.24406454331684,2.461093344332422,-5.935001612563207,-6.9638292098281775,-1.164485833220665,10.68405358104713,10.220108146971818,-27.31991698507323,-3.1213339335631405,-25.15377174979269,7.437496997803283,-14.828592743245572,12.489895718295985,7.96663306504582,2.3125567873002386,-8.619505041771328,-5.336514233738721,8.602424397727841,18.583366787117136,15.437715183607656,-30.35451741738845,-17.252132609858606,1.3516067266611729,-16.74482789458636,-8.93178816991708,23.319988090308527,21.30395698637955,3.3733392087820717,-10.53315059390403,4.684407048187236,-15.960320095072118,-0.3923481333096822,11.66176507910098,18.74551337750794,35.98030431685117,-14.410142430509499,5.647289637138649,-8.572720887745078,10.939842174027445,-25.567774151228623,26.631484338849525,-13.156382691421552,-13.48167089974008,-30.067612423836312,-15.009423240355966,0.24399080154572922,25.468579730519576,7.825172369345127,3.088100355944687,8.104647064077708,12.019628554476128,-2.94978081956665,13.577694365937166,-1.6025910671728179,1.2980790682147603
17,-56.00136260278529,71.95793699011682,-4.584116572137619,54.62903339433314,23.549172842106227,1.220143061720235,-3.1105171948131285,19.11750767582682,-42.624405053715684,18.53944047189389,-10.818062665944572,14.299493377788188,28.596076349115584,-50.28721527559937,-4.475636585502798,-1.886427465269556,-9.924515584973284,38.80376869020255,1.8426530991706094,-6.182237000701073,19.210457055775308,-2.1417514782191147,8.430489256629192,-31.551920827693316,-1.3418657867561183,3.98893824517085,-17.599916317804567,9.22761943736309,14.53744829617258,-28.560867589585726,-10.068679654343178,26.348082855729615,4.428673737210729,-1.730360231484676,16.167711850038966,-19.23346509515907,17.90987323464301,5.8942689029690865,15.053680871655539,39.57123820482646,9.327472022765019,15.329761366257184,35.94337213005778,19.356580949569594,7.510357390638588,-20.528448527171477,-7.689175152592463,33.18349744230114,2.1698399197520315,18.177182203701115,24.717446332866015,0.9330708530112831,34.18733232251848,-4.225006157636252,3.708710805513526,-3.1059301686954903,-32.21323858359903,-18.074785890567476,-6.3294033396774925,14.699712602061464,5.537586030200378,-1.5840617402997337,2.1782562239934173,-20.668628440839445,9.351864270546379,13.931512458142835,4.393193438871709,45.89019994226216,-15.46280508107472,7.849988429119061,1.6861954053672124,12.09225195302678,-6.456950582466808,17.529598321528827,30.324688287380233,8.820313223557601,-3.462103766272072,1.1672181530806953,23.03566166253925,-10.713259169462864,2.5154666053777546,-14.980118419341329,9.260842025726259,16.446046205737087,-3.882449794105883,6.4818143297427175,-10.09699319559686,-13.073693965072943,-17.03970832475166,8.935481046509128,-20.102225601009835,-30.6461549482685,2.770077799828787,-19.070988994168978,-10.754827791044406,22.919841793468755,4.370782408634867,12.82799620982257,27.386698869580872,1.4960706176304253,22.028283189264293,17.71787792807169,-22.314114173294282,-18.079389655544603,-21.35837094191425,13.551377259169131,32.081367446668246,-10.575508138595975,8.479729054490349,31.530018075777285,5.639547106968326,-5.008660591989726,-24.535531962852332,26.35464467506217,-14.703068627120523,-2.3058182848655964,-9.393853119115816,-24.117591825663204,-8.864535855896436,-0.5118987201999083,3.6270422870688805,-2.004295563301708,5.960423844077332,6.122715207321021,-4.22259903601938,-7.927615914035056,-23.126687734726058,4.928171457169838,-9.535359435268166,15.652929843621779,0.46240586321937904,-35.9336227561041,-7.431108132168582,-12.764530046770666,17.088332574679498,7.9936287124442496,-23.817688996328027,16.811900875757562,-14.500060556111196,-14.778136322348894,21.299572575629032,-19.185922271886668,-17.6008557101787,-7.889400754363314,1.9486499792358374,14.811655652694737,33.26997005011332,-10.467818393262272,1.899556270645001,1.676579514108761,-14.22515113937231,-39.012505314829724,-0.9723342899823559,1.5657425796750668,-18.182141466927487,-22.8908729789481,-0.7461882456392287,13.086602486428495,-24.63196979847674,9.949246520336196,25.809475908509544,1.6428970080509475,22.54569840908995,-13.814548499199944,4.847966660968329,20.318711003108042,7.596887021462709,-39.76835583210531,-29.17140578808042,-22.56618362129011,-11.087526066136503,-15.017561891282245,-3.5930960257123647,-32.20289566258279,9.414403134587808,-13.138137713586126,-11.72322080398733,8.121068391941677,-16.880475507002085,-29.185203980242182,3.0766955712590294,-31.57918852779377,-2.3504837770264624,-5.0972325846805955,3.3553203082173266,-9.539417528547322,-15.852769533773992,-0.2799695478946916,20.81811433429244,14.892158367182521,5.642643402357309,-14.763132098102759,-6.375339323656263,-3.7968435610599367,-9.528744844342715,-0.7539819580848548,19.31317302963551,17.819348224340704
18,-41.12464861085617,46.60666653961522,12.92690365424946,51.19388499183557,18.24854254326028,-23.602235033699817,-60.08469919505955,42.03032644929971,-35.17732194643624,21.347580059212813,-25.457687715329108,17.61748169031852,-32.209167357121125,-43.52126264186364,-19.762701949519492,-17.602114064927388,-22.93021764446485,-7.579089859653057,-29.28090867626251,6.208776766877316,-12.221137075470658,2.9587518935013586,20.07495727170737,-22.572073958932005,-5.523023282232103,1.2768988453633798,-63.10692202542567,19.238313023792998,42.14378639718778,-27.016908703131858,-28.271386014898592,-0.5084120253302391,-20.088993556185635,-20.003055506887733,7.017702559547659,-11.781572827332177,13.859117777878645,20.365545511985378,-6.203289041192131,39.74328006201177,0.8467227634343695,-16.51980159046633,17.55405882167601,19.147040967862637,-9.864948790159255,1.9333829502272024,12.759319952568829,-20.792208088002205,19.14310130886141,13.044599146107137,-14.092450896145523,-8.25148124098302,12.45260574505148,2.0577527426406093,-1.7040318403478465,-15.05545008611282,-17.71572417137842,-19.522702087106932,-8.900975309475633,-0.5799955593705629,-16.869268198035602,-1.1862907125577444,3.478976619076557,-23.679951588395813,16.637768105897813,-17.93472209491603,-1.971011919739018,61.73763936985271,-12.355757452684806,1.8896011462641014,4.560969155791697,-14.181445646976126,0.19677075952188605,21.36135592647589,-0.14234278153673213,2.594811574315261,-6.762484014220382,30.915151213213925,2.7896617827750014,2.632731725228528,-8.600287742142463,12.299914728425732,11.933240103367746,-16.427187060975307,25.52985101151656,-4.056390438596404,-8.346389254372761,-0.4115428790386647,5.9170134119535085,-3.4150677562125624,39.82763530969192,6.582337581273185,-3.5809384296663125,-6.308784471812305,5.976244644350341,-22.677857434720416,-10.697591495579626,0.09571713253969721,-18.420883350671133,-24.519363853247878,-5.136468324557343,13.326806878394049,8.816442878627576,-12.962179611603341,-5.862511420974817,24.455891072536165,-3.054377272208319,16.795372351619356,-6.604300909284845,-5.852436449574646,15.436462350372173,-0.41123109128884056,-25.400573233016793,-7.181569193973583,24.684084657509274,-11.853283172981952,-21.214577636009523,-3.1438286950312615,6.175777564021114,-15.194773958090117,13.54261714851183,12.446267624525952,-18.322091505541263,-22.44979040978345,-7.51462114879938,9.196527235100175,12.097323540692214,-3.1477645021653835,1.8125671931366028,9.571624088303583,-23.49418703052189,-17.001502263518155,-2.3576837328635594,-13.61164044634721,43.74815451321806,6.772707295649124,-15.846011473366515,2.1681384581923417,-3.085378951099381,4.234310937247157,6.033139108909327,2.913997713932622,9.044556562410474,4.944663557385328,-12.381085398050326,17.13422563630574,-6.9552061246042385,-0.7540413823851075,10.647683740104537,13.250988176160376,21.04163342178272,11.67414019585132,-5.551427273937971,3.4990109472270423,-3.970061238964319,36.23825162680592,2.872911215619741,-28.201804130831853,-22.949570312965232,6.359075421631291,-2.7007070511771163,0.4732546763775513,-0.3637764933821508,-15.725741446984557,-8.457976243693782,16.452954341714772,-22.22042625205698,-15.869468557031855,6.618591026673678,-22.899412972093064,7.394730236910935,18.872754028454914,39.783432950923306,-8.422255322655118,28.794707826654086,-2.210041304825249,-21.79982702934271,6.614191873310606,26.09682853657488,-19.366017494315486,1.0445308336223813,8.021823758529234,-19.27163431169448,21.696301286094222,-10.121449007704726,11.93355654121516,1.6220891086890865,1.7123410374876484,-2.127510304230252,-20.405563863414827,-1.2413686401394768,14.474434496374721,-9.902041866959141,-4.510448645055469,9.69582543837072,-25.881748019537696,-23.771275883564247,-5.672163167764763
19,-31.86716431901758,16.929739187878745,-41.58929462025118,-41.534232823995104,-49.10950576761323,73.03325860133403,-42.91918797780018,32.78851008795838,-97.69283930035812,21.874862323133545,18.06500077795405,-12.750867396673618,112.95338516212541,5.8206905645645435,-21.039414181646936,20.099650907077294,20.494056611874818,24.45299921169452,-1.403055656185686,37.18473796981412,-44.59765974339873,7.696976532632082,43.48500709261015,61.28146889965742,-37.9088495790075,-49.973397299108655,62.37686518980145,23.740231997099688,20.70764276548022,18.744909657737395,-12.185340487065698,-18.47689131238564,64.85537840227771,21.711036835833664,33.43597292477555,41.6377709405698,-31.214996506815556,-11.76171454323704,0.9468590932638371,-9.588209183690084,16.521311570907017,47.01822276784825,33.081275148741675,-44.41333114597875,-11.972733179276164,2.2538456924147856,-41.0198875040618,53.24939490664507,16.661147837653346,23.76391032383117,62.78454990505378,-4.752400933946902,15.491072063823474,1.4060461951077976,11.690347424355064,22.003242579502842,-29.91775640843232,7.1328285442808514,4.980937074629956,-15.716038517890198,4.520961436568266,-22.05955539479,-22.025186774007985,11.028378442902527,1.9733929248830784,-23.125606420990167,10.365271466365268,8.301235980900424,-38.90457126102088,0.3453672459872562,9.391920206727942,12.874188764287023,5.5298925065510085,1.4710408293910764,-4.5509919397148275,-20.70012654883941,-39.09801746370743,-3.0915029645028076,30.299632227694236,-45.7466526575666,-1.2742627422004285,1.47556806058622,2.9529600892761594,31.44105042338644,28.371468979506552,1.2246600916333454,-13.42880959582736,4.878055358159182,-15.405979097515477,-12.78676163392463,-28.9249814653431,20.64808383078737,20.835251315666284,-5.626160378886155,11.786215874127848,-21.913191253027186,14.363159503470122,-25.826618379791373,9.330343364878646,-18.878370198856157,14.635054525391322,-3.1596199247902215,-9.684080534145142,27.656372430051704,18.174431078112722,-5.559522503461311,2.0009879358310765,-19.441350602299554,35.491049759812455,7.627838051999237,-21.557679829073912,13.596605249620207,-14.068370303429425,14.900562989221157,-12.855766342597585,-2.1973125419060917,13.798995368319444,19.34464691639571,13.323266692579399,18.34571305203795,12.857315296656937,10.68583649754559,7.200578199424462,13.520626201283765,-8.724808063234615,-3.5496265968937615,6.520337801740567,-15.254352978590097,41.97093897825825,16.392348387804457,-15.284268326390947,-33.340042853520394,-22.56178551482517,-10.289837943688507,-7.747622375284712,-9.50704687995482,-4.899440495082451,2.4143357240988133,-7.240434822015405,-14.238410861924061,31.039571867790624,7.8905074773479855,-23.111493580804563,12.666990333698187,-2.047623038023982,15.076615617866668,20.408521198900107,-3.157094005629214,9.900289036789044,-8.581410756620242,-13.17004997572307,-34.719525872381126,-21.319648796438855,-1.8109257774709726,5.227085570754786,12.698986133824526,-13.123363611201123,-46.24569439405403,0.6479666385083416,-8.825555860953065,-2.8056259410055198,-14.9954500503535,5.8567419029144165,-13.708716928600015,22.165716528162974,9.666376067597875,21.865654083275327,25.630257124881187,1.079900034803386,-39.294095465535385,9.098263198335626,-9.829580679847584,19.96882287240004,24.04967910218128,14.257614174675453,-44.34543938316425,-5.72165895053384,10.600855073538801,-39.11324291540127,21.413377416689777,15.060156881748151,-12.791823106150677,-14.559480198513135,23.398105048057847,-1.2861267699611119,-18.77240197418988,-7.903216249227859,36.21355857938451,-16.588657857010645,13.15464696696488,6.175978614848499,17.622034517351725,-13.735261518552587,-10.085305003607731,-0.3787203426422289,-9.981268805967337,-27.352865702645545,8.415244365665185
20,-48.350147367127555,12.147928701759708,-42.23789359289255,-35.15761995573747,0.6302773410604785,25.403571019749965,92.92660039881838,-69.61329807237135,34.83995789385238,-30.265779429764645,43.464393649688,-9.565132518475432,2.9512980374789883,76.83016699493182,-12.361946489580093,10.459046559828115,-20.37278654247379,0.6648079847334398,40.84839213266638,50.7669641547725,-18.38598820440915,57.05847403187073,19.700003109562726,-19.262115086841312,3.859984624951845,25.130433901031623,-10.511795945173525,41.96006182190967,69.56181185477533,-83.39797561735114,-16.85022851122886,-16.335421470490513,-54.54963980117129,-27.842748512635104,25.532829575052517,15.514489836519049,32.96957088693055,-10.12786685107915,-11.898228649505386,29.387531596859098,-1.8348140772658814,-17.276139122206292,61.092283021908614,43.43836239639163,-50.96035327757438,4.365972398338306,18.377748100430594,73.37899464724546,50.40520120077056,-25.8919093707927,-20.166284450853567,32.267066765967996,-55.80736482100004,39.79708389777465,-6.300398962137336,44.8693957764788,25.715288160470955,27.00604401328356,-12.40662575230444,-70.23985692094298,21.53948433345389,40.16041650076927,9.119211295707636,-1.5100184434121107,26.438794195289212,-7.54954467328919,46.688897761155054,-5.049614227541121,7.002241347916559,17.293678395110774,-26.76420817543936,15.408996657263721,-37.416949893699105,3.139133561746813,7.661301773218115,31.149664264887868,12.263898921386847,-9.398411783684562,-22.31666031496482,-36.30755719116869,0.19243655000803284,25.311526964942267,-6.045405758232489,-11.82671871689183,-4.940622012485171,-35.35355392058726,9.734811304745472,12.46375368618384,-52.894267145694414,13.687807231965099,-11.738241761054951,-27.859952899620506,19.180773472684173,-34.1697372802894,12.415039483465264,47.66014096352349,12.821897640753098,-55.89054642658913,-43.17971789710275,6.960616810027896,6.16658448388508,4.3148346448853285,10.816386135605669,-42.18325133683848,-49.16023708757411,20.718157651366845,55.50969172119641,22.938100054715033,32.264278106059656,61.038155386150606,-1.571624424763833,3.3802948596678375,22.06304581867928,-13.905470667151283,0.33326539846482783,27.8309454685295,55.75929289933542,20.792575219665647,1.6192301125973116,-7.1405343788194084,26.10581453123894,-35.59473697634748,-18.44037712463508,3.084012943318702,-39.01295944132165,-69.28391429127781,3.4325864302757214,-10.280093116601195,-50.94308332692917,53.83093259871199,21.082910331427453,-20.735395504422872,53.373009550199995,-0.14628990146277032,18.191815466790334,19.3628365936309,-21.435433489624074,-36.91917473076898,-67.58316049770319,-4.521192173094017,-70.43129240166085,18.16516245721428,-57.69853224011735,-19.32560527160414,39.45676868132694,13.540800096907263,7.627751616167619,-19.763920376592658,22.611112431092494,8.20496777567734,1.2020291505672709,-12.55159144537767,-18.661224854161148,-24.831540357756438,22.60813082268556,-22.505515464096522,22.142022282401825,10.719055762000675,59.87726848679706,-15.536637689426456,-9.638720207025244,17.00665291317366,29.835683724359814,15.27349424742033,34.869383331982895,28.540939714896677,-7.998959248234293,-30.54291205582681,16.71515907414544,47.728550230943355,-5.356970225661509,-56.8922658214246,23.97621086733162,6.458797871798339,-57.55234254501088,-6.349736652581585,-12.390208778432958,-39.242473761785625,-31.343238755250436,-103.44512253780063,10.772656854575983,2.6265041626799244,39.238213602443956,45.47901442243379,18.57897644640488,-78.77867050937884,-2.143913252679411,-24.116183923079706,24.895528098643418,-31.496959759615763,-6.606957220272323,-25.705674869344524,-30.059671801261505,-41.98336542685467,7.527785337917679,31.48348668988081,22.648904918538886,6.62260018198406
21,-67.27198584915928,69.41021843891342,-20.339261227165167,67.15650781939677,65.32980000043132,-27.78501593132689,117.94768060452664,-71.48077488055998,58.41054161094358,-32.686489008313934,2.490046686444272,18.786904301373045,-15.933978639653194,-21.793608015234483,6.719761218910881,-28.478140634416025,8.593359504977624,10.302283510728973,22.36729071961342,-29.41540601783942,8.650581465534714,-14.61415474488465,-20.979635380951922,-16.83031722360773,-18.729543560165617,-20.350004068375156,37.461269574588556,-39.91702374660999,2.7448184698387275,-39.98798873891018,23.91733908237345,21.61028715952789,-66.4318454134541,-19.326789901683764,13.433311860728457,38.81625028820132,4.387092384760712,-26.587104494417108,9.380663598043274,31.95332885126288,8.949573168293531,-31.911109134665267,14.62050144758963,1.1409973505138842,-58.17032165347559,-14.344443233260767,21.104626620882147,36.33382609959028,17.565389325111255,-19.251470368143973,-9.608408326588604,10.868342597798344,-7.831332231630996,7.298436868887325,-6.8917749623257105,31.3785396100544,7.185128200629023,-21.930268228035587,-43.17595210579663,-30.219652989658748,-7.054696431969626,6.659602067992113,15.411430755263646,-24.355578782763754,13.803852483923263,6.342899216779759,17.537406223646688,-22.209859265417577,-37.95268068979512,-29.325616386057728,25.01828798337629,1.741399931105744,-15.055752185334338,-10.751144078137024,-37.050313792560175,14.9740953222673,0.942750693909582,-3.3773378996754264,9.890408914738167,-1.0868576671925902,-26.53955516915503,14.113640859448692,3.2173721901693177,-13.72292487747061,-30.77965018598365,6.864620896996569,6.988241848900646,2.349423112694258,-6.548781323779504,37.43502856665014,-25.72109208108957,-10.579453526607193,4.31899654401931,-21.676916742270095,-19.566897934672493,46.23873033946973,17.545430017353077,-4.270033239012692,-12.503748883018591,-6.617413539824669,5.551041645963976,7.923271269060931,13.430037944440137,-48.57466739607253,-24.887067868609183,36.50492534174112,15.284247474865031,-26.351838988327255,-7.866096184829825,10.282077202955435,-22.510782855518844,-18.60969801673763,26.43003309112698,-11.5565121906514,-7.000249679416326,4.833157641155328,6.8534323684998055,2.538248395342422,-28.250594278630253,-14.923673921684948,18.539861112441635,-6.059346379137781,2.650465855004232,-5.772348671715584,-38.88828353903418,-9.930340126068295,-23.099168295764844,-1.1186466028209845,10.393052488063256,24.726416129670785,-15.38063303883421,-42.458903490746984,24.99830292899339,-14.489647528535933,25.996490952394044,-6.220273080792758,0.7044194242420058,27.428479616749524,-17.511162541078576,31.653354258431897,-10.854871730188663,17.266205093292943,-26.888116505915704,5.040030926330687,24.262607569089994,40.51456238655739,3.2697390923059646,-0.5949817406428392,24.767096876313087,1.3377030205725895,-11.146104511495336,14.413671228222364,-6.150640617794719,8.128121277133635,3.569753531051305,-33.15640437684285,11.576807794032081,18.45972817488931,-24.000257430536053,-45.266641440208424,-25.464857860169086,-7.137499960446883,30.56898102061837,7.063343074364428,35.45142731447529,10.239348913864847,-10.149797923618205,-21.906326717068513,36.208056998114195,3.220897490485925,-21.085821953935834,7.727635736734907,30.97691105600979,17.493812457427644,-5.394399942290088,1.8556477001844462,-12.644296006959973,-3.180686541936147,-29.893461063614378,-42.05787919278391,35.78534099383922,-27.821083512319454,-5.479800138175881,23.81069931886876,-13.84701113938031,-20.38335815812961,-13.215769803757086,23.998643475611438,-6.969112416502661,-8.814529691429755,14.119006849682146,-17.526833093187253,-6.220222535191286,-34.52140320137817,-32.90858417568954,15.469737432758317,-17.413014668517803,-5.179110602083911
22,-61.51360028108554,80.89710478554785,-1.9877933926543891,68.52435240351767,40.39122290595841,-5.275143633497125,1.6974127468854716,24.13220733156344,-22.370146651479622,-7.665670095255811,11.766611474039223,68.1456241148201,-15.344822862407236,-72.15807234254126,-20.686040693726927,-28.139998978870338,13.40136879170379,2.0039270543516916,-10.447878856359338,-14.675777549957834,20.77763783125694,-12.14692764141209,-10.496635147387614,-13.153125260975967,-11.089152705163448,-27.137604379384197,-35.91082899901526,-8.827620579115434,2.4411998530192403,0.7067539124969271,0.8625502770935829,9.73798915922166,8.156277454858973,-19.572725415310313,16.853992417965436,-21.177343283554503,12.670948613359094,-14.363279063241803,6.047727695941082,26.284216769410023,-15.123865656093592,-8.088626101996416,12.361376929555801,19.76288849661396,-1.7882363169288054,22.425652086499735,10.964703139202745,7.421969416273441,-21.566510726376674,-30.71454871507356,11.227555208208697,-25.93442083501084,18.401735160531512,24.684081498446513,-25.456334444307306,16.518544050233704,-7.005198349117298,2.419621158452397,-8.847143863047542,-4.719092297750105,24.11065027285301,-3.9336152496574637,-10.067924764913476,10.395444864634856,-4.1308574644627205,7.458119032592048,-4.158799452744718,-21.445094538301944,-33.33927369335283,0.7833174267230011,-5.462262629472324,3.78924974438019,4.040588863389991,1.7624976631806277,28.617503413553905,9.40291784697066,7.063180149046514,10.961643610255758,1.098623754587063,11.298285830360241,-2.6179503577240646,13.439672719254531,9.700791621568033,-9.69257748457144,13.586159798687092,9.325949567990829,5.556745568608647,-5.631599265937623,0.45827882544948223,-30.95166484255011,-6.934380519016627,-8.51256344279432,-3.604715393679368,10.102369281685428,-11.311269680294101,-7.519085729749356,-6.547529689205209,-7.715029073106289,-17.051605520899237,5.353559860988896,11.969580444493939,-1.6935138691004807,-6.091608987822563,-7.912347183534916,0.4229802137331918,6.541394319078812,-8.8556308899401,7.901465925984143,19.514347217642996,9.326518765643929,-8.673122102565499,4.312908510173118,-22.94428874796323,12.701075223982897,-17.540510124753414,-9.121652384629435,20.085395851129835,-19.677174326161623,6.001443404010024,9.954038636822032,-8.521312023300435,-21.130000779120213,12.203592315708418,-11.595050775833506,10.497454755290496,1.84843267445508,0.11725857917091176,-9.040923646956351,16.627902508734813,26.171708477306748,-9.03671727574598,-11.967631237151425,-9.759199393643625,12.902158056133564,16.587509184882837,-30.213947233858953,-6.388610857395538,13.011055511106374,17.51480555182339,6.837513139605693,-5.9603650637371555,-8.458444611464238,-7.7325579418316766,-8.908127205168357,14.383562085960053,0.17730889740504988,16.171712351065942,17.753746802361636,1.8121105475840205,-8.542963862043564,5.1958903365519635,-11.661339703924327,5.3306173869318405,-28.330477006682106,-5.048926144548878,-17.588987429506517,-0.34184075641071465,-1.6366894963984944,10.693511457379559,-19.449439711214893,0.07694742356857384,18.409792723300168,3.904351084244704,-16.409892023572272,12.90474790862719,-1.5978847454454679,-10.80191326438678,-12.490600014001823,-0.7817369074101588,2.2710037121205433,10.987303828045961,4.06919263620442,10.580104068976238,2.7480732510373387,-4.312658829692363,-1.8836053808395143,-9.097332492814388,-8.397971159644527,-14.354189607068399,8.28662206057756,-0.9782010090358797,24.077753273653258,-4.760702237482224,9.677966828439667,-0.9826677613635613,-22.154013405993794,-0.24440836513132386,-3.924634569300588,17.25872162728329,1.0150240527073635,11.182723928200051,0.7933283467517425,8.75113378048959,-3.2192558598653003,-0.7085118048144894,-7.44745746373485,-2.94552516194674,-0.22427448883093218
23,-38.01566325984074,19.339968422226114,-34.37477718676847,-67.64211805949306,-25.507648652726836,79.39301477689123,25.050507519068045,19.270186356740574,-4.554152378670738,-56.373226144316426,88.30645887281214,88.77955873045059,-26.606516601105795,42.92974263475739,-9.067008379124475,-52.024379726272215,13.933020018599738,-47.964035831795954,30.203013972774993,42.34372559034983,0.2700947092590066,-16.424754168745377,25.173067623313003,57.7777767694385,-21.032487031079626,-28.64991677877436,43.3390111677469,13.31656575523289,23.45656664799007,9.566255480012684,10.220396311890482,-32.350777371953846,-7.369638110515368,3.446142456735653,-33.02706735180676,38.70119646903292,-22.447631243026,-21.492004734099723,-33.65562186117099,13.087558413173358,-1.9208191313299736,-63.215196093101994,-17.720340783197212,-19.352841041564986,-31.532230835105505,-38.62722293913894,-9.536834027200195,-28.229348213898422,44.25990429590334,17.149531350687155,-18.20787053845687,23.296252791841415,7.215149478139706,-40.784963426248765,-32.02682518043672,-13.147269711766754,-16.39600077550813,-21.68505767293983,-3.583524680168848,10.370614024814142,-49.277025415052854,16.841759431670095,-4.875422303377757,-26.855281225256995,14.86892196008471,-26.8843523692235,13.943265979951647,38.33637427313201,3.6515648111876167,28.773059574110064,39.76966536570669,-65.92585665590738,-16.027222237043144,-19.859543179214956,-36.80430174292714,-5.593066305673605,-11.781416686540693,9.138606540868452,-33.14318079319104,15.354208867488655,-27.303490333912155,16.638417543407666,-19.939769826798685,-40.239581440894476,-60.782727020984794,-21.664451585494582,12.216696886583104,-16.392174498807233,4.8308149501806525,49.24226152535705,1.3289860326150436,13.119762804147681,-16.90318243915703,8.672230093996605,-12.668256577216678,10.423338306807956,30.626218006431024,28.080271783777025,-21.89580086417703,10.646747613879029,12.928330774650727,-9.555556197733504,51.46718604149299,34.54197388474956,1.446474701115924,-27.908959108392914,-7.299800633304804,-52.52309842353189,-25.833191703820017,-27.156325422446333,-73.83963323609402,9.884959908121008,38.7404303829899,11.957453438619464,42.671905417807174,-12.68152805766037,-28.735169572352557,-7.00286434179584,-33.85573979657079,-34.793327817698774,-4.020109746271445,47.248944540053444,67.1760368483412,-18.127939014421287,1.4012029588989556,4.322344974604419,-25.12733101922367,34.287824174231424,-56.59013689482968,-12.812447307153226,3.5831759387325555,23.69944360054,17.40962362077624,23.16112647191362,32.96338339481582,61.62632544883722,55.36270600059902,38.282459641399015,8.697140523183037,3.1254661775871844,8.370512797200535,4.52378961538538,-8.221384723721624,26.312975252349112,-0.16071723418372177,28.409077046903427,1.191741998048887,-34.616131456693125,-12.913203858743499,-31.297816538031462,38.62748059696828,-16.44770829703514,30.996344055769555,-7.16463742158112,24.204987156560367,-45.828545791490605,18.66500216370436,-29.57746987715141,49.25439242589554,25.70307242909866,-29.59356024847774,-49.32611484560358,-73.98931190981713,-13.705680104006243,-39.980437529988585,10.542766139425424,-2.9994525936401315,0.8208009020147304,-78.95480750883465,9.346117380716112,-18.489734560006955,-2.73835322855142,53.1051643958086,7.57821700029215,-8.793867884938432,22.422654201613675,34.62539457390181,11.678945813628834,-46.37767745132661,-32.864929834846905,68.09249497726587,28.20435864920284,-86.91681734124003,-6.182429612572575,-1.592035518468629,-85.52213423510261,24.845638791571723,9.773479127038406,-51.42791874004553,-17.722228886586077,-16.81670706789634,0.9380818720622301,39.249687805231375,15.860261753617278,62.68103284116886,-13.198274383537756,9.32614873342472,-46.71278479884694
24,580.4250336542005,75.77644882322656,1949.6251856967867,-274.8821083693131,-172.4341658843236,63.20135165290407,280.2644200169448,-698.2059724656826,-844.1593633271914,-118.86557782237982,-292.4722284994753,145.44469081282233,-185.5033478684106,-0.07054852833567704,-391.2960462936758,-106.01728947150427,-68.01059514920972,124.28956935233757,-16.56068362522936,-37.28432004886743,128.89620993197858,-64.37661954368652,20.830005189261378,-0.4161596669329215,2.7682434151709887,83.18630626057362,93.2661853048693,75.24283492468405,72.33432207387875,97.38885043663461,-77.09630321561077,-59.03586956969089,-91.59565468694173,-14.323132543110887,-9.69609900887771,-29.664096531758588,-7.994987328596178,0.33931521473221515,30.130440269180305,-10.7119799981486,-62.84749007018511,18.572070022603953,-17.549174429869563,-9.227097469144407,-20.94481083392472,4.919492172882951,27.133161915866637,-1.8505295050866173,6.135290739994689,2.0407496426125507,17.313195542095507,21.38518741467571,0.3274447204264006,-7.1457888438814114,9.235505097984268,1.0372548311902001,6.292302423636876,1.2223859432657407,-5.670382493624332,-8.861232341644206,5.912729656220716,-15.665971258203724,5.767144168808084,-7.92520322613308,-8.817635613170019,0.10429906414300394,3.2102336848699995,-12.448216049674684,-1.77094849356835,0.03010248533901594,-2.072220415243454,-5.419592548193432,-12.368319614627971,9.917097841877604,-10.68860691159942,1.600280568810872,-0.5415320877307874,-8.706790428723876,-2.9061993659711183,-7.912512367738502,-1.874547373477161,1.1768552975132645,1.5956154760977244,-0.7629986097010322,1.2520749266973714,2.748524510194923,-2.738177389692652,1.1272961510111976,2.382092797467462,-1.6987444692025306,0.6433551633850159,-0.401136494296368,-4.944856122412498,-2.787098024885013,2.206545884651543,-2.0785765197748773,1.021555499602028,2.347734655261746,5.645482884655336,-2.607802707413174,-0.5647097853666994,-9.186007226369286,-2.9149958823555266,0.12380702589245196,-2.693289462811501,-7.391921005005683,-0.08961443964990234,0.3034409171005339,0.64120586988364,3.0604267596821293,-2.5364373052965075,-3.26037530902754,1.5915370379276714,-1.8285720274105544,1.1450651935237532,-1.4576777355374742,-1.3324953625433889,-1.570234975703973,-0.9098101368834386,1.5921728630504262,2.342867513127838,1.9075609107474012,1.5554356789220343,-1.2780696487686831,0.31155090126275065,-0.6340747655349928,-1.1009243707303653,3.7241569321539765,-1.9861328501312285,1.70382527344259,2.5066597988617376,2.6705247303404285,-1.753481533004407,-0.01981424755022676,-0.06494124642948762,-0.0025755703942662578,1.5415896664599051,0.3212908763407909,2.0083974909518694,1.7412474745385957,1.4694012615800547,1.4543497249128334,-0.3401552892284794,0.14318162288139025,-1.0248417769901332,-2.590669548713878,0.2093793192870752,-4.008818471520439,0.8817584903210718,1.6751260720200365,-0.5293586364705773,1.3142954020152189,-3.1705676900436175,-1.4791272943955547,-2.600623948073637,2.221821300484712,0.7117744153679064,-1.1040293633008087,0.42775293723627605,-2.7723757259506474,-0.9029176734083846,0.07940018424609124,1.0065414099542942,0.6324908397192366,1.3261841742421683,2.59401100250527,-2.018284345564248,-0.1963074859211827,-1.192405605987335,-3.0991721583910556,-1.5208315989780397,-1.3709383957656212,-3.730110487992623,-0.29923999774254906,-0.31550209006977514,-0.2647920950155939,1.9421022460580815,-1.2299923530196297,0.9085272144457094,0.48470642866468516,-0.3198584405202327,-1.2861848914936727,-0.3306937570967807,-0.2845199935453355,-0.7262109533125669,-1.3642853920579996,-2.3232897475244436,0.42658272993200796,-1.1902790762354303,0.8966393206204282,-1.008510950871031,0.18301427324654762,0.31724435753097735,1.4428176994178168,-0.05226634276234643,-0.6348284412380499,0.3908454158273176,0.15956729156969518
25,-60.9897946165717,78.15815609830273,3.190630339315126,67.5307267258848,43.49752322178132,-3.954775941041294,-25.40295475070201,51.417529654893315,-24.760239353740406,-9.33808714403117,2.6401864203897096,80.99861995183389,-18.55513482251669,-70.60866704246878,-0.5317789900003804,-38.51917945674003,9.767887173828145,-7.443587083325315,-7.058467405423603,-3.2012273556966466,41.38369122295602,-12.633536224808877,-9.553804964655354,-23.4299550501116,11.327903290430829,-23.43181964732507,-65.3986096134232,-18.733431107841895,19.397319649347576,12.60457464361501,-11.187836025506712,3.573374402353212,-4.896227595173299,-22.95401640038333,-1.3161301458439567,-15.86134089973718,26.193223773434635,-6.779262803933955,-12.330952586414845,13.071528459049805,-28.554991056428516,-15.366250355856646,21.667534437319095,13.244058923345339,-22.49908713242006,19.316504660245652,5.83391663911802,-17.65302195833113,-19.176124585205933,-8.95565217959514,-22.56689256734916,-1.1159502855713055,0.38285204552174157,29.568759597799186,-7.489011570049172,9.808873179262662,11.008932495325368,2.2175717891501687,-31.97311034535936,1.0736575130366908,27.96931721345635,-15.297144577583037,15.14885810548388,7.489238104916028,10.727062347625953,-9.016699781331287,-3.070630028535717,1.0857794905630858,-11.449075187953405,3.3541357862381393,10.100317934859019,-9.239460928722282,14.038171673128797,27.822132640146304,25.96371159402695,1.7558723935220504,10.162962025478208,17.393712313312,9.532717957913508,-1.8140361747211664,-12.992962343516394,-5.56322080301052,8.81590257833684,-4.010735539404293,-1.8035873023321374,22.608904860336636,-3.258888414915469,-1.7333079733143708,-13.302037184796358,-26.391504240660485,2.3616590444664447,-15.108293649870376,-8.353622394022322,-20.618345572133357,13.235840884658595,-14.677236420084649,-19.033629518553287,-24.718430536589548,-9.696214228898075,2.1902968058045924,-8.197216401848827,24.400076479396244,3.6543976213116545,-33.129002054133096,-8.109742433910395,1.943072336644791,10.471565116014338,7.751223437450466,24.56097801941125,12.726670615312013,-3.4897969533708677,-14.69770349176395,-12.139976553163665,12.938786230160499,-5.87951736053998,0.869655766517648,8.887018899731775,15.920695611824538,11.981666163215479,14.807722988496353,6.142466965396245,2.559806684895642,12.887613814192935,-8.864257766676296,10.483641981700234,32.93960168996309,-18.20900743897189,-13.851179051156542,-2.415452418782547,1.0128852621382771,-38.42328564321523,-4.639134216598283,-9.9091119503658,-0.6671821113588787,18.502132798231806,-13.438478915738754,7.250199291725403,17.475942300318454,22.304333583892948,-13.73704578593395,3.555322456317554,-16.752365364004277,-14.72043667914235,-12.242912479124001,5.018260550002519,4.978243502492671,17.196931953870603,7.549086968912497,-11.776406050339041,0.4897229400368719,29.159996661946597,-15.361049020553743,11.70768239699329,-2.895095306069454,2.8475526795449637,19.307699516507956,-6.723632056699096,-20.78421919716874,5.623533931423177,-8.681264472446689,-1.1457356723987562,1.073617468461655,-4.962351546304966,8.671622341014842,1.6504275216348414,-13.29259764104226,-7.137019058472003,-0.23980647340023956,-14.960368752577695,-24.928934242378837,24.086400707323982,14.50379388704667,12.05274883803362,-7.152592319964685,2.424626954635873,-31.207760201863806,9.284099417163624,9.045727134551997,41.26542713969693,-5.822515527923772,-15.607218045829109,-10.145607189934562,13.975536603103349,8.209266977931222,-3.6603083085556243,-45.51181742279051,-13.72752296495916,-40.14784413163981,27.89328863989128,-14.645031746400628,22.601711491009688,16.229365516657936,-3.606799808223189,12.504731455380178,9.664141638072266,25.791300755356495,-0.2697898678023346,21.183871177369944
26,15.841341208528611,-85.44831228536157,-63.46187447480947,-134.7435632755629,-97.56205961453884,85.05167511463819,-22.718413312187813,-2.698997015513826,-45.21889520396152,-26.712452055490605,62.62615650249847,29.960086757211904,-8.79391987490845,-9.10933612389305,-27.75474582895662,-20.48835502428187,3.7398489569269096,-65.99126925282596,-51.842443986324184,-46.231886132251425,32.38827049539095,-30.870467968668574,-24.316233568655665,-32.134137295894476,16.50939897094122,2.7054919869340033,-57.11067019451434,40.24477554184323,-21.578769952168614,-8.197881400371735,7.488204015947428,53.00011189981839,19.777972058393654,-23.449745387849994,-18.73916474786686,-13.62466800692047,-1.7473866909651443,36.231681806389986,-32.71585721956738,28.578367018788214,-18.481009771385743,-1.775123588552044,0.5144984333559964,51.53549034502994,27.23692510016462,56.82533967187348,4.415110164342373,-57.64084749187137,-21.849980388057425,17.346919443042026,-49.08231666396075,53.33744279156904,-53.61341848512833,-28.54973327627422,12.522384999551207,-31.467091956170563,17.93589497144366,47.269685868509534,-15.507506588268361,-0.5223504845842313,4.072842499051664,-3.526422969668953,22.69971710550884,47.636427637322015,6.0572827422500195,-40.02065176799811,22.993914290086376,-96.5686697936587,-28.817051199503567,69.16224970305856,-19.511934227989965,-89.67502003145549,45.916887609903256,-64.87330300049692,107.34789289573673,-21.66480892291782,36.29469180171961,87.27714739063998,65.15851080722169,1.8718299771290396,-6.702596428316738,-39.447516002564385,-7.6801342193645565,-6.860561303208204,-82.28720487784929,7.25854958376001,10.101300341038414,-44.7459213027607,44.774037988006974,-25.053789231431868,62.752788644657244,-80.50177651464277,57.96037659961781,-52.316486112378705,-38.98478993683235,-97.67921707621045,-88.05521073430788,-38.13932696284476,-22.111600095052236,-56.830469867345755,111.30573337234601,137.06830280073999,-24.645389978115148,-11.967159761322067,-85.43374589926162,-89.02410684947223,-146.97753201434273,-78.66747221690716,-99.68480306980443,-109.87249057268006,-50.29214561835331,-0.6863990423171976,-24.322465316467937,41.930914618197484,-81.7985203807147,56.410257508791624,-85.92134991631299,55.34676667006068,44.32469711266556,-62.303681925424335,-171.10819126274856,13.774374933785888,221.6943480705538,-102.75418681509245,-40.79073458469812,62.57154795803444,59.50357567692131,-35.78941353010415,-21.206650595160312,37.14072011833609,80.97368759679108,-51.21764728971575,89.81724750661485,-124.70249693200948,42.068980033628065,8.284159251624613,-94.9726089333701,1.411649310659835,-45.2130945719387,-43.1726801334764,-28.915731598381768,44.076735546344004,-64.54230410846813,-65.95628178160112,-136.4031545156549,-68.16123552099198,-105.0246384756028,34.5405504725646,135.62244225483195,121.7869544641636,-62.51410766709627,10.78605140217347,-37.63326048982944,-74.01476157183816,0.30134392448212427,-0.9498211974486643,-18.96766857185661,-32.23324397841013,-103.24977926248036,27.0404961213111,-80.22421927034434,-32.54023863383527,-69.37722823311398,19.133283195802612,-2.571297782919123,24.085984482626152,54.309066185983276,-28.807730623722442,-29.529715738454314,18.2569823372905,31.630577671442524,-34.01514347514154,-44.225794657795035,-20.35297766129477,28.041841092184868,7.868948013520599,20.696821462554777,-1.818095740033102,-67.83909003657901,-18.70087345768614,-3.3036888777761986,-27.83690974017163,37.15651065283664,-22.50037509167663,29.11476701763214,13.463452544287646,33.62750755984373,-6.827596848655955,18.08589317578465,-8.427382437708436,-31.441828382981292,45.19362169135847,-1.3976334848207,25.793246654564754,-4.1500683815034645,-49.957083932489795,-14.511624943748703,9.774924032157108
27,-33.859562766453045,-0.47507245046081836,-59.893767513781455,-98.9065121267902,-50.065807847648095,115.1376960050572,14.509880189514497,24.19198726974329,-52.66700910487096,-32.77522947869454,77.2529715545803,61.5335124628419,19.455985837006935,1.4669630767823116,-3.6183943175057,-25.07947427223685,13.719752112520268,-11.93707654253733,12.65621540692446,-6.532783344256124,47.85331784843163,-26.004229612645986,3.226458625280864,11.11349510710263,-11.905050609130567,-9.897737544505675,-18.100574893494926,22.53223828108145,-47.70905179801038,-13.157524175847898,-14.957817308158088,-10.452936721644965,-24.286546719767742,-29.565218589347406,-33.322060020198435,-21.39284715204611,-20.113285968008494,3.323380817761961,-23.884623988689732,-17.628153322137948,-7.836534479347288,13.730624128914789,6.803960006534199,59.97194607765898,33.5707496658619,6.167613430740896,10.694178095172832,-19.66416928926856,-24.54507021428094,12.454683548194412,-25.9690497661399,5.345450946795725,14.175348763893371,27.415841590064268,-45.05518132891225,4.042256234362391,42.60039473039135,13.17698644496249,36.61025431752582,-3.480359539858556,21.827348363884244,2.632442449983169,-17.0138626212153,5.928515671110743,46.487050530081305,21.58901897661983,-57.54516447622814,-1.9661548022311703,29.011505930757288,43.94926685166707,13.634485171075916,-13.833368723294019,-19.37383644989607,3.107775079162858,41.17544478277996,-36.70620264761849,31.166052443392523,-1.8365356747388946,28.272592776896413,-15.088597069580539,-12.40555610658074,-6.8550227330371865,-39.04684491212876,-21.327530164142836,-48.12535160195079,37.600217943129955,-11.480364004905068,-0.2913085424107375,-0.06800740770901648,22.1842260589948,11.150264486897585,-11.062219175255093,34.15964579233936,47.82931611268856,3.2597351123422134,44.31281252999445,-16.41260768430417,24.143478146007304,16.047941217359703,-12.426541183046895,36.427757241970276,33.37523108126448,-2.636053618194184,-39.98714551459871,-3.1281902363118026,-26.274385215847005,23.569954602001133,43.26217201504261,55.667387901940955,-11.626978965975795,-24.375089424692245,24.05773523381094,-20.08600310089474,17.88505912350938,-12.69380704369937,-1.2305322659856057,-60.955895791947654,3.9154323386024354,-0.8645797619152702,3.115922135381707,0.8975872197906268,-21.963651686822274,-2.3629566363431715,-2.7811966767041234,24.34084549229152,41.60770825811128,-4.30818072468765,-10.511439464175606,-9.790933907610135,19.916769244155905,1.5673516275446202,-3.630454147627485,-1.3470474661198533,19.50009784757925,11.685329352011163,17.913594660534006,-37.062426219354684,10.042827021675329,13.283412836216568,-59.58838570825906,-23.268630600955134,37.05320096565291,3.0660369992382197,-48.34620887477658,6.4596294451250635,-49.3054676023543,-1.775581855570146,22.10496438530911,-31.335727846502913,16.691765945066894,16.973300981210677,20.248001475020704,23.533128887601983,17.210384258622053,4.360085137300657,-73.19961049910935,37.97742514398761,-50.73368342058313,44.87026629728417,-42.739956255466986,54.84662737392374,15.308050986431015,-3.343095149935612,24.945373679242234,-10.401950399389635,6.9329784547378015,-12.238202135738572,25.769817266635556,-2.6463546563040015,-31.951382913567947,16.191542782283825,-24.503495229319466,-16.90339405978268,35.418145562107554,32.16452690924481,-28.733184503014837,-82.01701999913584,-36.76948996940272,64.0887562124048,-28.67421062050645,-31.194907013260213,-20.01282186489769,11.20877020454763,0.5221531699529399,-19.64737025974632,-30.8069926977083,-46.89145745869354,40.0058582140014,-7.956842884166763,33.331052942030446,9.059892223172765,-34.41177403253962,-3.911766786896882,-70.95127319539705,-22.99600747410818,-67.18081436542957,-15.151404881303181,-46.02064604042921
28,-29.064537910754613,7.058275801250195,-44.08310753198452,-77.48786374915743,-59.81452821355919,93.83188673102404,-53.11249603862813,53.253947730978794,-93.98226671230522,3.9419738717001076,49.231606019476885,26.817256181951226,62.526126118143495,18.428928547257346,-31.543563185307615,-1.9138049648964286,13.889851361073182,-15.98916047979423,-4.990568737184714,53.18000312167714,-33.29223417230565,0.5433614935052414,34.02858403241091,53.98054486908747,-40.763078958817914,-45.561720730205174,31.0503918228712,38.47186635168703,26.39868353150545,24.749120832881086,-15.260118329098871,-7.305900449671813,69.32218929284949,20.277229930127813,27.94281163118327,40.01167499194207,-45.589916729079896,-2.756550113030788,-32.486319401733056,13.146237364128298,-16.449468004956113,7.624743031870153,21.09213756131618,-45.02753343973284,-9.10061259923572,25.11873023578712,2.07843596870808,31.571826524320173,3.372087972408301,37.92443781543425,29.812889850013175,-18.516689559801833,1.2836584728359437,-25.285963466135048,27.07085133529502,-2.0598732334994385,-47.826049384942166,-9.419155893929336,-0.30893420749575057,-40.61267511928148,-28.32741612680038,-36.80068877372827,-30.07695739987441,46.30425805039816,-10.217654633703013,-36.21697895171374,30.079209288257157,7.621563954287441,-59.98141030259126,6.474829500506054,19.318005951624215,-13.982549110535821,-11.375152883512358,24.519128539220656,-6.907016248987757,-20.769510274273753,-21.01150124621571,35.72828176532497,11.269287598024604,-7.535421324890727,-13.406518068379455,-24.18760887368212,-2.0553234438721644,2.5442650520686714,16.496703165012327,-9.087054154004047,15.669608593715816,-23.52942275395917,-38.86071515092809,-9.723984251869437,-34.67261268228261,-21.036920007740544,-15.611197457172477,9.472932166443584,-2.8091432308893878,17.252879350899857,-12.745728512486108,-52.0393731016543,-4.8670158966759365,3.8565476224073,5.162972319139875,8.480365122419784,1.1094125812269322,49.49051515736306,15.429606039734727,14.688173423047058,-5.832252426109177,-28.880510106355786,21.847080165104785,41.52411549103278,-20.519729304165068,10.043975433082831,9.631150825651348,15.274244433917811,3.7835862593685325,33.55852203207038,19.0520302526529,23.956705784573632,39.72532703520284,24.49657023271251,19.448197676854168,23.97258056403727,19.616637232855126,3.3981825824405703,13.672574414593662,-17.182463589030984,30.361406009787807,-13.160654407795601,14.059529680046468,19.626498494457543,-2.765190198631626,0.9575592234856505,7.445030709617809,-7.432647626545785,33.596000851176285,2.659835199799402,28.23826570857462,-30.366734103299173,-13.697831164898686,-2.6921347318225033,42.675968655015275,-6.16095330935897,-77.6767434075296,24.022296947668565,-3.6957860518932097,22.17087973205777,28.380115523622806,-0.318769444570248,-6.704835218261671,-17.636524005300696,9.805079331370866,-41.37866004106535,-14.786941800686545,-0.11493377279682859,-2.4387938973234817,-12.700096165823348,2.6303912683807167,-41.41974520229427,23.748896146887102,-33.746638762051504,-17.276479233580986,13.188992574425889,-15.967362660269636,-4.267608215449424,19.049066879473006,-12.518036195250838,22.43685056105544,45.23209929644705,-4.657506654433261,-14.24236580722285,4.347278315068282,6.351595018244839,6.3043193475762775,51.28700870946179,-53.89139641932739,3.497209617079986,15.609078766248006,-19.242233910726394,-33.28434657734975,30.80812585756663,44.36639025196664,-19.91883123992205,20.937261648224336,5.221146833179816,-13.643291697735584,37.52038619870681,6.728280688245642,-6.500355423005012,-2.4236334403798834,-23.490017101499067,27.764053081292683,5.433041633395246,-7.298154900728711,-6.974197999422278,4.202032092633288,-8.702790700203984,-25.692609611387986,37.7027808939438
29,6.371723028748228,-14.752917775768882,-17.577654815197665,37.2765404828289,-38.576735782375096,-2.1217691969038954,-61.964248317754816,46.27065097866437,-42.41890700563557,3.1632784609007962,-30.394043951892943,-10.355440161405953,4.241141419136362,-39.89205830430555,18.641768273874266,18.256589307936796,-14.157653357999328,15.996540043218749,-51.399484183381,-46.00072163629592,71.26905973360313,16.98785142612837,21.2246311448809,-93.33297715738637,-15.396616599116847,75.88283424774127,5.57035719354694,130.63326406998422,-7.398151715734574,-109.38477796388811,3.855872657881256,100.08388209134763,54.93124084797166,7.765466609661122,1.9695956545613744,-51.048563677387776,-44.91275952259885,25.048674706146585,20.8093922693819,-50.5309537845902,20.527799125569715,-2.9023183032983972,72.9342565507112,-30.78174348628895,78.87275774983203,38.49437404104758,-59.11325587179685,66.07192377259803,35.59114141261442,147.72190145750034,-16.77668231347687,-21.189774397125216,-64.20965729987516,-119.49103030056249,146.09629622494433,-164.46212815278142,24.51303233582478,-13.20931600017797,-105.3659765858046,39.08671178609836,46.29010425252968,-19.76681085481112,225.8439019167852,142.49895729892592,-113.93452616615183,-150.50266840060792,-25.87291710521936,-195.38550059353426,67.41710594626109,226.40147623800948,498.22989742331276,-129.78019779932814,-115.44917029858864,32.1101366921582,44.313796149631216,79.26409908663987,-26.575160252177998,-22.48074447398733,14.059333546352686,44.53776459823131,-123.68283981445485,60.68993877275768,-4.32933053849121,113.10414450467906,50.88810429650747,-41.83676963290096,25.068892909767793,-22.74321167807686,54.37321663445138,-111.17652795788268,-19.05518128204168,148.11529579546777,47.75991868695078,-52.876451299008615,-117.41492675148628,-24.198839074861382,11.970834582703045,82.46610622525894,-51.79697898447191,109.92229407209356,49.40075396055153,-17.094867916359522,17.18785752065246,-126.49270565487447,1.878327585490818,57.86331068050032,38.18220997009367,-33.67623412520213,81.95784688581068,27.026327282750128,50.38072945796495,4.087172303093462,9.263423487009959,-40.15201637454885,3.6418167866588096,-36.14549281937976,23.865082478201973,10.002865740232481,61.500355012084775,-34.195371084712555,-6.768425026096385,-33.952529543640246,-25.51501887025012,45.68870039765812,37.886053625615254,26.93172529885489,-34.96944703651475,58.744617308331065,5.608947227894587,27.14199386936513,-4.680938890200637,25.509683710411508,-1.843823489687792,20.040725357014686,-38.40815284895245,1.5277047138165774,-11.174755041092467,-28.381346891676856,29.481624069779183,33.011739943930884,-25.11336093962577,3.5964396877547755,-4.108406342278477,-5.29317902407146,-27.649982789145536,1.9017040962509753,12.931233101304999,44.279892158115,-15.782990756899116,-13.651997978637478,12.674118652599255,22.685638343199745,-12.933140420204994,-21.58247788960652,-12.494623080229879,5.941208651315978,-0.5325332406253905,10.798756377043844,-16.22464240948567,2.7683535377039514,-1.7230260260940964,4.713940315613833,-0.19900159260706946,18.42356090959817,4.608285206189733,4.861930461628357,-25.9167947868101,4.223431959015556,-12.588769622990279,0.7944889873117847,-3.3813703578039735,-1.2607023939414923,2.293182691645753,5.899978506790203,-1.4696037738957237,11.307245727132779,4.810459672991262,-10.235756429085935,-1.8918130059707963,10.691880832623388,-1.4299494635197234,-19.883079100808512,-4.2992053912682575,-0.786111352193001,-16.599168941168166,-18.017277710048475,1.0241357783215186,7.654570036475797,-6.676923144286687,-18.094267078573743,6.401591826583016,-13.905340643413822,3.689231245577504,18.124681415776376,4.490903122665364,12.14582657590076,-17.48153970937017,0.037045445895612594
30,-55.96844136959185,49.30207384426859,-39.07293563760931,-32.72136041939627,2.314407775191418,68.63590919585812,49.102872803100375,7.6673791651767935,-33.968334493916835,-38.29254355437179,77.95482468131162,85.46926913261468,15.619824702585198,-12.315787150323782,-26.10490266234724,-30.210305649116556,22.907155929510175,0.03850261190578113,49.26650028066426,42.58577416019632,-2.223201446475147,-4.326608633001833,6.380243718257508,50.49065814815457,-31.230590532242775,-44.04490650863524,15.015145824694265,16.94788326320104,42.441352388396886,-23.307810703497143,-15.0554206188389,2.5674156580124112,34.51245224868056,0.7337159252193715,-15.741580466261011,-1.7121803004809142,16.323250300404954,27.501671620284153,-21.249403693920918,17.413188001672964,-23.59215304267211,7.298520921628951,13.653531866977236,21.18515200395325,-29.419338837906082,16.035261233830656,-11.675939804940448,-3.3593187810937324,-17.993880048212485,-16.662310312305863,1.899305285109627,-1.7120437034151743,13.20815087343364,-22.039481687326195,10.429380193246049,12.15331214323514,-30.220989141957848,6.6258524706327275,3.5062140391564776,36.342689615203525,1.1924028324927134,-8.437726079409483,-27.474360397430168,-9.392645268986595,-12.328367292845183,0.3903919922600807,-21.14597045298231,31.781966024182854,-49.20622104423096,-26.125347647751354,26.601638424439056,-3.5134687700704434,-2.8279002623819527,18.521951683350178,38.68428505488458,-4.503513367988375,-3.088376408343918,-27.950129757329705,19.81322266475661,20.33582569118296,-6.4181432012776005,-22.299784782012072,-6.299786428994434,4.541000706409292,1.1733903474818193,11.324908168082077,-1.702407149037937,-35.225843659495524,-3.2730066680443692,12.335172753059812,9.492679468754282,-17.082744400530554,12.56022817522178,-4.94230276859022,-30.715645842877027,-12.328540125801105,-19.748391930357773,6.6606015656455995,8.814150430302485,1.0146324216810938,8.168948326550948,2.1245930461554825,-18.08850640502809,4.0628434242818745,7.494367927756647,-16.910889928988702,-13.630891640431305,-33.24119832678319,7.861714100461754,7.832516033822668,-13.024574649503698,2.9071889062653233,2.3082016713855014,-2.6193298813114176,14.07361785838173,-8.433087130056318,-28.867751300260164,-7.305043411700987,-15.001337603627869,-17.247562254746946,-9.19575740193782,9.385677281448272,8.808350201630363,26.880172156619174,-16.30202350808919,0.2558417035411696,-33.98652365515814,-3.050938186383671,-29.302716459973514,-14.122787952309269,-8.774491270124853,-6.411844276999049,2.4894747592363053,11.464589791896477,-8.194898770792438,10.586858281681657,13.286799355191105,-34.51959363367092,29.028988607464928,-15.195232922835292,7.584098288658661,13.767839822030385,-20.876177534820023,32.608526086307684,21.414250217257443,14.648190294286085,9.630664944447851,20.53585479308125,28.708727553285936,-7.357630808032059,-9.536064324593267,0.5924826069646721,-14.53391755776289,42.06868799944318,3.737424579282552,-19.733815924917305,7.991346397742509,-21.675298554359948,20.239871758412832,-28.50859861791818,0.07266041492007741,11.943541701455333,16.332765829041396,26.74589247192389,-7.61421518609068,14.623676849857837,1.835743896763679,-23.695174266926976,0.9732177253269283,4.437785628367141,-18.204880131670283,3.5501409044852426,14.99547616368603,38.41110645611135,-30.21780305260062,-0.5874652243693868,24.958225614476092,-1.1405295114295848,0.9838839819072549,1.0988849033816424,-2.9810527617481073,9.164306412677217,-8.909005193479931,22.441430472533483,-2.580316580653385,-9.881256370504568,-0.6745772940831856,-3.3459626542441168,-5.764060997797012,-7.707000596783558,33.72544418140112,0.018639795469033688,12.129644953540835,-12.064822186236729,-5.567735971327865,-3.964337314718453,-4.593268410917258,-11.292025610589704
31,-61.8716810759093,86.29976735357488,-2.8903626816551165,88.79935655516387,51.457533339158665,-20.08792357878046,27.7800275050209,2.7414887460422728,-8.812520852871565,-22.596982647994203,1.2138053375890607,78.19448397006482,-14.84368574973811,-88.90958571376866,6.42949743814762,-43.412629589640034,26.98953908914712,-20.321880372156677,-14.164476349917843,-54.41903567976676,11.498243784406757,-48.836730171694455,2.4978507873122355,-6.768672232269564,-29.84315275825755,-19.868595404352433,23.06885086160868,-22.274417988388546,-24.330153489835556,2.530447113393866,28.85966577047848,13.098410777644913,-33.32012956603898,7.548451360018239,21.05925808856852,18.623178239661573,-38.49085939082767,-1.8545829804175022,16.969937429964556,12.197589406097002,31.87873554226321,-8.373861967257923,-21.27400040268305,-34.92865735051441,7.804351672417808,-12.66982123303224,6.567636420179227,-28.626993968236906,1.9199674811578067,18.01059370522057,22.748039790581434,2.0529883801132542,23.74092157857775,-25.355167144781046,14.47470334245216,-14.891410327493332,-35.24580386919413,-24.72321767848635,-31.376743986873894,14.242437153353883,-17.542532264747297,-6.868827107256243,16.195032505299007,-5.333664377670241,9.426133193589648,8.312826935858348,21.225344241032175,0.9035640889517382,-8.696622928863219,-11.520050771107291,27.941727739778827,-6.960007552793632,-6.216891729769187,-18.892094631537038,-1.0699392250000062,-51.54294714557814,-19.967185151855194,19.753935778126877,15.347056048120834,16.9930933902006,-1.3324779200234815,-16.016980693518885,3.7735574774222473,18.992336931891902,7.283408247188873,-0.17329110212218163,9.16033117570477,-2.134256182183292,-2.682990337299613,10.80600933915846,-16.83382277490992,14.85942011898857,-1.3189969777481192,19.073580988993843,-24.415102888825615,3.9849987624285275,-0.8673099910948673,-18.3287842710553,7.263062050350144,-17.91912956435865,-11.244949929604177,7.20526741924603,-2.047814509611775,17.30111054944182,7.331493124273419,18.095355267940253,-4.6039355297311175,-18.039803331174582,-23.270059998833748,-5.171392870069591,-24.191051326703718,12.845660421471477,14.816228062972325,7.980846708230291,-6.46822269403661,4.7930365005683795,8.497040840300468,-1.66536258345513,11.970321476826825,13.556008183754898,-6.314084320175457,30.01078168701821,-5.52839436775046,0.07790015758318958,-14.624877757540165,18.376024081720928,-14.6134637919833,-15.250874788836173,16.91819895388286,-11.144659168044045,-5.71903735714521,-17.58777390399962,7.2573071965092595,-8.728851469168216,-4.548876130283953,6.144153363832993,8.405165441036356,7.218011669645889,-11.284275912027525,11.005799417833527,17.484412438242718,-8.106257173480143,-9.072069508544114,-16.1204003389206,9.900691195484296,22.059866213623064,4.1247802207960325,-1.819267722159419,16.367490527154953,-12.788131424411638,-5.861642149392258,6.940785209584536,-5.425296794567497,14.693600092098688,-9.420159875353484,-26.87923154069732,9.44149043443026,-0.18753425218846187,4.488098780519884,10.076015704161527,-5.8214341419078055,-7.677649330049749,2.7159220802505386,-7.024562623748963,-1.87459302971943,-6.568730081584133,-4.893498196068407,5.396406228186781,-4.952176862109575,-14.444832910763635,-13.66896500426382,7.0144457174567965,5.501573694695087,15.674445060250644,-6.099995961553104,19.554058965487776,-0.47682594464834727,6.4500510383617025,4.648964653793176,-11.835419504892824,0.9281745909871555,26.968121000405066,-2.925484311532963,13.76447683843218,-1.127755597356938,-17.156777692311554,22.34485297550365,2.527398533275529,6.674973938403406,3.5723153604685964,21.45110268027037,-1.3083595219589548,-2.0623997077063567,-3.545215884156614,-11.90397873813095,6.357563722083641,6.9016030497741045,18.76901324223073
32,-44.7520393702286,27.788838641033507,-42.43047624033155,-60.06733805329292,-15.907343190839065,82.53084275696425,19.853794446499855,26.036155893560217,-31.669936631113856,-35.06833273271641,76.98518566943129,87.9429476880189,-11.539539581571926,17.78682981317515,-1.7028251285494036,-39.025234401797405,5.2555772193693,-12.996709423930547,45.456784913148816,15.619649647015486,14.708929687861383,-7.641158668526625,24.55746172457317,31.456093789432053,-23.443649845192216,-23.49798871433591,2.379838910740707,16.096944471997336,12.126860860463385,-45.614905365710854,0.4742263124691808,-25.28098410673013,-30.12756159613752,-42.70353151639947,-26.1257959449015,22.421001720280195,2.857318035046581,3.1673223785656255,-27.853240388643478,-23.44217880668419,2.4486526515366367,-15.229591967668721,-4.93508907453681,36.63169036281732,-16.70909997371579,7.663715765135273,18.321891335835257,-20.600307790168234,21.001750891293078,-2.291237414931047,-12.33813062389233,10.95312988273925,-6.791430216253503,-16.872073753669433,-4.257962250018233,16.166067617263323,42.39888888786132,23.668047786667753,26.625016179595427,-22.9857220088027,2.111058826644218,8.975088264967663,-25.434529313158574,-15.364909907096848,30.928750379296687,-23.95745089082169,-29.71074671544081,22.58459457260095,-3.616559885947205,4.649945063588328,20.17905289767228,-16.226404530576097,-0.6889698831864975,13.949852595325911,21.440777382799237,-15.391510878938897,-25.1824270569061,-22.980589514913774,-6.835878166978914,1.0015531640789725,-2.426300055882076,-3.398784321303818,31.678645467348748,-23.035782332343757,-14.802007638679278,-4.760251767663425,-29.87415001193089,6.9843676404136605,-28.590584840320446,1.9375191439807533,16.973630109873458,11.88231854530033,17.584895586385453,-6.661837004443774,3.903819090600658,38.79549932121826,-12.593143515079978,-21.32725102316946,-8.690995452164165,11.541516507770123,-17.139917889327283,-19.212315028112304,-18.404970969994768,-15.81595269671329,-8.119477698074322,-20.951102806553273,10.069192481299133,32.702049928689036,32.24201391625765,-38.524419296306334,12.815363615987224,-24.255856945397863,-2.8406918887246286,-5.989536061968217,-24.655666100441845,-5.382220065308014,-40.320005931874014,14.75796525503201,6.681918926782847,-4.124287559321462,10.674698999282526,46.30836227253104,-18.375618206177798,-16.237490784497258,-6.580300127091929,21.286676330009357,14.591950662404418,-1.8136988728107928,-7.82244934953303,-0.45243399338099966,-8.448826360754632,1.5141727950690262,-6.96157433010266,34.058785087349726,14.201231366003729,22.057854284221055,11.879687121094273,-26.290172733511728,-0.22643496431454024,3.7749894222205636,-7.058072146248627,19.715577928452856,0.7777673538289035,-4.312066290707921,14.4225841664029,-42.79313052562107,8.93298975054287,3.288080933256879,9.85848970993675,-31.102674814830255,13.372827291086228,4.848726861792624,24.435399569795738,17.097076005446873,26.4540617881593,-3.340541393215489,44.16787852954128,-13.150154791363635,10.228369931177074,-0.8233703705338211,-2.8671691375415223,-3.3507084203349127,7.973604449049072,-7.343557889565642,-16.504133836307698,-5.679803837451194,-5.224372574480685,-12.809059147295354,3.398225477306524,36.08388559586355,32.61641367855983,-25.7151953356353,18.365580513259264,-30.294423932187534,15.550887971833601,-12.364490125764487,-14.844367557656435,3.923231223769887,12.64721877824612,-2.8355977301426623,-29.771510632091125,-33.95994790582722,46.882313790306426,-6.310001520838652,-10.868381950686357,-6.662920225329904,-32.4025785730887,-5.286098895152115,8.275995206236695,26.58110911225559,-9.293207391190107,5.529297022866586,21.989923409463035,19.546990285671168,26.028262258566272,20.903306473806108,-16.419004924108922,-9.141113430336016
33,-42.96909625608629,21.678515702984765,-50.42763797822677,-59.46640608942693,-44.99760162734119,96.0330429022593,-5.496070524582448,17.566860369626475,-94.09728928737725,-6.450281489419332,52.25065625797581,31.12058611784204,105.09118787760322,-5.457237778055015,-15.697567854926728,7.158463051300417,25.21857876752311,6.010278990027454,21.721576516094178,46.32443640870685,3.2860477920073548,-8.803754846567916,25.525520109788463,61.693647105717126,-29.457136472837828,-47.802172997651645,30.90258633300506,16.355312792854157,-1.1428551362368387,17.199711645347985,-20.91371042478294,-12.186204995330678,52.75220714814936,6.893158248562677,-6.639019622479465,15.410372650234738,2.026591208630902,4.434918844420176,-18.7516592746206,5.919841415169466,-18.350694700204777,7.509673153472273,10.315978111438426,13.17017756578531,-2.358541649513062,12.198982355999107,-10.515476115522366,2.7448575689387744,-19.305504181047606,12.302322443326263,8.377521834541685,-17.55376724005359,17.69635891277175,-16.063793101061982,-6.737770963801259,-13.928758436496237,-15.1378031135101,19.072835949765494,0.4290945387144144,20.040414011981596,0.06382293430620911,-19.13460397419195,0.29326960274400315,15.169334278533716,-3.2014297077413207,-6.748028477746857,-5.1786453764360205,16.716208050121438,-10.09189604829616,-10.265238086723652,30.583699102229254,-8.013878364038288,8.168164646202406,3.7200586157743922,-2.2486190747179915,-9.556996945550859,2.209046533759266,4.945679857610661,16.177740148915824,1.022937575410491,-31.816292197997615,-6.30824393011363,-23.91065821357692,-3.590454286265735,-23.015998344376094,16.474205424242967,-12.240033246677278,4.066001813531061,-4.499166739799093,23.06422273218727,-1.8532916526122394,2.0418385902494496,-9.889441659758964,15.940586532251835,-14.429295222520537,4.055099004203322,5.7865954396200845,8.105903435320977,9.780665640174716,-16.191868824383405,5.840767264267611,-11.43435970194746,23.374374189503158,-9.711292649030185,-1.6634925842475583,12.903051776775948,-17.250815505324162,-4.821446792164208,23.206932150100755,-21.21766735930847,5.598505133281759,7.918795958865182,-4.298128873152372,6.385680072793461,21.696710429357935,2.1980671593429832,-13.1337420303936,-6.734891069228308,-14.37418785311624,19.360824593901167,-14.919159377781217,19.86846190713619,-12.174245700360899,1.68494770798449,16.542311498186375,-2.5338984286305846,21.889133282154553,-16.493907568558775,-9.103426596702942,-21.32989581808593,-31.135369762546606,8.52676165266501,-3.9544262125275766,2.6373690679466075,-9.792787731047662,27.129621087218926,-7.700681376241709,8.764533505119415,0.2938439649192389,-21.07764243566288,15.200138198561133,-1.0442384912253992,10.82031641634106,-17.294238539585805,7.778836145048329,-19.31937379318218,-28.77241419789517,-11.958813430096106,0.20050352389201187,-11.142889597899524,-3.2459090411192686,-14.364325199880097,-11.964609268888609,8.08260245677332,31.015016598983202,-14.4096258462712,-0.24391797352864242,-14.437047619758854,8.500509873400347,-19.248537846562094,18.20011032813922,11.88673878960209,-5.300562739490737,9.932925375544,-31.71396796568093,1.6347113020450164,1.9577722700028422,-20.04123561279451,14.840920863254496,-20.221798701492826,-3.0283650638832653,-11.461571504506562,-3.042994252179375,-11.920685480804977,0.6813742102354714,-6.656115010338221,-5.260615419995211,-0.8753872677421897,-21.3234521542039,-12.926922496231393,29.130658117407314,15.710017929999378,9.351854307323793,-4.2859662986690195,17.431234015616788,-2.016432289122495,-16.903017350377738,-7.740104054674861,-5.0966736424744585,1.8872976315088437,-11.602571528885711,-4.136662111435558,-1.7334693868403392,-43.43168563165573,-5.274796240553775,5.317935323303411,23.299049564026202,-6.279631696510295
34,-68.8032516429727,75.09824063068858,-11.937870214651422,59.71121885067877,34.260987268859566,2.7797651327040427,45.03305226421881,-0.9056534018042602,-15.367064738163906,-7.491533858017093,15.695330497887689,29.52615963883354,-2.766051250160529,-49.01890446926083,10.548012257014143,1.3070177122007518,4.032715089561949,39.344565789315055,18.345565261140212,-15.62894825184028,21.903590975693014,16.01859733110747,2.826367230777102,-40.05278990063728,-6.692762002604259,38.137231003180965,-9.880721885428294,16.16659839251986,10.56587434258151,-95.32807235019061,-32.9202882829134,32.56732820576233,-30.764399140723256,-18.36804268336398,-3.416412948106715,5.7977407148685325,21.44069589616243,24.250808372615015,9.395074339108312,16.885131920945923,7.783279485125713,-11.31354505056871,6.213081677000251,2.8066550429892,0.2602389235386906,3.7031920602200925,2.646386658554762,-2.242663015866124,-0.9915360143201076,8.527877815694321,-25.647247889453627,15.875339474222498,-20.63801973911387,-47.88298675949669,13.928101225549714,-15.249637056457436,-18.87114064859771,-7.9498325664740035,-2.1968180808724718,-7.983321476958116,0.4610446043285466,-5.32266039762146,1.33296710446982,-18.285413227600696,-4.925073444415592,-36.61936452054118,-23.11826959871437,-11.714436654019131,-19.815361457267457,-32.49170595242229,9.733703607769002,-9.36195365506982,-8.637835067520284,2.0752976315393683,-5.569066720538085,7.088811641429041,38.04382393467296,-13.191441310424072,9.369644084948042,21.019205198905954,-3.5870214131546594,-8.641076320430349,16.894285798079338,-5.959698329256835,18.63344045376885,-14.750485646378362,-34.66227408119603,-11.793882955808003,-27.052722655758835,9.40531157528694,26.069483684550836,18.871177224716064,-12.058493990554027,-1.2302750323537244,-8.11891689561722,14.867779239041733,8.991129750189508,-38.260956348715965,-7.603808568329976,12.211432506132073,7.14816740109538,-4.872112163476426,-17.865457488309843,-17.081081639673087,-10.466623200976908,7.761170938154946,-23.36336387369251,10.645713184439115,-8.742473176709808,-2.5645476541464833,-14.906668688064153,-18.40185241105774,3.1406091967537972,1.5041511350277876,9.723184856863492,35.36548008571794,-9.571384870907826,-17.172831241056226,22.161973435173966,12.552985078019537,12.325732512636364,5.19788284928222,1.9207022697951712,10.844516737732453,-0.3411618494995978,12.709311932853998,1.2062264461651562,-12.722487019560914,-5.948058277012928,7.436858776570679,-2.5776258390541704,11.17681151685115,2.5162278169455754,-28.616216159521933,16.606291134023873,35.60724731076937,11.16222472692504,27.735761376551466,6.630300586912138,-16.242491911691726,-3.9268440282950263,-20.009100325610085,-1.1104961003170795,15.916569864457928,-3.3946943014490034,11.046322817724615,-4.882905923956392,-12.154245537187244,10.164241498587218,4.453811968868648,15.712609704007031,-2.3820982029629234,-12.717391043741474,15.675168435027865,17.36089367817368,9.302634360207485,5.74111385515017,-24.27696094783538,11.300753181622623,-13.095546194850899,18.34215469564366,6.49356695527667,-2.5620858279641885,-19.343292929276014,-9.428630923553712,-11.641005745040466,9.308793493583234,-17.713902074435484,-2.777040717705403,-6.596907696224121,3.929168985807418,2.8197103244151274,0.31962939087325626,0.2765483870917532,2.872292546089784,-19.141710505820893,16.427646008102265,-12.623172260126042,10.50553147985654,-18.00221063487273,1.389885560876761,36.11765905056626,0.7669047166493435,15.051512637771955,-11.346436110423921,11.195306351011798,-11.98684137490461,2.8060038092591046,-3.771277459348338,-17.813157475523592,-27.21904697017279,9.194589433384355,12.441462193977754,-12.206756219458658,1.9391840889481993,-25.888849574261272,-12.217882060116178,-2.9478102931929
35,-60.71819591532998,74.134553207441,2.533000329423782,60.70803882975687,58.27192922682358,-11.994652680412853,17.042122505842997,25.66089332624185,16.56394917907111,-28.543016444654057,22.71962197352703,104.50004597419925,-65.20524864785916,-56.06124922673941,-13.083866718763582,-70.16808396412729,5.058233593851448,-26.70536061197142,-3.0161296212032163,-2.957603319102917,-10.302470919707776,-21.693748079088873,1.9880105481435055,0.7215620288446705,-13.652902288032967,-36.26223604702521,-35.931649057980785,-31.30390965285757,29.237809188879908,9.385970377512557,6.296182810019561,-14.166553609761976,-32.75504137696882,-17.744247816797866,19.24923487806414,-7.86746756170809,-0.11423981226902952,-34.971953621265044,-17.046825816194982,6.4558415262196185,-16.91915299535344,-25.203285427674516,1.4551254877018271,-1.0011325119938579,-23.71547951761555,20.767336697181488,-0.2238903472264821,-39.52182933212656,12.351263377924472,-24.20745563917081,-2.6850501159211198,0.06857095129250076,-3.507295903512981,-3.511697502291403,-27.76781237288539,20.84154495901479,-17.274009551975325,3.5876138545784566,-21.838170242690197,15.291368371608346,27.57096651183675,-17.5880934595826,-5.336426553441702,-28.888682950212157,14.572669770336487,10.06261058178901,21.070861172303644,-27.050023398946816,-33.65659643447049,-12.598126228706516,16.394523152622895,-30.71171966998371,-5.705919237442931,-0.6891709086380264,8.507420942990281,-8.128121963156039,7.20559134577571,-14.97907905623603,-14.674151473586207,14.636857719628498,7.689624710932317,21.83486040262828,-0.3191926668727535,-14.383035902042625,-0.3710126806233626,-15.170180409490852,-22.361469349559115,-16.015081754329103,1.229954702261743,-14.613729251465813,19.321581304369623,10.54265757650512,-13.758742915449549,-23.465054699105075,-7.897773251906072,7.337748162709434,-27.60303746193214,-17.966791766362945,-16.169430021049532,2.254187970671395,9.912894011206065,21.180760126564444,-11.253698523768202,-1.495756160373475,-3.858701308885003,40.128744839754205,14.498176532445084,-4.90513251699665,-20.61677089069492,33.69457922392484,-13.012990039585441,-1.0049547646886785,-5.096755262993069,30.40883127259461,-5.148372781851702,-18.744762804795563,-5.9444301082287945,3.009492354111992,11.913148259829283,-18.303858575922195,12.722548940167728,-32.60941811209038,2.0098116774178507,-22.87894170028773,1.0775865568716134,8.231425268937905,-15.916740509528578,12.711627057522685,17.1395755227373,22.191297202669386,-14.935581010853332,-6.625805387825302,-17.961854856468207,8.161404588625036,18.09900051544154,-45.75556754665163,23.17460707214867,14.419196341609046,20.481306277300916,22.716112567479705,1.5679063950575447,-23.34878814411394,3.5351730735716798,9.753997704912296,15.960119387290932,9.52639744783375,11.686322628297567,1.973291444433014,-4.639416920263216,-7.724426401858898,28.861938614480405,5.644715341949799,-0.17728021631653973,-20.62149855456295,3.7609538110221683,-10.757255196386172,8.762138585827241,4.862137860607286,-10.654490407551755,-21.301083231193772,-7.53125493769648,-63.03376897684504,9.843519822614773,18.77018408426165,-2.616901896783449,22.564102339996335,-1.675320170328282,1.9527019324630859,7.067553764654235,-9.217377364700004,7.403851213827476,17.774060522588353,12.323400902667212,11.567836844272282,-0.9686608046849635,11.627039977085236,-10.80155548927308,-37.352118349836495,22.496286093671127,-25.43019940688024,-19.430637977666592,-13.803830183222033,41.41434220558267,-6.760874043499819,-13.633191223353867,-20.574271135349157,17.500799417561,14.958700669383308,8.736117113239395,-43.50064662706191,18.185859379595346,15.932644017376049,0.8349375303450907,-2.3843764334439097,6.480431014489542,-15.515162798239157,21.38292103516772,35.37722261881257
36,-53.61936454702443,69.11393280374601,6.783850837754889,72.33306728279283,9.75068807552059,-13.707222789306975,-63.407425053408716,42.1859492151951,-87.62010422242352,39.81030491947036,-52.363981921129444,-1.0437667596173261,72.18592094271465,-57.94234850105256,-0.873610885496722,15.29154357610004,4.715501054709199,18.441324533435008,-49.40792455541784,-26.525045276823526,3.227461888230239,-19.725761740240653,18.74409818996148,-3.6836231631601803,-23.869106928358253,-19.442547901840427,-12.989617057823573,-5.433799786216927,5.974978230493199,-7.047217867191348,-8.458336034010745,-2.4951057037485693,28.06579813521597,17.54409521545883,47.709624343266846,7.9754601850978295,-3.6439445231557657,-30.032771344468078,26.11123609212197,-20.09081939072153,21.400402157839594,13.565975441135235,-2.6992467951907977,-6.047937654801274,10.420647510121036,46.54638803113953,7.306670423276373,-10.371959004936196,-4.203499938651563,26.504538468329347,-4.024835109811602,1.5702935317685984,-22.910458175769865,-13.356839040703791,-1.2172287279900023,-12.19908222657186,-31.23114495944679,0.8841261972001289,27.583309233987734,-15.899828012710108,-26.28223081753764,3.3755897647470023,17.013604360233135,6.597981233650266,1.402411264147839,-13.4671830561174,28.82876616977674,21.43802723097542,-22.86573730114857,-13.299075558912474,0.47714366237080624,-37.97535866686178,0.12407481663329063,-42.56348430342279,-14.706535244831326,0.3828586311788881,-22.115141518486208,7.7805760900626275,-14.489245146313909,19.116214141698485,17.320535729115566,1.3195719365516574,34.939412153500825,-39.33777462739404,8.379403228542518,-50.234356613740324,-7.569884974890404,5.553981502468943,-11.008204343421015,-13.77913349528351,-11.134061446126823,-12.646743060377617,-28.54887000991941,14.416249834558649,-14.12155396486749,16.102293042893084,7.891231673516048,-13.273769944114134,-11.064898957459144,4.309851059266787,5.099831161686365,-1.8599662265271553,17.580459848578435,16.254684304634498,2.1085531023013178,21.76923088880505,7.963929671217567,-4.466750275094669,-39.33620598425094,-10.995495434965976,-6.111660041987418,-13.50819484059291,6.753156407602243,16.36597592383499,-18.29807919180168,-6.9169182715132544,24.0389245551555,-11.740700972211307,16.429857812885693,-27.609917867226578,4.230490478694028,-6.887542290630475,-7.995962060195485,24.16813606647122,7.454476687061318,1.8598387165354375,21.529937534535012,4.3125750782526975,8.747181746441425,5.898958619834973,12.790812317670303,5.88566773776958,-19.105322605523742,42.534247619947294,21.794756896749313,-0.5237462814648579,16.00760541866556,10.11705885676787,-5.434846181750988,20.809503036760866,7.215465105364172,-30.39533730277091,-5.8502065700518315,2.229230784917227,8.637374892637345,10.255832077273702,-10.555927158238168,2.5326832372472246,9.528175157126094,-0.5744904824674029,25.434620223833086,-1.5481274534619893,-2.826904324404854,-21.33092358829904,9.01843083849183,-9.294716225370907,-12.861247087375892,-4.3860248297186875,-26.778441017273227,17.35486085759919,8.01635461933195,-18.30540143128291,-20.80543678869018,-12.819600394615989,3.099927751653387,-4.486963520921411,8.067446577414454,-4.2444885249325015,19.116041969107222,5.944742672864645,-7.323397907004187,14.928764327466611,13.090123380294457,8.452366463703022,5.081435212682777,25.80446947572018,-4.221832027180544,11.554601271537415,-21.75527164243125,-4.411123110192486,21.183014990705562,-3.2580763331172875,-4.472859926286796,-9.484227423938943,-29.27489308982009,8.073950008599379,9.349047528438659,25.380220346434644,26.63588332240861,23.739801222762154,-1.7817766017824832,-2.3474896013538262,-11.717686822513167,-35.14912411829669,-22.107074473941115,-4.36477319488229,-15.34587724267744,-15.338725044630522
37,-42.900475772229285,32.53571469301764,-20.951201370474468,15.089452452568628,-28.572962517771618,19.245782762370585,-49.6707102869576,27.061615464671743,-89.92420037909339,33.09590495105778,-24.293510400793323,-35.52781997546851,125.96518216474797,18.071530479492747,11.886504089433615,44.3683708818191,13.85219423104646,56.90807682366319,23.97945818895157,-7.477674545209802,-35.31551477240643,27.960361148705037,32.70989535013298,24.46878267650321,1.5128251020453274,20.59656486403518,36.54862852691521,-5.862678543363625,3.0658493116608225,-0.4778986331395134,4.5620516387766745,-36.381695167956266,-8.538212335881283,-11.527230354039771,34.57074177545489,14.465308177231014,-4.00801886068178,-19.243437682835303,13.20173616124324,11.662425154495724,12.066637531205295,26.334072128566866,30.638170468312634,-6.948826984253159,41.1089952419712,-15.251739621541166,-33.936458462046076,8.250394444750002,69.1207241239384,43.55222348306695,26.342482786634132,22.43567138450009,-27.013966114387838,-16.473524739449484,64.80832495459038,29.207130911179224,-4.183212062937243,11.584515667900677,30.88506155609229,-36.1425562476302,12.96827609861175,16.770673283368854,-27.235331963259313,-3.4174189976903744,-11.666823015102294,-6.67317957202591,17.795880492938096,-24.05925986241684,-28.27512095699738,-26.500405385288843,-8.350756239840464,17.944426812520533,17.485695036032727,-2.990286623568675,2.0668508425593846,-13.029821143321612,49.01553517572226,-28.720242744599737,32.15746981881151,-7.298055904956973,13.378650962146406,0.458117732483726,14.935465677911708,-2.9465434305861633,22.05408721531231,-25.730048884773733,13.894371597003865,39.841275125165055,-11.625487149414925,-25.72270542037221,41.96127298942157,-14.816602058084836,-5.9107660103853945,-9.984565837929154,20.900076119841994,-13.585757352880035,21.83717088773,-9.15844790162371,-22.26314391715633,33.68993665537571,-13.149439395124762,-13.20734519912267,-9.869426801072688,-4.125919075934025,32.330942945185065,-13.542019243872614,-25.053359642136332,-16.447110205114033,-16.85947550064357,-11.96146697999189,-28.218773599085594,-6.443521051523865,-2.0122803147393986,2.516908780115503,19.40428995818406,-18.285500870583967,26.328151783226225,-12.68818621074232,11.210235741218318,-30.163196687511466,35.35176234964679,-13.459396478437377,32.19806030088281,9.278802180242478,-2.6871980043038945,19.48032058096904,-32.97995472813063,-13.95002380190701,-15.802540025085591,16.0873603930136,25.596317645178612,3.375224254542373,-25.13877744938859,-3.33412618518473,0.3116923581497911,21.88333957025051,24.896469418533727,32.603685398105185,29.566597666882995,18.81072833131912,-9.988163817407424,-19.046393716932208,-5.987814970944245,-15.446324894805219,-40.84802510941828,26.01375392410164,0.9873203420974402,25.409863930534353,-9.006579378997245,5.897349942044987,-11.67957436916483,-29.047012491867584,9.168582341951481,0.6932680446859837,1.4332761771649223,54.147332032241636,18.718390683813183,-17.82900724477413,-9.52316753660964,-2.7923110038780887,7.799941888137359,-1.2506138769305941,30.1847994307523,-38.888454175600046,13.828858606063713,16.778055141135898,1.4150785565564559,22.381302595623467,-9.012537912484676,17.126510147612183,-6.625949100723431,-16.889850130446867,-2.0311959011761367,-5.62324308551739,24.963113646616286,-27.118899476376775,-17.256473715815208,2.3776804152600444,-25.564475629125887,9.267490852273381,-7.931703511158558,19.268699361751665,21.16783828732971,27.41181135546032,12.668934308228575,-50.979668634642856,37.164107884949914,4.824309490094464,14.884963449796617,5.257257420963625,12.284429924879314,49.1825960049782,12.525482698845934,13.11379045015014,-33.309905385606754,-7.941031500564964,13.590042044409778,-0.8114882316589472
38,-56.025927900236205,79.2326221384507,10.888930732267157,77.11822637912071,56.49688840889642,-11.83634492761635,4.758014126286991,24.733555055536367,7.419779510032129,-37.559922839877636,4.64014691597884,109.98850195162503,-26.259104542528462,-78.61475684003221,19.260585057684935,-63.47281891406187,25.254241687358505,-46.30872061014358,-33.05799765402103,-27.76454202755879,23.26925372788971,-51.308303767051655,-10.308676560787505,-6.435922213704813,-12.865119434106951,-36.40463006028554,3.3881180868773697,-48.595242170384644,-3.390911394826223,61.07364454351069,33.29492665291772,1.1954200997903657,-19.376270628290104,37.49739779477257,0.43217760849173115,41.00535165413302,-47.7557563315497,-27.90271496347735,0.7376609979681313,4.882681477661628,14.753898050307424,-24.558919864728338,-8.017454338436842,-62.21830536915481,-31.941561412443615,2.1897244764149315,15.961750814436646,-49.39009105310115,-2.178388908471507,26.52046341491602,-29.224840170998384,5.427042929357862,-9.456028527586192,9.123959096872932,-12.02064658978209,-9.043104714717684,-47.461579434784156,-40.795569064113785,-60.09341691199414,1.0237496906885264,-27.081452079733392,-3.636131571383596,29.20950543861178,-24.873662765521924,31.396025158745466,19.985450514692403,27.712631327580983,1.0895576301234948,14.977965316896936,11.882306824191568,17.713650562637703,-29.67696874689989,-6.271376827923661,-24.490913675956072,-48.40905660330418,-35.42991858753766,-22.696394660605414,45.71325063959463,-17.781076310566217,3.8121182261751887,5.262128450515224,-3.2184894445868135,25.533164564744474,2.1564843909507365,7.189400305771522,-12.522451277229209,10.093871678693455,-3.796057338939569,14.777123335872478,-15.027843381622102,-4.76656833660678,34.68320750166585,-22.4896596574129,5.329689076119958,0.8122144218784648,-21.707211965719218,-0.47260469061767224,-3.416641469689199,2.0368923702351984,-51.18608848172936,-21.111449699939875,13.260617446655974,-7.914733951934687,-35.228542712733706,-3.852087930438201,34.911873994809156,21.274581710941547,-27.809065480920033,-34.072927934822225,-8.837725640206779,9.828881754323907,21.48335314101119,12.093552194306463,-12.706851069258851,-21.987619488788884,15.271942499179893,-17.46460083720856,-6.6719286989235425,7.898330066227199,16.597842516836696,-4.0803570043036395,1.5643943281411616,-18.764962469275446,-0.7256588626646887,2.6223096800472936,15.962206841138723,-17.202584140857326,9.3373921296568,-13.946969839919483,-16.475360091838702,-20.889447645402118,-35.916221383226514,10.172973762782783,-26.893111868152822,-17.17023977027489,25.56259306869705,32.108268209579705,-8.381301931019863,3.7669376574980897,23.09373567751631,32.763103354830086,-15.212548582366187,-37.35362151750647,-35.812535141159344,11.09957718720377,2.741306906834404,8.97682299469251,-54.84315421884329,22.891389394156164,4.740354575572144,26.058950876427314,-27.99483536464948,27.497177183123657,2.2064413028818564,-2.4792580876014827,22.65926970567105,7.860147571223853,-0.5027105150147951,-12.257157388247354,9.706523759998712,-43.55249285154365,-17.757006649294606,-0.5923190464954596,-12.921267567407881,-23.23325827406321,24.757024417762203,13.606161641636724,-22.16666269878988,-12.435562595466799,-3.979513781470814,-13.42143178747253,29.654945045969185,26.096137532163922,13.517111361341579,16.594004401993683,2.6378245025332956,-12.56411078119756,28.368211442849486,4.4392166299532265,-19.455615029269484,17.311183849256842,38.62440779251038,8.762623325959844,-9.249710167286349,-3.112114886251581,-7.045532529491794,2.0563668755218996,8.504422863270733,16.389787089146456,-6.998114640423365,1.6331244367450037,1.2423420238739276,-7.1711331582965165,22.649713407020712,-28.95866127037438,-8.106004382619938,-1.7928582604347008,2.420337954237369
39,-47.325190156816966,39.059812706154034,-39.55092164289414,-11.71650106690817,-27.096947270164733,60.25336013142574,5.8443072581045445,-2.116026882633081,-91.52741735664387,11.506740785698641,18.43974146471254,0.28651392224973804,145.90315616282584,-5.66417593700584,3.8186843052555512,40.64981260264693,20.457565998662385,43.92139219955485,23.297772612503675,33.99988953133946,-28.212654925531943,14.214908107725416,24.049493600582995,20.941181527202282,-2.2394131412534626,19.470066731308695,29.928852366076654,13.712532566288345,47.93040760837029,21.904324286123003,-9.547461916148286,-29.06397604962565,40.858929905260794,28.458114757999322,20.23269749653212,26.774841029653146,15.698267432573937,4.37282293976557,0.7471862658146593,-7.275037451774517,24.32509217311192,49.12484210549386,46.50443613060114,-26.38741063455989,3.7143209527336243,0.6295363178695553,-31.381295709415927,20.988710097968013,32.91294857414878,20.2699110218207,23.653478024009395,8.25576885963796,10.69191069075573,10.867425115294534,26.672276179664273,23.84127773845339,-43.42456969486383,17.573930424402025,32.46637738226574,-18.315177206882492,-8.764525767473575,25.625765948676676,-35.4969035212564,-37.35076603532546,46.64301752847674,17.42867603922811,45.23387112115359,41.55352065490769,-29.06251539373436,-23.500951879807495,30.60609139654121,-18.66421885953235,-15.532591793095563,-37.507598871766774,14.15350824328014,-2.565341780191316,-3.878126324563946,-12.200890508551396,12.80055327639376,-7.642836021131237,19.10962190218174,12.841322846939924,13.083723165078753,-34.389063509191004,70.36662825995953,-25.08571073092376,33.69732640733299,13.04611778422742,-79.00980205892262,-14.253790338928114,-42.51184730793927,66.70126811262253,53.31719357077373,4.861091723919915,-14.003298645910693,16.835058899045052,33.25159013945188,-2.6380167094163967,17.11126008336243,6.570077427957675,10.654998497634724,11.012325468154382,-15.179020841744393,27.342896786161266,30.634318264267396,-17.185158429695512,28.79010685660705,-39.11860445844619,2.839095375904842,-16.690059315828076,-22.49683974847511,16.313026586360024,-15.145515047234918,6.259900571531935,9.067732830733132,-37.708384068564456,-8.302952106474834,-61.10546166754893,22.173544968106548,-36.333474928061584,10.751258943966732,14.150520609891844,6.746939744406266,37.01273414417092,31.779785219984937,-19.566144667659355,5.933923462700073,-0.7437150860900226,-7.592252415527589,43.29622708085808,-14.817155882654527,4.4253320718674996,-12.943139268537163,31.317709293716785,-38.957356076514664,20.218980091422914,32.874771536442054,34.116337938817786,28.47125257590332,-53.45928204174817,-48.65022603729514,15.972514028441024,-1.0366297928737471,10.100589596067715,-29.531221937981524,-11.183364869600913,37.80486435673285,21.737144372034123,61.93769319753421,3.7664529462145975,11.445832914634023,16.54627514469356,36.55794715468309,-10.458700519210428,33.94459030887902,0.9663286282618951,-7.700488134269264,30.588724488393897,24.26151238814508,9.210873920436239,-16.817099367536688,-4.954102877394572,-15.93812908937078,26.21511660601191,9.241802014155303,42.19850757870918,53.66802530950674,32.41585873451409,-10.83185259009945,-4.377303458030172,3.594677994902729,5.8233222994717995,14.648330054921558,42.534804659133215,-23.173985047021137,21.36783441859907,42.292947858189876,24.305529271865336,-31.256438870178247,-55.4950324862284,21.945528267037563,29.75211199846887,67.6934088477593,-23.48954638825405,28.29381946158538,-3.4482323100747414,45.401902690709846,-42.398448625625605,45.36100000575735,-24.07907948408179,-19.430007140135263,3.9733356737963392,5.440310040116201,-98.6800001321142,-77.6206146998657,-13.188526589180395,-28.448833498056384,2.1543250363037068
40,-62.777658564356116,86.07936841408798,5.0805163080927915,77.99000080092718,45.08346225996678,-5.05713964906203,-5.021383000552232,39.69140818737457,-25.88131444764549,-11.36125229688266,5.6535651814493,86.57938859499741,-32.85770831070265,-81.7711345304453,4.131546168276086,-44.85791232899653,15.121002660297025,-14.271462772445133,-25.435327928711448,-29.740623638514602,52.43931573524328,-28.24527928135339,14.518260719930677,-21.405795829435867,-21.712194177336176,-13.048655100438388,-32.50862958945731,13.802925799701441,4.281922947841966,-29.805158803903442,1.6534442965745229,13.299338735267499,-16.54490882990066,-9.891898674538137,7.977180084986658,-1.2834677899174722,-14.997522566861587,3.529575511129719,-1.6598372879842356,2.11877920132504,8.55757316306788,-16.22800462906435,-9.742062008333873,-6.138386847099486,-1.4883283874295992,22.883386354946403,0.3148995537753779,-12.434974360165663,-16.21403499976087,1.1991553579862604,-23.40497660354932,7.076659315464947,5.77996486195489,-27.974179088046824,-5.756635211388276,-15.243317138235241,-26.59205881595469,10.522985337359122,6.277636524096122,-6.248142495880613,-22.13232333093288,10.743539383351408,-10.188535046162622,8.109308345890462,-4.131699009109974,-10.743837460639835,-5.985491237552975,40.70631659640642,-8.075472253646764,-4.05486357698341,7.880619555403204,-13.822640182311927,1.0367112153887164,-7.345898819787701,-1.912661739988715,-12.537155842998754,1.436353971059013,2.0334976479208713,6.606531963633236,16.89163831989957,-14.644900881568182,1.1413575659177964,14.316849985573558,-15.88154766602545,28.74673159846215,-4.344075710055536,6.375772109121222,3.96421934523273,-20.246657605882874,-9.954325406417677,-11.751535206991571,10.746589908647186,-0.3962760925451284,27.903646164919515,5.710514187443863,-4.906769966139301,-9.93967591352408,-20.675781087397255,-7.4931234586321,15.942844676743398,-5.369330991386974,5.835503075406721,8.426100431546343,7.835097104910973,24.517389733976742,21.801873588451084,-20.081170983202366,-3.1819840535883825,-1.9545567602988565,-8.05944565153218,14.88699077275173,-2.0542255019335998,3.481941414156467,4.300050649650818,-9.880693547075275,15.3513091307352,7.068155450292125,10.581982967703741,-2.2549209892622972,-1.4839309898840347,-9.576050255074561,1.2551558703711654,-2.0152090969973013,-0.8180942908023103,-10.019234521517252,2.8830878870014836,0.10740797435132643,-10.36696593317011,12.67897092260576,-5.806066014252415,-6.4315973755219575,10.95365285368591,4.889542959467369,-7.566799614869444,11.87975420622786,-10.63548094678283,0.14270090806719693,-10.25442842824673,5.509414677867933,10.58685832936834,9.357787381737204,-17.116387847797647,-0.7002783083875284,3.139814289162655,-0.6959613868514656,4.190886423568375,16.748360934477073,2.655404155469129,13.132384128300037,-4.396770013816988,7.5851477937077485,15.841537924259903,-7.948844371050452,-2.1872239880282587,3.585449369840842,-0.9037502004093263,1.5405307085590454,-30.721188182457553,-0.5678011630715637,-13.531213873235034,3.902680666732456,6.203802481779583,0.3243294525044635,-4.02836027564884,2.048033943760088,0.6648662753666748,-7.552871258924877,0.8641155324949975,4.741216874669222,-13.450942802926088,4.468840731649858,-2.447589061344303,2.0417195160358528,11.564850576789514,-6.943425752892415,9.167225252298765,2.279468574751245,5.596299124980896,-0.4399755723959672,8.509158500905317,5.5913889266108985,12.809450260759096,9.661143844214639,1.0660633964541593,-5.680548042648055,7.50935124916045,-7.681674208596425,5.352145832991638,-2.4238131723267875,7.160470065993526,-0.9555528265149992,-3.536706765510307,-6.726631894804991,-25.414777596359556,-9.122480602916584,-7.411528106080788,-10.719054555574433,11.017766802734448
41,-36.54033049896766,10.16954587591226,-52.07145097083036,-86.0393229799105,-52.554847318560036,103.43161646127521,-0.8015001151152208,17.42005569752181,-67.321997535145,-20.258922590406762,74.35089157827053,39.538912545651584,59.445709769531845,34.05202831794121,-24.00244271831092,-5.844534334606205,22.948161678341005,-19.815054017192118,-3.517624669886136,43.288562749004655,-29.2899344935765,10.183494124707792,33.09074396961539,59.54343204600488,-17.07590364018707,-25.738908952887797,9.147207826846795,42.36060682733762,27.541214035896417,-2.0357712941473154,-18.72680949261902,-31.195667031745923,50.18635589769028,-15.96795239983689,5.388056135556869,41.51600900736032,-29.354983829712403,-25.157320569065405,-36.148164221286066,1.609726917877673,-4.786746946151687,-29.054829171575317,13.451600264683844,-21.376178599334995,-20.139195126210936,12.493000945808808,9.72249804947059,26.98406790774159,-9.113419403284514,-3.152926610298781,17.9771913867835,-2.051187480629316,-14.20482352855721,1.208738508407129,-37.91255904333881,14.875820116971386,-17.812162413168824,1.462006545712469,25.806726572586133,-54.079339535408955,-32.589595483689656,-27.16874289900477,-31.794646868066952,11.722469356284913,8.701750184433644,-48.117200788435255,0.06587674652363927,12.392435403822208,-19.70825270792758,8.731628290346686,24.589412232932897,-27.470246363594704,-20.961231958426175,22.055633029997686,-16.229291077318006,-5.523682895352476,-26.370421968752606,-8.106583772949744,-56.29741514901824,-39.3110310218576,-3.308705215860927,3.330813729523761,-19.899648164704963,-3.996898098449648,13.695418631546652,-17.6401661488919,-5.264247717418058,-2.565031059743815,-38.93315555116937,43.94550362360879,-33.841802481500565,-1.7522743834449634,-5.723086910411327,26.47415773485152,-6.5676046000063835,-4.511486074756785,11.640556380349501,-9.90108123178337,6.853400507326519,27.084067519759643,0.01990499738225404,-18.133388135155688,25.647385019151265,30.029396661589914,-11.6385834119009,-6.392663183408357,-10.324234995195651,-16.31261825521944,36.46081748694423,11.79251368196254,-69.11018722090367,9.481177676483814,24.373022790555183,-14.3110650344813,11.717585945093422,12.234693556142807,-11.148473930981659,4.374623688737678,22.635793626632697,-10.507635559758445,36.348883810789495,32.74025676540105,3.8931046054535954,-15.252113949252552,-0.0776291266599099,-13.791806540191816,19.044757257139707,50.89499266237871,7.905206313102978,33.61141200156259,44.09157871932503,11.259395949773436,1.0803081500417224,10.182027649731195,23.949414665022744,-9.413076575333601,26.295906724999497,-10.571661294315177,-28.791380750188445,4.365128511817232,5.550905565779562,7.3348169523790245,-34.84113977530183,-19.231087390937773,-20.512394008351045,-9.510692679493593,3.796719104803381,8.24861346047033,-10.160788572797095,-15.59388073524354,-6.594310253152159,-22.885643120472626,14.145756305251462,18.25013410129918,31.379252816627037,-22.473897226741265,21.598755638071957,-15.81328174370399,19.421605795056323,-63.69371769593787,-6.703135063545712,-0.5603268082031407,-30.582740815515955,-40.24820731929764,23.190599969951396,-1.9587170038395103,-21.561840248785835,9.443109501454469,6.950730594701659,11.372339171425496,20.959983458779586,-31.04677000363013,-10.79974562482238,43.53032531442844,-23.89381923000394,-2.248277209195707,-9.97193334854223,-37.339008442688105,-39.35022473279958,-4.426614523001233,24.65049976553655,-21.609836446584854,4.0788684326369395,-10.565667069956145,0.9778812988879855,7.3509643410982015,20.454477525005977,-22.726181582031327,-10.926623678659027,-36.705484886415974,-9.55867173477123,-0.7803833256276308,-13.793555334156856,-28.783161404249853,13.312767340097944,-1.7535886107216287,-17.2750509785864,37.65835872933613
42,-40.76693476969111,25.710011481601097,-40.42879182068067,-62.55167067166546,-15.285363711950659,98.93138909895606,22.62444654938242,30.451553315442393,-33.42756905706786,-64.04858501300697,97.6077626707864,111.39397520309994,-1.044721140333598,2.58353731485525,-10.616260316416493,-57.701440840755325,32.27984435805647,-45.05624866014418,34.77115304743214,33.70650849114967,11.00412303983738,-24.655545508410505,19.572391757579588,59.52696834450661,-36.78489327857669,-68.07709184382851,20.640906200464936,7.294076848064948,-18.66697551253996,9.179358273845093,11.7232040486727,-9.532377753957899,-8.890331877063261,24.646436561624665,-35.44131679300491,44.98164944682341,-45.57536307027373,9.345249644263005,-29.267683404290146,-12.845998616697152,-26.782765040910277,-3.147992980258652,-23.066495181145566,-12.004777968635745,-5.84966889521976,12.700173144998752,13.848847113128492,-20.448568507787797,9.049138727049295,24.758484353786894,-29.639190732459955,-1.4697329252755544,-10.827018533392861,-32.74412258034481,-19.42772791989468,-11.972001774275846,-7.369380012648748,16.085462455833298,0.13802623828950655,-0.8287740651716613,-0.20636235675905767,-28.04840404253885,-8.006269398917535,-5.3946682162077275,-4.951852577881828,-33.83654294854651,-22.671364775465527,-10.744250195189574,-20.60788704744917,0.9231391022115931,6.881307257382053,-58.575763212968596,-24.543199046807974,15.853914256267403,-12.778274070966614,-5.3260883118956475,29.928367404165385,-4.844133936144258,-53.50959075834555,27.08767909046531,13.67251804766978,0.6794185716338759,4.87080323992483,12.739662138496602,5.740523770213427,26.82150552908515,-9.736035544901206,-28.760763446972454,-28.119533716185934,40.412686331670606,28.840623339096606,11.334644990754718,-27.31061330506156,9.835444869137353,-39.73059588129107,16.46443517648652,-16.296780971381732,-26.602098267380537,-2.669656976580498,-1.247945638342248,1.8564154010626366,-22.11349512740979,10.51705091694314,-15.445441052625728,16.00374729186028,36.88977582823382,-28.841552742189336,35.895355627556114,-16.12887187480184,-3.4981820239385533,-19.806478151372634,-24.981879416744416,8.51324069402985,8.60362416116255,-30.79288178109725,-5.997409072356444,-38.209834953479515,7.834574937900427,-6.460813882923278,18.406559033079397,8.248846587086462,17.020836858221944,2.1985072762989044,-20.063841154043935,9.96042936360155,8.692711825710854,16.840787875569738,28.798725352123686,-21.568415375066117,-8.99140434349256,-8.420321270577286,17.157590260464797,3.653197110373025,-0.6262331680283915,6.349087437814601,18.810831636491773,8.29527174430625,-3.7361246998959166,-5.473301388332155,-1.2517129572716676,21.668980440155483,2.042257330958142,-17.830386035751733,-15.934515267554673,-0.16618376230754597,9.337119356823775,-20.89527841327674,-17.826952121093957,-36.243044789637835,-30.288779805580962,5.032302374752263,10.26729765374548,11.132279373418077,11.926585552698374,4.288985803507818,-19.89684900400831,28.88465757799907,-18.085146483133272,-2.5706469048415648,-61.954325765863146,23.790895112445217,4.319385284975425,-18.697831357765093,-20.354927116688998,14.631886741295201,-28.373041386378638,8.248467556522279,40.367232648444585,-31.869121752689082,-2.2483609609167168,3.5833195053818185,-14.383538202269117,-41.79873172089837,-5.602937298627381,-31.563917982686718,-26.84226886142446,-20.651981603552255,-11.583324239998985,21.435460464991326,-6.573492851606888,-20.314358034239433,-19.43022495405343,16.51424503210649,-12.408390969579068,9.904055638075777,3.2559651787897232,5.102585426869063,-12.660936028876545,6.972977295550612,1.276082751993859,-17.07604715311573,8.13300250822582,-16.860873610145553,-25.38570789835444,20.58041053678045,6.626271826080432,21.459169690318113,6.351623861638763
43,-35.76824268165528,36.45081248678469,-22.93534010135268,-14.799080964869155,-32.07603954453931,58.935936529271245,-65.6557537368642,57.900427596492015,-89.22453774159916,19.53638508828434,12.066213120211025,5.150067530739077,61.382350251530326,-9.179982287704473,-1.4750514056306367,-11.684445751889697,20.915423058853676,22.049930295691944,-4.253898441598112,25.532881837532408,21.703886042164722,2.5023492635614217,40.95776020254528,40.418001591043925,-38.12127705477573,-48.214015062899456,45.573492185143216,26.087158983498327,11.711243643482158,5.375600072900578,-5.059252749022131,-15.922126808794983,37.42310432239735,15.262924098752926,27.142868686601087,41.79347807267488,-18.78477044440765,-22.950543337416832,-6.354174813504553,-17.52109093171831,-3.6395083865392834,14.174272106069635,30.17549735899553,-24.414870085988092,-1.2389801979811046,17.594070413156302,-16.5853983705196,19.51949940902194,7.045845804512973,13.479638673189035,29.391540827488058,-18.916362775748336,11.141301698758056,3.4881416995503076,-12.438084133161682,20.464663847088033,8.981801684743589,10.223251684847915,14.39175857449643,-14.647280953385957,11.6612019660977,-8.331657844901175,9.052362930009174,10.30672420490946,15.948703521225676,-24.703176709937733,10.664063562206202,17.01493322193648,-17.883069619220425,-8.492951556814015,28.34237546321204,-21.548771782751693,6.761396378139251,-6.458508674664984,21.12684678845951,-37.770588901072344,0.09035537432591811,-24.0883196290739,17.71950075724632,-11.630056459737002,1.3981254630238042,-4.9351618225612155,14.684669843484263,0.1423747262391587,-2.2021861466083417,11.837761344321152,-35.137704031599085,-23.845522502557024,-49.369306419299576,-6.384410258335897,11.78284595422001,-18.829850392991094,16.515804793048467,-1.0312408470178478,-10.77866890162055,7.009329316122651,-9.23155698786844,-11.157951295642194,-10.50342030540074,-49.906975177596074,19.851964120393117,-8.597471102035342,-21.50046323007775,23.711447009132307,-10.770558195707274,-20.887900784733603,19.456376733084102,17.017988392138957,-13.254184625136153,1.4640452847711998,7.372972595338397,-5.275663347667234,-19.55941136720515,24.273788932655368,-23.37837220916551,-12.34147615553346,21.25883859567903,-40.13617686621875,45.50810009107474,9.338025578050223,-27.844982295250063,7.439186162839619,5.2927361547840075,-10.149978618321969,20.469388075790047,12.789944629503259,-22.72112853228841,-31.2833261096121,-20.6477551410295,5.060897705977164,9.072866819045174,-3.941580515343309,2.662424552859308,18.950674658170886,-15.010311710126205,4.408898839306426,-19.544260397275046,15.714078875732941,37.54842822908047,1.0339748933427575,-8.254311292730332,-24.12896229369785,-42.09301274739095,17.621005590419504,24.828166941638244,4.025845836652996,-1.631779811281207,1.2094144127271924,45.32117937409213,-15.300967781007575,15.066086771006404,5.2255411979417365,20.577766397370716,22.946511029744627,35.69369426483848,-15.668321015651006,23.85667365958228,-16.003332979683506,-6.784168394946866,-0.4173876559327445,41.41918156266816,-16.73982744848574,2.420708567344066,5.315127737585886,-6.765940432013941,26.84006073996809,35.725050041005126,-21.503715603713548,30.440336845723575,-10.599997210417511,0.4068789549333701,-8.891285028293588,3.7380823668010796,-2.34959477684497,-26.81901609983336,-5.4589632478324255,34.05134840509088,4.1385365193011845,2.9708801022978553,-0.3394883537937279,11.746378152887825,-18.013399184364516,-7.485187574441568,23.756894701178382,-36.10988435196716,-12.13555552379816,-33.06534759287913,41.135098208993575,-4.5962079579294395,-21.032229626355782,-12.376999700980775,-1.7735165872978604,-2.1635711672886133,-15.847388279797464,3.6647961803422575,-23.246485648973174,-35.65049901404854,-15.690268657029316
44,-27.5162275303874,3.9713814435481964,-40.861822202328895,-62.305936459182895,-54.81322697326168,82.0956542039792,-50.837516048989606,41.84263160218162,-97.11259508106487,-4.709613041708305,47.18793696654585,29.00730646338236,79.31589774514902,11.798259361453232,-19.69539232924812,-3.5106716624193313,4.441629396995011,-21.703696877371318,-4.677462473333577,19.239297670030297,-11.822806891395633,7.571604819579561,29.967735394143933,45.091813422991294,-12.488775445626176,-21.1498203566643,-5.19899908967091,31.6979169771861,4.61669386762261,28.165498586976486,8.79447736057836,-26.134566837111773,44.62542895179003,1.1168202315590672,1.5652439400973956,10.242714730596234,3.9854448884522906,-5.714960272502304,-39.777165585161434,-5.356642419514215,-32.89130546086949,21.263233067484204,30.859381468152982,-2.6063975057574,25.94910358945462,24.755331789615468,11.219417583932305,-21.96386772582834,8.545686725253994,-0.2694411182600794,-5.825596815527029,-13.069674010564919,-25.50727328231368,9.004868663623808,32.40059515191039,14.434046257779952,19.983324024464036,13.69091973085035,27.933872434635553,-44.36399298544543,5.3575975480721665,9.686019084892271,-16.535201107104278,20.233037320354416,36.3988100058528,3.878253818454477,-13.697622930252006,-15.696070162455285,-28.820602521201064,2.469013144936549,1.6611307841582847,-20.02174850781397,-22.812312247726855,-18.31127354504954,54.12192514279634,-35.581205787551,-5.024890542123902,50.78738251682103,-28.02950723731402,-1.7136946994803786,13.601733897057532,20.39394956014345,38.50786409454624,-30.6844245244388,12.534198381046322,-22.68005015326943,38.36223319746333,-49.608817146001655,-33.803533538475534,21.247514860188133,19.629102843921068,25.101141819986058,4.027181747460159,19.993217068516536,-25.839729593592008,15.864335273887232,-20.636848785199252,-13.689535160402595,-17.515668305686532,-30.060768786048456,23.328246841441086,5.246060104303893,-8.33368568371191,9.01384605064895,-2.413952137193261,15.22562316832316,-4.78299925245693,62.17746435363969,-3.101947960769854,-17.039933896317542,-21.12366004430192,-19.834763553144462,-8.54537055741672,4.8583599338146755,-22.342133249097387,-9.79333587146711,-13.555579706768803,26.801769229247526,27.483308290544134,-27.244425246356524,35.76817976713451,19.5179729545035,18.582693008103007,22.6292258442932,-2.6329972947660947,32.1557731311047,11.093966432451321,34.18804553651984,-15.523417537230392,3.55274471374066,-0.2834476631479367,-20.043035260709974,-37.54222935885283,4.865144228490917,9.748705683459514,1.1972723075418419,10.209199037432318,8.92654222860824,-19.902830058641207,-5.74255275924296,-36.12422799379344,48.86045492923128,-50.002231450278664,0.5845615101181557,42.24068111851729,-27.261190779605236,19.20841780942887,42.66316680387649,-31.42207543432106,-47.00670910825567,-5.315612657118033,14.819589817305445,5.198738429610365,-8.59299295409611,-4.6307666970405545,-39.55578909765268,52.5186233146217,29.40073868972842,-12.33684347173453,-31.899970434668045,-11.37751604183,5.601712680623787,45.06558203319827,-13.715596868162143,-27.525724425205794,-0.6315919756221922,-16.28122870887087,-24.327479847857617,1.5700600656876416,-34.558837344462454,36.79980830338842,15.31640103044869,-29.701763073653854,-12.81276022387385,-17.83756605621647,-5.549086056423582,-71.04698920083571,21.676797358721508,-9.184628468241542,-33.64944904494523,-6.3421672992964595,37.86396734431467,-16.38924894609005,2.619246151874738,-6.3109095853656045,-45.704032383415786,-23.40532336636206,-24.0798254623802,23.554646947122755,28.6314748871679,30.32272193302204,16.117357649187333,6.314371772956537,36.660337609169744,5.280070964064084,-30.939342245775492,-28.01300373680443,8.18123770282354
45,-51.66361181156193,55.54606011899197,-23.812751644680016,7.060706509871701,-16.7778751853075,51.686003127678596,-24.98227321443975,37.21913788046096,-97.6355939883039,8.953759252116797,24.33926927478633,42.33363230461073,94.70693126330765,-12.687877215132504,-11.352407406277493,18.840975245632663,2.305912121361237,25.04918360876766,11.564535436057144,15.88065267825641,8.712844043574934,10.70344221753892,53.7184922292027,24.181228393790377,-18.00760726488608,4.660689683583442,13.160094100419723,33.248656105982604,-3.3364751991589934,-23.01941952136886,-8.256418903084477,-18.35470783929132,37.54214884188903,21.381226796886608,11.211821219652494,3.865471408611339,-23.451726089063342,20.074612921080547,-11.509936029279569,-11.003926435126667,8.174844302112259,44.49155236195905,38.46231467209406,0.6851329726454461,46.305536524150845,35.263631906876455,-12.091928426413855,-6.193362221117246,24.827735938180155,50.271283032282355,0.8065555884077564,-9.098087836825586,-16.153051102670542,-42.06351279905544,54.207042797590475,12.987863510542635,-18.22866626762252,35.09607459486929,61.05332397775664,-13.45632775518034,-9.130914732233647,23.35067393713968,-8.096308964148704,29.15331309231838,-2.9220638862700583,38.46280168652745,29.37515251605252,7.504410925590954,-14.427054674980345,37.444570995615564,-15.995342925455256,9.661871834206856,3.5562989192147887,-25.082409538483862,40.305875778379445,7.802185782257487,9.494764636503781,16.023841445866534,50.136660863021355,5.823867721216795,18.48741451199102,-22.270200947334327,32.43895920447137,-13.048796136333026,1.946907620953694,-22.128685807978368,35.98142410224982,-14.636510652857442,7.934302817507822,-10.400097849896305,-16.92714268906784,-11.78207882592169,10.519804715296038,-0.6955169044494889,-10.743494295685984,38.94990585875157,-5.587410245220889,-35.216241641749356,-18.63368914304251,-6.72752388728404,-20.08326075027921,-9.134601116609025,-3.184396928239639,12.900242815236954,22.902300160565414,43.00023959282226,-39.15164860312532,20.34783666274475,-6.017730752307901,14.4406044452345,36.417978346093804,-8.926522362896456,-6.118484675371856,-14.995950513371215,7.031301973557006,12.298963566658419,30.94201673899446,7.342326113896118,-10.157603705041907,-5.833868035925519,35.854450916208876,12.406965772402227,6.828327364395449,28.624587701820214,-8.269723580884344,-19.68587341108432,37.080732193747664,-7.490212163667289,21.068692627453817,-2.6993260689033205,-2.123740153644123,-10.147219560902407,-3.1172787939535005,-16.887059925423653,11.291776305733908,11.824545586607158,-7.698574939384615,17.05397804145775,-24.231885604220757,18.86321333680545,9.160275985707507,-1.169747043504402,-9.854788768265305,-9.403620996136752,27.42883196438846,-24.788730168937825,33.251058359653875,-16.490675284551887,-12.035586861515586,-10.090171062595221,-29.39665239174833,-33.926362285564444,-34.04622924349827,2.6727490113768186,-15.030486739188841,6.953703870860175,19.618420708386147,-16.026333957801306,-38.137383212888665,7.4360415761102026,20.88329042674672,28.92123093638085,15.984678508744475,-36.93896934528069,-31.540287859695272,-13.740085582966561,34.35222230974144,18.385296306688936,-17.912380878129145,5.02354891111447,5.981761921319952,30.78790870113649,-12.94010797069568,-45.19026124535444,-6.991062272920442,22.330237162105576,32.97627656531204,-18.45612487621576,-36.74446680414157,10.958601321814324,27.620784137680744,-1.9287310264574187,-31.700779373341955,1.3991005444647528,-15.792974269159517,-8.5942494511964,31.3104180348947,-9.091584119611587,-19.4771049334148,41.74933922361218,4.952927429519999,3.09955645021702,-3.163484922383844,7.128819544176244,10.228168314723113,38.60710162087113,42.34386410444715,13.234039078144704
46,-55.2662649613236,66.90433358233832,-27.253853809769126,5.766656694904502,12.963135534934635,55.53225204574266,36.385940265232264,16.654183699501857,-33.9745010301797,-37.74766965685971,59.09828221793031,99.05189891394117,17.37244851083541,-45.15889034253934,-17.30639196056489,-31.767676406552056,31.144980018934394,-1.0109383400425311,34.0941532022717,27.876523410577256,-0.726802032615994,-15.413395692745688,10.726628717770751,47.49061000682628,-22.958096667561744,-43.42311481281411,39.003893608133,-3.095055203722487,5.0325246524191165,15.402324330276745,13.686069198713286,-7.539606370638399,12.322308991609898,21.84898627737839,-4.349927872159931,29.562694468490026,-24.515968238044312,24.162925036656173,-4.692416010882407,19.13524707732359,-4.963240002824492,19.456611144325116,15.079023707172064,-33.95052219670881,-9.35063935781497,18.06278431942593,-19.362592445603184,12.891853265450571,14.594519791203016,11.46969566212529,4.898412601241065,-12.98833452605567,47.65473019608697,-25.67002130750971,30.510204186014636,10.540002439036606,-32.00859295702406,10.12022310341395,11.84419531729131,27.186293099852705,9.018890535148007,2.470247484475869,-47.55963268703636,13.977175246464359,-16.231337837568123,4.729574634162829,8.322835456441323,16.087352670182106,-48.844680406364915,-1.5223813800612331,4.821429589798751,-4.256499158494499,3.9775656273629343,14.379085663902064,18.208771771919125,-5.171992206623313,25.95104137086039,19.06836296077814,16.81392652775316,18.77803215799308,-5.3613985356662806,8.30874658016784,1.1139511950871037,16.664544309568896,19.817826218201017,2.79259075228994,10.575771168824964,-24.91366513905381,4.814592409967822,-19.885762962992775,5.372939165639608,20.39576043737557,7.67757551822398,8.707093551334218,1.0247940470009338,-12.156214053449608,-6.3441115867664015,-24.647857775947077,-6.3139090188083475,16.357794664457327,2.604054174263098,10.77175459594476,-31.427377915841657,12.766843948516208,27.234458483034697,15.083319898092611,-41.70995731570232,-30.141350365969373,3.889760018019974,13.612657361369466,11.68567713453511,9.793754153880665,-3.1662633198868093,5.987433105465324,12.416078985503836,1.2512213071102476,-3.2364348382246275,7.4438556168037415,4.1541149570320535,5.1959803655335,-16.16420169880354,-12.358364513798485,42.4641155136916,18.0429201657409,1.2394627881816467,-11.242045787733721,-19.67361219917402,3.925335048802144,13.675466439356844,2.3617830354791653,-11.052652619518698,-4.441434017232395,-17.665501584099978,-14.56020020627209,-16.262976396497645,4.201518037751307,10.686430873934166,2.9521131779434104,19.667100791377724,5.679596564587709,18.181678332105164,5.563431877050844,-5.363798581310359,29.13570262973156,-0.1268590630013583,29.5184808521621,25.795234595335607,-2.476080048639892,22.191255512095815,-5.64086846479107,10.227414854557665,-11.945571992552392,-11.673923831167636,28.49635832504395,-32.648678016645256,-1.3325019639115476,-1.501027446910156,-37.86291657054643,-8.868081504318202,-18.648963165373914,8.192754453702145,9.449940570873398,2.806516684581841,-0.16024289277866888,-9.8144721457572,-2.0017541397495298,9.279036502273863,12.645141392923556,-8.055035087936034,-9.611623439650767,-1.4765229589495124,14.48885354694787,-10.028850940915198,1.4219713270169354,2.1068163403728803,-4.487010960610376,21.203132604754092,-19.241934512028557,-22.939941754356614,8.956527836655418,0.27767313160892765,1.865832310040061,7.825270041915297,4.997764466911349,8.479579188848957,12.275167912132478,-14.78757640343504,3.754493164737654,-9.783908833045052,-2.762418932719303,-1.975905237030068,-1.78412691741588,-2.2165212573009883,15.182932163039741,-13.130838271779547,-10.78722218023864,-12.337765977343782,-7.962983160207992
47,-24.171566102802554,-15.575525101715295,-62.96881514644143,-114.90252720793949,-52.34537153078593,110.52318994869749,6.060169037680536,6.884625244035199,-45.543033679838466,-19.9122015715451,70.48249363069192,15.83245358148371,7.224577888464735,37.69352014242494,-39.048108581918044,-18.343952804512707,1.6703706214282543,-22.145125501243328,-0.30796791004485863,27.673541607820674,-1.0136804793497491,-18.34823697965431,27.040197522220048,40.413005549704195,-39.73810185263023,-58.20405430559779,14.456847862284583,33.05663488528669,-5.604407956366368,-34.674457790255,-45.86586082078277,8.287967969401201,40.61805233771799,1.0828699915029378,-26.748510647141774,14.762076489466708,9.71211565782391,1.6446222176783591,-1.1123344897741962,-12.144220727976156,-6.229238131752422,-14.948205793151287,-5.6940075297909925,37.518733867383474,-24.97308004873079,28.47498434850307,45.00768725402833,12.028444555019151,-37.12176119245754,-3.652057180895279,3.231372380233549,-17.947788714286926,17.50047898769628,32.344340521821394,-14.97010424079489,-1.5342572095029086,10.684049977373963,-2.5134699421468576,-0.43074291989892854,12.524792395736775,3.4027572945844335,-7.477932074870959,9.767720071480175,-17.83064087275863,36.72570099195826,16.383032053670114,-17.538587473717783,34.75223672928956,16.1433340770516,-34.824818695987844,46.89152655219209,-26.27786832511491,1.099257065987094,-2.641263077540624,-21.63450828833078,-2.211601050771981,-15.31699408871671,4.382806661637396,13.68385180921723,-0.13182716604185352,-3.2333987560788247,14.143678164811988,-0.41285761722899716,-9.491320570063154,-31.595482849096847,-25.411721683914518,-25.79654587511653,-35.846173739808584,-6.7006147293061975,24.53183379856744,43.30012187368654,-0.9819820579428125,-14.255057021214467,28.546927504890363,-4.423659719781592,19.26653797870033,-5.576769357686762,19.632138075724644,-12.08845864769497,23.32638290743492,-9.574862293050609,-43.944027817260505,6.5518642564785345,2.3945468201458073,-30.983197936314973,14.633143735466469,-16.39809287185861,17.687212819029803,33.99578944594615,-14.307171003451229,14.804927237826886,-14.548464707152728,11.145454838619031,-41.45948986916754,-3.9651171447827176,10.417390180023606,-3.7395446614398615,-40.82156267679409,21.370593599111295,18.74885489627345,-30.153863439650713,14.480733704604978,20.522464261858108,3.38975560579883,7.839538749892402,2.647999869166793,19.363611447496577,-5.844681515953079,-68.0469221575808,-16.386449444547438,12.301637533583166,-11.810737895932066,-14.267218657614611,-35.44615163372936,2.7881691128121844,14.276684344345076,-12.720924200157521,23.917349822614494,9.771182674961242,59.60576166819561,18.318950291680842,0.0031867840270555226,15.579737336953736,-5.391282403612022,8.282990411444743,-14.116149983765421,18.38988872006724,-3.9411170289258712,-40.64991120266537,-36.272786319378625,13.973139232514958,-15.560606161250039,-5.428919319615531,-20.788625877357102,-4.374610819831722,14.782649042369632,45.92287708151971,0.49408561715793664,10.68504639542884,0.08187212162951552,-31.42770150202693,13.541379002592336,-27.330562246940325,17.119782049167764,6.025917650611728,31.94359476533405,16.490422435443158,6.305015409159096,13.14799969742902,18.570388805784678,-2.779685529178811,-7.348907674971031,14.607155549676868,-38.14759933467422,19.69269995324716,4.143716711604044,-11.447969807203686,2.1514588940812924,13.910212252622394,-22.733819702985606,8.40582558199644,-15.309467263530056,3.5352047129482616,35.09901223000321,-11.600413754030512,-2.3325190130067393,-32.70804031549529,-1.253802346684008,22.157610229285456,2.3587915973337914,12.696254241769394,-25.92247255771135,11.091335524347622,-43.94618178229662,-23.875181615238414,-17.30167546187149,-8.968562766150399,-23.108723277576537
48,-40.57444819422644,23.870827882598675,-48.19492801074042,-60.04306297521818,-24.46892175136385,97.09464312147557,32.12348437563435,4.726863652150366,-43.576476928002414,-42.14051755533938,87.3658628357598,79.37002925010201,23.54136546557319,-1.2510588743267888,-26.476808885740233,-38.85568394028314,26.253290999142685,-32.262025237249595,20.255188524514082,39.94252845363952,6.604094425875833,-13.383829751487827,24.495770630941035,71.71092205337045,-43.47123330666932,-72.14411454832631,29.058568881114578,35.22505425408828,8.986167737183655,-10.241677529776398,-15.043744855873177,3.8998256234247934,19.31632263696065,14.558233468844467,-17.161411806896922,24.93752131561361,5.016165092489459,9.32071822862269,-14.893093920223725,5.556524354960523,-23.5233676769086,0.04905377236305375,2.2926367192257358,-7.317314258544841,-25.302037207633486,15.642373740840396,5.157374575721038,18.315125084778455,-23.301347978492387,-33.19204026767929,6.205188814957413,-22.48738422666283,18.203830949242356,6.470039520121936,-26.032225371194237,5.168005161348901,6.654340479587601,22.437583778873126,8.998767949944451,35.872064083967885,9.206264618745966,-6.263316333411745,-7.7320254281869465,0.12360525888551216,6.873299599123293,-29.735603734776323,-18.417283971205926,1.5080304528804742,-24.48750140957117,-7.474346286923192,25.553666211949206,-13.718745666821881,8.756344845726183,-2.71419502526144,22.401815161917707,-5.991292448783187,-5.474010663719481,6.953175603118877,7.204581401123207,12.22610365068983,-9.388747462180024,1.1671877201907426,-6.348279404211413,-9.381793612702968,10.362817482349545,-19.31429131636822,1.5799356422562414,-27.189785052487526,-31.412910854448736,3.490755603406055,17.169662634889125,4.054089087796098,20.596824175115078,27.01703087821821,-7.0289922364217805,1.9107681000748158,8.749704982481344,12.932543800883998,-13.599769262548635,2.329700537127024,13.602965420942729,-24.416671160170537,-6.352074556314436,8.309095106434263,-7.084996357168414,-3.920356927661577,-22.242625238415496,13.253357180452106,12.944030021506778,-7.870202776569448,-3.3809895007263915,1.643782113864893,-15.609488338268747,-7.810040501911294,4.72944164542809,7.036684695970383,-21.51894447902159,8.26440902643516,17.040222291338996,20.081404598426897,-10.64909214569587,0.8652125256537289,2.764696388240703,14.2990416664156,8.860905322809216,-2.610676740465019,9.477497952487342,-14.848571418676018,-2.4256623912162034,-17.087783020761893,-10.990152806481666,-8.073076265636464,-3.43189953753854,-6.078783807493765,3.112597131146432,4.077157142752426,4.135919167090351,-11.52134707531168,10.884706714747507,-0.6398205794442335,-4.621115834371056,20.869211100932596,-5.231103520009529,2.1657528709112164,15.94877418088715,-29.297194654991298,8.588464531540831,7.191109308461096,-16.00278243391079,-16.012018427097086,2.727643059571276,1.706641887857868,-12.226802757228345,1.2332941505009862,1.8774475907799253,-0.9798642725250444,-10.093283410851436,-11.869001126593258,-2.2098216201869256,-31.7687679059258,6.971425745738927,18.012158368090866,8.69484359112016,15.196863276215673,-6.412616118466916,13.033454588071619,6.310096677474839,-13.538693221145937,6.355499800496635,-14.756302012593236,3.1297640379371363,5.694992359363051,-25.690751491336076,-2.248514165103504,-17.57759834862709,-7.425995600971239,-27.235950179620875,-9.4297796397374,-14.101327409642096,-9.830194363744885,4.1979794295983694,15.882659554802379,3.8989838985898304,6.40452520929936,2.262990315417561,-6.6638492239679215,-15.02902531577831,-5.6795467212442174,-19.660551587898354,25.002831915300277,10.755081307185336,-11.905235151044014,6.521053596472422,-15.05832837793435,-14.896119852990289,-33.052998542050965,8.925254078931994,-1.3792488888938694
49,-46.29054031550114,37.871081870149375,-36.621403005876545,-40.62458384107697,-3.3254811283489643,78.06312046633137,38.37126778880243,12.798730709466795,-21.635671845454116,-61.79922638988111,88.63420027459345,104.92224854828457,6.708422360681353,6.94641891764655,-7.602979850827083,-55.785321636341564,37.926094751024856,-31.96732750155516,53.05650445257206,40.245476734645145,-25.353885693759786,-13.349425899890985,20.590465440276926,78.72171398746144,-41.68280683884634,-69.26992136262365,65.76629995516484,-12.020269691803637,-5.003060249603168,34.4157959753071,16.767638004010582,-38.370886302368106,-15.82790233672137,-4.327708873953014,-9.916464873830936,53.52473237876601,-30.792720211291627,-22.439392206448808,-29.516458537999046,22.959900602276416,-11.334889614688942,-16.323216960488036,25.303267504829552,-29.16200037662705,-16.179192932765485,-4.492827214351276,2.1434100192371455,-8.79113103562286,72.32219497797635,17.113124429880525,25.050327908240025,-26.120722183926034,7.828442532576731,9.659695314416833,-11.431290288930779,26.923582269519496,-30.808617521313646,-17.35125766131046,-4.801771015930829,-7.257810998737849,-4.115967264697567,-29.28257032546454,-17.868724560709907,-0.5825082800448504,7.054113080650635,-22.8965823477547,9.999613854661716,-36.98370829913368,-48.16293804764857,23.753336307439927,22.838561476784946,-42.48182605569361,-36.25341101816861,9.921441272152135,8.615313215750486,12.626069204753442,-0.5211496292344382,6.4110319276713135,-40.20968834534402,-11.832196868538361,-8.179763691605968,35.92692922924083,-6.30278033412435,4.771447501003196,-11.470041441864655,21.16663946063347,-7.240578099473181,-23.311388724049102,4.401143344707743,76.4822942045139,7.325670489738614,5.284319017872717,-4.68512674729492,3.2103638184054,-49.04768823018437,30.337529077084156,-5.255460405998706,-7.208427371373517,-22.293428467439096,-29.346998576735384,-12.733207960543968,-13.566870057894217,35.76567841169453,3.7523245418879076,0.5534518122661568,0.2829597757915108,3.98130951801058,3.843726811021342,11.7096698631396,-7.064612612825121,-58.19405015737952,-1.6768926666863826,33.10686925401066,3.171824437042685,-3.805581175907783,-14.868231339821975,-33.294505981026006,-25.747258804043017,7.667740909259386,-4.665059733682771,34.043059508055116,23.091314685740034,-9.447569210391784,-1.3589196543404134,12.611015085342357,13.07424297511557,23.92252933481139,4.187981326284716,19.217677530821394,-0.7355050276091704,-22.070616407087364,-12.69056625306281,-0.5309336719354384,0.16804981968518118,24.426336801691725,26.33964260374957,-9.27336172456226,35.345120125983826,-28.1571277232345,0.6438395944159103,23.53466384379363,21.612961780784104,-25.816935126267687,-36.873991144396705,-1.887250183100928,-10.966807049977088,-29.572591623334265,5.216589241169888,-53.336531022465834,-37.77919834848151,-7.641584527257285,5.163841458449415,-7.1097534925961705,20.829217337767915,-23.036375278007554,-31.912869711086216,17.362591816328337,-45.34394742454635,15.518990864315999,-24.572429901004202,14.63036645645294,11.578988555564216,-14.271437896327617,-25.57709661881338,25.238881715842226,-8.852605654302696,-6.415623464743595,8.705498161282629,-35.15342202014635,-5.80484569300274,-20.78404980004813,-25.715334471149035,-30.534324916490107,33.17116658691418,-24.20263796429029,-30.666054322117166,-10.427903178359317,-27.206612661116665,22.40929518994445,-10.859635049064346,11.3252569577398,-8.307298491618916,-16.78205323329421,-15.17233340594464,-17.226277864706958,-54.34268844768138,-1.009293046469681,-18.82018591309077,-22.579960624318307,-15.291670247560951,-14.009404006197489,-0.6715682387392344,-39.26973747314744,-19.61185681731252,8.575281091825104,-21.17739862401157,-2.014276442793459,21.659144788192958
50,-42.21319587001824,20.61779080574478,-43.521961669025295,-54.97842657865994,-29.775097527942542,70.48091111582019,0.741437021505474,16.81369167382852,-46.94488128084421,-5.13773320746671,47.50800990261793,1.5065562110175472,31.413303939524134,26.588253869507835,-27.291247403419913,2.0114462301721585,12.08043508915703,3.4260860934771507,5.418137427321422,36.96458707507292,-9.473763412576623,29.518372410862717,28.38877249078131,36.64439655037749,-17.426966233108395,-8.192371257746277,20.169099127528696,60.33551025861008,-4.133443661058486,-14.81691691433585,-24.820785180897936,12.257125658725585,59.61613507871097,15.013093745812467,-6.911639068586193,13.66994678218158,-24.398230927504144,-0.40336127380748465,-38.36026569088684,22.5254799527893,-25.720353753896735,-7.109632977095654,23.104816684185938,-27.86001172983695,7.850483530691018,6.039420648525215,-8.602873544018319,37.24061730026747,20.847478571815632,5.297384531699099,28.306267620212477,-54.42335090294491,-26.089272280771972,-6.911304739639261,8.291996777999975,-2.630703283304803,-11.23945100875802,4.267611739545956,4.019039948846978,-21.21826089225159,-17.597064276157045,-45.84701373217407,-4.157447499676678,38.61343944394727,-41.16831463003558,-24.758144286676217,-5.0850105466426205,-5.691080095704853,-37.44590572020229,8.50926049939308,-20.16887973687152,-12.11686383166458,9.197216695632818,45.961236193711876,-11.87534168249961,17.827568521128523,19.771489157493747,22.63894777867166,-0.9831053902170834,-3.934316555990554,-9.828562424763104,-7.597181702316034,26.853310990902582,-13.110411222524721,10.108281339560662,7.497717102957559,-20.18485596790866,0.09501624578946305,21.20478315535504,10.151476998561604,1.7062727999824732,-35.24631138227405,-7.538632380863359,11.146615873429981,7.65196419382128,10.395258638314415,-30.408812257495732,-16.535696324535888,-14.920475694428491,-23.309294988526997,11.918293859634723,-14.84189873894384,4.292526478268753,30.539655919997706,-6.539590911024705,-10.041136244087815,-10.741714523304125,7.712927063198812,13.83187195354524,28.064798833206186,-3.2820685343507794,-17.66037004277319,-5.890525982660254,-13.92341489730601,16.03220678536939,3.6555718141785865,-14.38133598940956,6.628657985645755,30.367410335246074,10.512598173926117,32.207961986717706,14.62152357971243,9.415491348763316,-2.789892191978909,-12.892187718187452,-15.829411808331676,10.034508744258485,22.255513453983497,6.945412800817558,26.554998546745026,5.605020269269414,3.429257106025435,-1.3039179806051973,-27.798902080595173,26.577978528195512,6.414620792758163,-26.81055091664875,-7.190528773079122,-21.669507018596082,-9.43148721859781,1.0044665744734824,-12.758351836081602,-40.346482102686736,-5.38031631224016,-11.205245420425582,20.976057488896743,2.6908067313187853,-2.9541091238828687,-17.19531091623888,-12.673155766063786,-15.218747967660214,-6.6996470306176645,-0.2626927291060749,0.8427416915543878,-32.41897147614178,11.967292607621856,9.993642034966046,15.783520508207104,34.338817425699816,-5.712733365566039,-1.6539069695580098,25.132909430203053,-4.994240060299666,-24.809166619154745,-1.5440763549816467,12.041676874210443,-21.67312169065162,1.9513211166115123,2.532624240844548,7.925201644991898,-0.9016441346171632,-4.122606885882587,29.387920777627613,-2.6411146646748764,-32.59213807572002,4.157848398786249,-44.54912731415816,-35.82871250223453,-3.7980526289867975,4.1714433501427015,32.56485958278257,-18.011035675071316,-10.125449064698545,-3.798480681627744,16.987290414413764,10.628605352041665,-3.61457488893091,-20.024973022412997,-3.815586138498811,-21.701999967488458,-30.979695930872523,17.428037511264847,-11.236388975829762,11.06316015120364,3.241451503170328,12.680583266840959,-16.190263907323825,25.6913731216238
51,-26.302172845920357,19.98377571841592,-43.97626188975913,-48.07374831547248,-39.38981988629607,80.84322249767732,-10.328157881671189,25.897742409739983,-59.32133073177913,-17.785462967419527,52.940635928518944,32.501093528510836,42.14546554708038,18.735654286932988,-35.87473114196456,-21.820118074141224,17.985888704671726,-23.231101633441988,4.7437164303088,47.51489741852117,-7.0365395840994465,-7.075665398460618,48.66397191562706,63.497773545481664,-18.215447517600726,-53.82269200889931,16.747855705240365,63.4512131597523,19.928725686100613,8.789940301997026,-6.8335610770655215,-3.4790524787215644,73.22182230131965,12.871103037089215,-4.08895449113651,-10.222730322584834,-0.8021948249239512,17.38279524903365,-26.3109942124783,-18.915779872051523,-24.973106102470545,28.37793463352136,21.852520212412614,-18.41450145785931,-12.203925301770333,-0.395866568539527,-27.155255678559243,8.772284196049544,2.702171121301136,-23.26343074299489,19.428953774032486,-10.024776887619158,17.102353085897676,10.506066637337616,-5.685772589631716,30.202354989304915,-2.739257469319726,30.376220997752146,21.69333906807466,37.59296716417231,24.678029298004876,9.127944943483728,-20.713661804793052,-7.368020536248275,23.101088630839033,-18.69926733312584,-11.206903217894812,16.704496561425454,-14.894856765640203,28.663470738380557,19.56962489128755,-5.729974056084569,-11.047393824552858,-20.977717253905528,47.24808832925568,-16.843481271754747,-7.862910732013395,10.152072197135197,6.547098967983985,-15.459410643131287,-26.62095194632408,0.11009406213894862,5.68287909666692,1.442662548894629,19.752951059896017,-20.85674099887577,3.8477655474822905,-27.06041312284606,-11.4133092560634,2.806967613468932,9.785576533062804,-1.5225817834606064,8.738709316691665,8.771010720283787,12.7753956465152,-32.19648796478175,-3.6707118467583877,20.11237847079803,3.099256141446061,-1.3691779312614727,-19.096076905932307,3.5947232740563333,20.343220032531555,-9.022581486500354,-5.328052190756191,-19.55498465031337,21.53002039053705,15.136254237052242,5.724202084134497,12.880634143432875,-0.7236896056559302,36.653987347942795,-29.09710960399284,-20.36394115308674,32.53095453641517,5.8712393805588245,-11.182815655839908,22.12238019447048,11.828477655288655,29.114224549617457,15.02096396142528,11.019239879139038,-25.840623511802413,-4.064731769517224,-9.361377604231512,26.796162419801295,-30.970258606102384,9.368011815488854,25.20831789041056,-34.93172889372644,-12.191896618467567,-22.497667221067964,-11.810679286440077,16.2113662339435,-8.93855931675045,15.772751983338306,11.879556326225005,-3.2263298234631876,-5.699786370565104,-26.38491868823805,-17.99721472510146,31.82476449611158,-26.926177120029656,5.188729045666545,12.221758055458258,-8.338132630729982,40.1691245846283,-6.676939512009691,-8.175876801069453,-5.680226097434079,-21.400328148016133,-29.461047471369827,7.361395098552704,7.655040506694589,-4.253578639227217,11.743218847638415,9.201854114622407,18.345352703702556,-24.814931591215696,-6.840359384631063,-22.274465455315852,1.1021397500180121,0.5649187374157928,19.259245012841525,-7.631074501833501,7.417030584019607,-0.08168681137262002,-16.94287914512503,-0.9637157471905048,-28.102107612079955,11.12695534364282,12.12905971783226,-9.805237602152541,-34.388316256018996,23.385364545525587,20.60281421552095,-29.08038811334157,13.395361992881186,-3.809091652344574,12.601417804038832,-4.062823011194194,-7.878165376393882,-6.126426504102355,18.960407289051176,12.183938179485823,-5.663445343608522,-1.580626833698136,0.9006798102315468,-28.790811441558358,12.823676030175212,1.6298268848815103,-15.54765730898495,-9.621569753532228,-27.88319392686725,5.786769106217312,-29.293013177972043,1.9466718809183021,14.368671656776831
52,-40.9054964709057,52.309781024615106,0.6457011475760516,98.79208209986376,12.690326660761775,-47.45007569803032,-54.15105378141628,2.066341732555804,-66.1715299590765,62.42664481088018,-88.63157992632271,-82.74559181988943,111.61731001803811,-20.73698158101791,10.656824681435726,28.23741238196021,24.95709063532673,45.48812367952847,-12.522633374600613,-48.976571182745374,17.188840000852764,-16.888904326813503,24.83619707561296,4.995467793890766,-13.453604163609945,-40.956002007079576,32.20934838106676,-9.378516065374132,-25.275147376403453,-2.5613150811152243,25.033055027299753,36.48873127321127,3.246769815291401,25.421217086176455,40.30927631109397,14.715661162878494,6.0562657478106,-12.360964264838161,57.56983665422642,-36.91495013801302,6.129324910426799,27.97104187629864,-19.030926487008472,-11.825168840375882,-6.427769448710393,-3.1016373928111776,-27.579453548836007,26.34958632036013,1.7818124634762735,17.34522039109924,-18.663498820119294,-32.78668050198228,-33.71530480947092,-12.774240708075112,-0.36847094729124796,5.067162748145599,5.67144105159953,25.31989357448328,-18.805244829029647,32.85862673072796,-3.2936527283613364,-8.946031800230699,16.101691533433296,20.743035737097554,-4.193456102546323,-64.61630046379398,-29.41519164826134,37.42836987295192,-12.492666670008205,4.021753578345461,-8.417747412079379,-53.125398176259885,-21.837117829310657,2.1996754178943334,45.76988502043298,17.271037925944423,-6.207473003781307,-17.697957743563528,37.71165131295828,-5.694611032899418,32.85981097238194,-4.996629910869293,29.92540731655507,11.56495334988687,-8.720525636143636,26.34247164178126,-7.880379074715508,-10.793067571918899,-12.93488285109952,-11.573141704951475,11.440896499600743,-32.454541936109806,-33.77779323355082,-4.843047969619044,17.517973561236545,26.316858894214313,-4.730245620690544,-3.9794020999250637,-14.889928891892652,32.05372033512323,-28.148532882477493,-6.527444230320102,38.96521107777193,37.35572801799596,6.4730850681696905,-34.20437965952801,12.78606753408146,11.505963438931941,0.7856714645363536,15.74341684798869,-3.540352214690759,7.396583591522201,-45.549951508954955,17.663290421905955,8.550382748146562,-35.25202287264046,-27.64305784415495,27.164246752422393,10.222738952178357,-26.896958087133807,15.016261110850031,-0.0738381457613233,-13.71999681250235,-24.380759219912548,-9.452919687173164,-10.23305702233876,-30.41128700117965,-3.7952272102447067,-5.8744061385478386,2.6989067181179744,6.401254893028035,-5.096901075686827,-9.796783327656833,18.376980009250424,36.61757510597109,43.399051381794855,19.604018718394837,-7.109274758113878,-24.702411185739425,17.24590417450903,17.2006948326117,10.477721243747963,-10.323665026666536,14.11772992429299,6.081289619488542,24.759728682927527,-29.375190374334124,12.869686168929292,5.667929341008301,-13.469955637332621,-21.34148621573054,5.507412584697128,24.649547636968087,1.3754286464696381,-26.866289268609137,-2.457672875220423,-2.0730029838223034,-25.861738095828347,-9.647030178509253,42.42907985230467,46.932025661650094,32.40146356552805,8.283384398688966,-24.79860468310556,32.58514038060417,0.9957812975954582,10.489949665857216,28.417930622532666,-20.535368015467505,-19.47520983970228,-1.0565799875750632,1.3630275775416996,52.579376637092295,5.246127134209932,6.278233159830614,24.942575051623383,-7.692947630940468,33.943064639159175,12.165584883678651,2.3033007860259156,-10.718751823799032,-4.531214220577336,1.6374914031038572,11.42335838449325,-6.342411344645368,-0.597708483071794,33.66605056297703,-17.01760335291847,28.83080635803673,48.90775202606801,-34.45907248188434,-3.6515555608759045,-39.36520503646172,9.518385337400332,49.21370107839665,-24.964300326010804,-39.280182298791324,-33.73930630154303
53,-17.993592772374477,-27.96312200474981,-73.59392793005937,-128.6362960689159,-59.096439391090044,112.60885658627971,27.391253268291344,-17.859039758413168,-50.41812493363764,-13.054666581913835,62.65946989095344,2.737140475286518,36.37337310282943,17.879436090929257,-43.584824063182595,8.880004001953353,-5.431886424205432,-15.072588402846083,-5.931580766644715,5.321050767138498,-31.913919003223082,-35.465065745272426,12.41314976147947,19.672607370991507,-36.46428241844368,-41.41496484954132,0.9700350247388595,34.89200547835137,-32.05826165025501,-46.14238602989385,-39.45858340313574,26.255438005356496,53.41153025936148,-3.326174671168949,-6.582964331338566,-25.39345376653216,79.50829629721406,49.74716555236968,24.633535151548074,-39.65847353644772,14.22533811640075,59.87867085000809,-34.429518648976284,74.57552208324047,40.38457196537176,33.69225031713328,31.04422889978319,-70.17821490163938,-58.72444022400347,-0.9628571182104149,21.069021455398246,73.11541974823365,-80.72137683478762,-28.803723251606606,38.343501323084496,20.438739594785023,-16.094774847260503,10.254478937212632,-16.878993806840597,24.577123914133587,63.16613823075825,-4.243982529361816,47.26109511340746,-4.907688082681816,72.10026052976515,-19.3941599791626,-26.256473154088717,-84.57875546828271,-12.148809431946999,-46.325832419768204,-15.41287448573769,9.490223163568416,58.36807746418773,-78.97766525459215,82.15439327725569,-80.50745315937009,-74.48757811763875,-19.381706863420902,70.65778907569273,-94.84559253002742,51.49656431254105,8.197007965006621,-0.39223154557420725,4.9059329750925595,8.303067380307304,-2.715760375261582,-19.95807929125801,74.08210490904702,52.11402658406651,20.35425494322324,-29.747287395996125,7.168245500362816,-8.624338912984722,39.428503399462485,26.971539228867595,46.46452136736769,111.69060297775042,44.9953398184473,36.26869875997999,-85.82311186273404,-43.38136079936859,110.32229070915066,29.95112470545652,-74.14327187720453,-20.965053491266808,25.63469764458912,37.763453010682916,45.85330009429474,-31.282031269642037,26.000656680337748,60.58356476287219,52.652834948727936,-20.52804138130628,102.36529125783252,21.50237344798823,-60.3172668461517,-70.57964888471106,-87.22971449026517,-73.01163434887441,-153.77611153135163,10.29267992778622,13.86729814904662,164.76189093435224,108.70385361348426,-126.47672144955595,76.6166983238897,-123.49250459248013,113.41174501121432,-5.718223281476167,44.61452054980533,71.0981409466414,-76.29236894275664,80.88315041505365,127.14481244287336,35.90816162701891,47.510873162663316,13.512469417057028,-38.84660387087494,175.37329741345027,9.594587472974991,-56.9609365150957,18.52861438882864,80.22673520603091,-25.056774041967827,25.107632041353778,82.74629460146731,107.37971668641997,-150.4290275127381,-58.69839757077063,19.097942772164615,-47.84556248412809,-1.4622707662850853,47.28359367477689,-52.70281127830528,-32.87508122361237,38.002833698398426,13.709061689075117,-97.5693825516011,8.51661551539263,40.209474762905806,70.55064394348709,15.065810441884988,-15.863770677837856,1.394536097112659,-97.18370627741962,-4.461268094468498,-42.37967031196538,-32.60391959302547,17.426450146553837,51.075182252458944,-39.64604987528828,41.03486018766523,37.272261999758875,48.658488674103765,33.93241690025503,-42.400485525521205,39.66799581109855,-21.125000019255822,39.77536911337623,26.99242615992868,27.018762465873888,17.96262081613827,30.520946191743263,-28.544353640877524,8.975214971774866,47.97749227460791,-0.7470496530311994,-7.652813500139789,-41.579009040958,23.208450507820768,33.797922179244594,16.90937599845658,-6.200513413338817,-12.328075108094405,60.16420447713505,-29.541562916227036,7.382403641968058,25.577712741537802
54,-44.83694043352092,41.164481980734536,-19.223996609811113,23.684310000141902,-20.481124915942967,22.763074853901614,-52.45841087776073,37.2726323855618,-96.75830552352906,34.90094552802133,-22.74774670425519,-21.88454633311106,114.88177898870683,-4.37059695496017,6.012642455396184,29.81878197408944,6.0823986991314545,44.77235399125887,10.784883687392387,-6.225029539776962,-9.91167051790832,12.5364405507273,51.92864132292054,15.092851967082035,-17.967215305818144,-15.23777328957107,40.361607580065076,-4.257304197848699,-14.57520389423577,9.847880171557557,8.150938595951379,-18.405711286952744,-2.6561276532101665,3.01336287568653,31.627655791919345,19.357160745043533,-8.15449152185912,-15.612157111281771,15.43983310114884,-0.8831329264671293,11.935357461838409,45.52084812257914,22.93516721598017,-6.5582974320448315,31.244881118944328,6.019696242164258,-22.64849378301335,22.16053632141039,58.66340131465926,41.91414161720985,11.244248212206989,4.989027843515609,-2.7506768978166645,-3.231794610867058,85.5777023039943,33.232136954288045,-5.906053839447935,24.781438621189555,43.284939934009294,-21.63049645268769,0.8460592249485555,23.95133710926709,-24.388665450133217,17.92800169935215,9.425299192649272,-1.2102307609119998,33.02251499116387,1.240210114415577,-20.354564081841936,19.880496811389715,-25.66051063534149,2.909987971931441,24.02616540819947,-26.002459495332356,18.662759766317883,-0.46905073323245405,16.844567433163736,31.47998843199886,4.650352318023733,-1.860254076363512,10.912700380946166,8.733454532697676,41.040769745627095,-8.185491097191136,29.62206560208222,-21.815566231776856,0.9995755032364791,28.813126437342195,4.305809501942402,-22.29176912260838,9.438152854545573,-27.15593626143747,-3.7552834341660066,2.6845208185878153,13.586958934626079,29.332384796379156,9.479969166272285,-25.400715709323727,-8.200300143869809,51.4647494023142,-26.58166265760403,-26.25165631998009,7.017941841557722,-13.481870793596494,9.659521283831205,18.65104187006217,-13.844541540863812,5.172754328642455,-1.7625962894309493,-3.0824973966449543,22.167748266683617,3.7684732304999065,-5.810528508395473,1.295581943682218,10.326474890840494,7.94470487321932,27.09677436478341,15.47027254807406,-3.523148440317458,-13.328767171284351,34.6591845963631,-2.6529531586486055,24.48996028446778,20.884704565988407,-14.620239744373068,-13.384003178873595,-3.9853766151196415,-2.087976509621574,33.30089565752315,-1.6657941544750003,10.067228604701189,-9.94278847503607,-18.15816736312405,14.470506403073804,5.148042602453946,0.32241594837826093,4.586310560672278,21.026046218791073,-20.120736786132085,21.221821339462128,-7.692240473171123,-33.02115650910155,-12.660447580466904,-8.25067922395352,-25.652780237486663,8.137022302338845,-6.711648111820328,18.729414533136957,-4.490829137069251,9.682429661201267,-17.6082970908815,-24.44685291029287,-16.887492946482094,-36.753149902865225,10.375637559785085,36.973295123819575,4.352836693227792,-3.2598915993177204,-23.395166049809372,11.606647050419262,3.0661464229062667,0.8446316985087396,39.66627366196942,-10.155047246569941,-3.2646572941043748,-14.981749680319265,1.1814145071216509,1.800429658684351,-0.8241054195440082,-5.736375295620447,3.540653689789756,-4.758778681450968,-11.13836550050529,-26.255399988875908,0.8773970361261106,-2.914682424185147,-8.010604914896563,8.2510369538472,-19.608835466906214,13.751363356228275,-5.018067072160081,-0.6458221492495091,6.238504226946281,-31.798864682737488,4.704362797568,-20.889386086778078,21.02443660079287,9.084226726010524,9.27267612810618,48.565651417639955,-41.4305505781906,23.67780797929793,-18.793501648873665,12.563334656323462,-11.790774901336242,19.66830154371101,-23.494441523634368,-24.226386455593413
55,-44.29545882179546,40.62861463058484,-10.67101911122292,12.204426062773681,-12.193967495688199,29.07226663358708,-67.34744277091453,60.32737301558726,-88.60459429067086,32.08036513604068,-8.609327173165019,10.35023670691597,74.23947575623842,2.5065906240612708,9.701637314293794,6.2378891583968725,-5.7352697455081385,8.853775140389871,8.766477438541104,30.675025130547834,1.7069384221965203,16.479807915468896,43.88559687684415,9.001130581564341,-3.3588984016127097,-12.819091891701165,-11.797007990700125,-0.9596259122397092,31.72944309923181,29.177415380852196,9.084540160783057,-31.381710096335652,23.726400945128983,10.682329378394282,38.82757280274208,9.526246628578866,-31.690081037313387,-26.94661007463105,-15.152407507615086,-27.04710213518028,-8.910584362846391,29.347298443111864,48.05369825311892,-17.934394408042365,-3.684255458778289,25.06534325986335,2.2955492177421375,-30.80243868931793,28.586773775157116,65.81295323559968,-16.32224341750817,27.199228029730058,-67.15274692894477,-6.423790927998807,45.42460678405318,36.160563295483456,-41.91708821413997,26.66381688723121,1.1030238561239496,-12.674601782042979,-5.041299832732662,11.262862680352175,-3.62478177218963,-19.65623884674075,46.33712196529218,14.351814775298813,45.02495487651916,13.195519797227329,-11.626437249574956,19.57275566868063,12.373724241381534,-40.43191586136171,-19.83264067676427,-15.696699528583201,21.544528446364097,-15.58049956783454,2.9800150808146224,-16.409525351328295,9.949900091108944,-18.0357198345046,22.55045721895283,-6.995272834710995,24.86554311664871,-13.96559843333208,6.8820452792285804,-11.898433095500229,-11.573935979219545,-31.422489521571688,-25.886463310790937,-41.77478261370899,0.5083335275511809,-25.789632695679092,-28.8081697051997,-42.15475373907063,9.117923401715856,39.11660065783305,-17.39996907902561,-3.8635589968479223,7.099645278578503,23.680778616887935,-33.46628522328477,6.347254774214942,-16.30801495795437,23.676822772250283,-3.6268003334297076,37.049290497933356,23.84954500412313,7.378425649426039,-23.012937947470395,35.98988939245096,27.784116940327475,-19.892103233559443,3.3629768484349953,7.866187342356172,-17.92608618580903,32.89402054529507,2.944786460927236,30.77791520059273,-10.421971369812438,-34.300062996881415,17.145411126422893,-25.16978578818047,-4.979652248559547,0.35220435698231084,0.006902366012790484,-6.213471057453668,-7.945006758939937,18.921914405227056,-8.163833911671434,-12.113415114768731,-10.061208714899875,11.239154793920438,-26.667708173685632,11.977051415161343,3.165078543786913,16.79209377594628,-10.221548669094046,-38.2193013437103,-8.505099273463406,22.65935720506621,-8.16422053043809,-13.981420117475926,9.52068433834305,51.20366021717387,12.948695825541467,-25.102394563816773,-6.076212358327169,2.3699309601216783,28.606794672434653,-27.027538975275167,29.74976729759561,-28.128482195575398,-12.635628952191606,-17.9928315271934,9.856422571698483,-13.765890212782063,25.48597836905107,-38.51008789880419,-17.655013166079602,-23.94657173409509,-15.977655486560504,-56.18794685230178,-4.833897757213599,30.570617742976644,12.00538584494645,7.622482104985776,35.934093180123796,20.307416729278682,13.163386901245097,8.714763532987817,-21.56165563193928,12.381930574786491,-23.354662211189286,-3.340438772958206,15.352101219034735,-15.146775256170198,-17.499708450120593,-19.971201576763654,18.763767110800277,-19.754263003190882,-42.85752322147285,-27.438051260624988,3.2800875680831636,1.2897934242452855,-50.60359858167706,22.122199531825828,4.509630062418057,23.405789304792776,-12.619000213287741,-1.3585688098551467,0.25463127311407785,8.641130609175624,-4.367730164585745,-9.952806916806304,28.923120648207448,-36.23959937617215,11.538677970837224,42.944666122781996
56,-51.83822750518594,39.47776529096494,-25.266793385715474,-39.4643677552581,-12.24722872892776,69.32296161722564,-8.217294126935355,50.0176527803373,-50.13388751886491,-28.718848258118335,59.549955696713354,88.5445318728667,20.644018729450636,9.892144484713848,-4.637233048038655,-28.641669565229538,2.5038611037543763,-2.9571182402628655,38.832981771393,59.36918204866533,4.344736224839943,20.79676571206869,9.232845508698231,33.934148812536534,-2.804467771432118,-29.377917402714907,-17.65713746531528,7.622046661518124,40.07635577991097,-11.133153311089181,-12.271011665803128,-29.940164985619518,20.806788371951132,-22.298917770406774,-23.324544095186862,-0.7766838964163996,-1.9015891742846829,-20.427034144146333,-28.023185783656512,28.399562283377275,-34.817113903862705,-14.15019775000556,35.28629292031535,21.104587309599825,-15.152891378754623,26.293117832894776,9.510355866966199,-12.034407982020062,25.219870095835415,-1.7589371375465275,-9.368044794371867,-19.32010949801954,-7.779810977170946,11.497686380624641,6.811006968628419,37.92732836586693,-4.490001584629466,15.318936530387498,12.593878357318575,-28.333181557271597,-5.243227701077272,-17.911721645009912,-25.789504809014794,-0.19501661961845723,4.632476548481748,30.553260935087057,-9.98502426030417,-8.351374118291291,-25.26583864448326,-5.631515586386241,3.5283063542865176,-59.4705111531201,-46.7223635117993,17.708109346093067,9.904834882247144,20.93711360370017,23.49884212008035,10.839778248848315,-14.907579476024084,24.100581756650527,5.0581142139062045,-1.3143035786513784,20.125902203448906,-25.742561674279315,-19.288822227759,-3.5132553304698573,2.194674535020912,-47.142221350752216,21.760343664329174,19.804329394568203,29.85949533095358,5.339523271158841,10.077774068238508,-15.247307659901686,-31.723657460530276,-17.948353862677962,-35.314706509647046,-22.801751791135512,-24.834992358156054,-7.813626216986912,27.8996420124409,-10.934947419289113,-6.711678595427516,-1.479568521218938,-9.224876988230623,-26.756209364589836,-11.325754966008942,-8.936397034758464,19.940789799771256,-30.04451635905741,-49.023303566654164,15.392493751373236,2.699957312207103,2.080712583396315,1.6071864766302406,8.81313503075342,-25.533563707240646,-12.84665886637796,14.379104341426327,12.191176574003,4.264810563662592,26.04531914081289,14.77779516874636,5.101456022245655,-23.0876490576005,17.498326463181144,-5.0626186657953784,16.235809752273017,-11.54815749427555,0.2114842717398675,7.104209288749184,-14.675582303409739,-15.016048786628833,11.237332653743472,22.453099281587665,5.801961611315083,11.331769497806015,29.585289722870144,19.01282662576157,-1.8230009764929718,-7.042664501953821,37.80951323280557,-21.718531190893966,27.8602439831277,6.768149268146206,-25.76594371565006,22.284158543955574,18.01475280251701,-10.853760794662808,-11.14076194111652,-12.275773814376741,-16.709221959372517,1.9703044774206908,-11.373582149447033,-32.1004529768111,-4.5614510965818065,-4.537531063246047,1.3774318269749666,30.611735497859684,-2.176613179752802,-4.277479894207889,21.666528246302363,11.503651020148075,16.399667365866023,-11.601121550632502,30.7596296806912,12.51143173532141,-6.851541020161404,-13.963168856208402,40.50606959829705,21.710878086683863,22.853748120294338,27.468949520624935,26.636939554684883,17.52747222603977,-4.881001419881692,14.111182604347846,-19.56427395624762,-4.7998698138571285,13.410185185980453,-11.402269817130874,6.570400426074294,-26.601080924507983,18.132899379501794,-13.417665775071734,-43.469654427601355,14.623969150823175,-8.145541464681866,13.999663404009159,-18.021487267763696,37.71859664418551,1.5665975152637377,18.225292636371577,9.532502705653819,12.16509239134648,-22.42010427820701,-24.574020869946832,-18.205416340190872
57,10.934820296023558,35.85858436701947,129.42450418283332,-30.31167013935607,2.6119571523661436,-13.960353261549514,31.25765763197539,-0.5939263905013596,81.99416051164603,-24.809200182449352,50.32098479846576,-12.696064959621594,-85.40621757710201,38.33537414120082,-92.21861902436791,-1.2483462763418824,12.651427918294473,-71.26546131291634,-22.559275455675888,-29.61177549883299,-110.00205767098323,62.98279525904722,65.36860219602804,-9.412552707630962,45.304454070550044,99.78799354671186,47.3890348929661,137.51698173673924,-3.1575202569174188,-110.14981467857146,123.34084648024229,-20.79898278804437,43.943649731566765,-29.03186531005952,87.55358764549848,-61.736438684203414,-310.4489013677963,-40.564014097013455,-41.061552585395866,4.728727586472828,115.6980265367389,-43.793574898633445,24.433769229050956,-116.46513872751476,177.04183712341907,-102.12230422207084,-71.93592839277619,-12.973818474618492,170.64040044096376,6.534382641948475,172.19591458504817,-172.33477494450932,-266.9684991237582,162.67013126041783,-140.18692250849986,-113.59171032178595,58.352647701250575,52.750000945577746,-252.3966381528304,46.909401620219576,379.0667078778738,235.6457792896286,-174.1842786648202,154.32151624061174,-48.069054802102464,34.16923524814832,-106.4141649872569,213.71003147334127,7.914858337962186,-162.28584381441857,18.191182375046743,-67.7341766922294,144.0134035042307,-101.39563794620224,51.85801485457774,95.15534734688838,-6.2384287315478435,112.25515123346005,33.55129236968486,42.06010460859411,73.17523741975774,-10.001050652939936,-85.50093145600222,-45.70218897871399,-20.005455277153086,-35.54200391701187,-48.39545165689404,-47.19972990292352,12.466070597243634,24.80774412091405,-54.06613218654148,1.5173688850748357,-63.04806760917974,-32.19597766023932,-39.488241319870134,28.171373030397596,30.401267486696014,-27.651730076625928,37.200283421942785,-19.081112338636313,-1.202255324593997,8.568050149521795,-1.8689883932897975,-85.37091191027388,4.929021133341993,35.86127513649572,2.558200135416186,-13.949595875512983,2.576506472663568,-42.85735645929264,-32.22299228312446,-12.413518715698896,22.730515595885407,-19.165777092895325,5.502767969732539,55.89025260818276,-1.1474447277229913,-16.670656190458345,4.594930486892921,-46.9740783522098,-8.754718679296833,21.812235505490875,-24.15364564436113,12.064909574493157,3.1709347904159233,11.10792087911655,6.763038897910265,-5.645200366318107,-1.019317138400258,-11.181278144367232,-21.677170826632782,12.370610016495224,-3.915637137984638,-2.437387194367611,-8.196866501151067,-2.569622196410341,10.631439600824901,-12.178703396632573,12.75221651847281,-1.5359169542753608,2.2718602503544263,-0.8779006752056393,8.027625581075402,28.383779621472826,-18.858323922011447,4.106520263909712,-11.216151686773982,9.423633007524082,-11.55865954334902,19.097301400635416,-4.627829610416067,4.687110853971401,3.149242982875599,9.258940693206174,13.891270892152281,-2.4963401194801302,-9.428302007215363,6.628422611384804,6.924003900395158,5.638638440317626,6.258234748426271,6.804596278571593,-32.16299396868727,13.440682586232825,4.941821302879383,-4.0515240902764456,-5.706027050239543,-2.511091517232254,-1.348439620326573,16.256012525212675,19.0288040041181,10.421057208083086,-2.937501801743082,4.851264641436867,1.8842137945063335,-13.356660608941846,9.623012560308911,-2.1993907457167157,-8.994481421240536,19.001346458149715,-6.300081288399217,-0.09332520777693085,3.0985211882887067,-8.900549731574554,-3.1146999978396517,-0.720692643751041,2.122421094595191,8.265510397983086,9.44182094600608,-4.826376283453818,16.29057821426902,-15.302049948645237,10.561780383240286,14.172841931522543,4.757461659647337,10.913275834141151,1.5149694085685708,4.810911736507481
58,-51.226352739812434,24.55157211752531,-40.480607699426315,11.572054401340624,21.458979790988934,-12.987569640754584,94.0097795091611,-90.03331456549449,52.85504650212448,-6.942622245848047,-8.937687001733842,-73.96202811230802,41.8943116951776,61.77453336054012,-73.8250850761093,49.266390376246854,-19.04100842138839,17.64259563956124,38.421180470330086,36.343314868055046,-103.01101072063031,66.14266237499949,3.887733329634472,4.746371893045282,51.25959026306253,34.950244228721736,5.464313217601762,39.667274261516866,45.07258886199594,66.6741707234282,-7.197553288363553,-24.317025039659253,81.1973484426242,72.26720592565493,-19.190711875368343,9.071461765327545,-26.73498795178743,30.120800652063565,-21.781696468204167,-46.799989783010645,7.866729899071119,63.363656474443715,61.811264143040674,3.2733273512374668,4.423784217934602,0.42879147314444876,-4.292198002789988,18.01558763803088,13.201003727339405,25.534108253874287,-31.09750200889912,44.060383798098115,-77.64926952544667,30.30466588665857,26.566659799956707,62.49782918717082,1.3684905650691621,20.015332098955085,15.907175358388368,-17.412197097595808,27.08356200490621,30.880566111136346,-32.96583585668182,-59.00151538788267,41.72404466765297,19.182470523952475,3.590678640711508,12.271788223873356,62.71746331581592,12.223752991880108,24.62907327799875,4.005120557988892,-87.69970057965197,15.728363051859699,-12.766456041164643,-13.447785040837502,0.8106942741840171,-37.258296878738825,38.729417170931484,-78.65256611543342,-13.480143013402207,-2.082809434711883,-13.25960130933302,-65.94145538343324,9.11516334938512,-44.67155991008342,-3.871035110773499,-47.14144134407229,38.56368739624449,24.230672624732552,37.07579410143024,-6.105864097767727,32.43275458657055,-46.101879132264074,43.26421021618481,-40.83739729705805,-43.59664848998353,-19.858862422475166,5.950917628195447,-29.769450706526058,-4.6588529363166336,-17.63656611969277,8.342695656618076,52.183702338957595,-73.47446462351188,68.16771259917027,18.617747159788397,49.54679620626718,48.224983209822426,-38.62374993171487,-9.297458060303885,-7.1546687995440825,60.41550756171986,-34.362408917211,-33.021487930200394,40.34597114490286,83.50436003946243,31.898443571139065,-7.4643230394857945,5.58574894658288,-18.363793872001796,-46.94978719006898,30.23856288026603,-71.9976036857846,-17.84356275475956,46.3728844056489,-41.94411127959647,12.17394026010098,-63.107228910987246,53.581428372152814,-7.318361202205396,17.52298979651545,18.519619760032924,4.390816086947277,-94.21025801221755,-25.30595285824149,-98.8299350588876,-35.709158967082786,16.823558079501293,7.347397102424776,23.344890717130802,-53.700805901464534,44.62693106980896,-45.02632345034548,-118.5831919308462,-36.87149890009392,43.397850776576526,-45.19941462081369,21.809036369127483,-13.355843260711543,-21.576959442335223,-63.057782293152,11.099269965962149,20.184861794077054,-11.650598830937822,-9.224995332441761,45.73892655826207,-5.0899679677675085,-77.25399552862292,54.957796156039976,34.82259992483204,64.61792907518796,45.24555634139616,-64.48890917954574,83.71827413191423,-96.63996342653824,43.58279748153403,-47.21865319432718,73.54590504794093,-7.79022767690088,-24.955349237782603,-29.20770803788219,74.42767922070723,27.528780215006524,-18.050725196530077,-37.61641564581501,-94.14241951548544,-27.195731519703976,9.888302519730189,-27.184697998833492,107.43076919076397,158.8773439589093,13.097508765846577,1.343174099081521,-74.13039259706827,-28.838629598826955,-17.123033835693906,70.76518664714037,27.778143744798196,-57.225404789653055,39.74621130940103,17.45910358808831,-26.983231100270963,42.918546824629686,31.825589893119382,-10.588076216469839,-7.848516337088978,-69.53294478842199
59,-52.76112619049733,69.45624453818559,13.854638943965071,73.36884021050277,77.00306344508823,-46.21484263919019,119.04765439405304,-68.44106689184711,98.73468478081537,-10.102436615136055,-22.972039011187924,-69.30347716187849,-7.071902798836069,-10.959045635792478,-13.963280070697472,-27.505614969589892,14.238819496071729,26.701509487736836,13.160964938257516,-17.196636842582045,76.42686355372096,-37.37387928568028,-65.47901333131622,13.8727631188496,7.05566004086757,-15.135639148428703,50.1928805411375,27.40314078740869,-45.14408553791216,34.44646991703625,71.51559582935222,49.86847645992508,48.012571465913375,37.51823348581612,-50.741904531783916,-2.2401965412335016,-90.32576932133783,6.854035970095071,-25.950202743467237,-59.17157050801354,-5.34812786106789,-2.0878406937018856,-52.83333224442675,-73.77947144398422,2.7414793231577943,2.9409278758928323,18.261685667199306,-33.861023886943535,-25.00334908512828,-23.9735986994877,26.638188124835732,-66.914584726429,2.1852887974662334,-13.055439534506974,37.9512692709583,-1.8573226387162096,10.14097533558886,21.437350224753086,-60.966272148974,9.896796479755867,37.879903793027886,-16.710205794349612,-94.46865837025537,23.4543791068528,13.73431281963119,-0.2724907458620689,-39.919568319968725,4.088867370543945,-16.931217983742737,11.201460879710293,0.6214492956128979,-46.5972147818042,7.049857285099622,32.63797453150351,31.970760816474407,-51.95410003468999,-4.837022129004437,35.72649409777578,9.8283314064662,22.088776245099773,10.98667147750038,-4.105956280514739,12.849700615524949,9.199103672566201,32.582261516609755,97.7043467496172,57.575899404665435,-46.657328650142404,-88.40375863580122,42.222277119933445,-70.3862993679896,33.64392521001304,-6.754389013892842,62.80221897523281,6.4298329587160294,44.310125420244624,-54.21293066652222,3.81356701017948,32.21489899532766,33.2032688077322,-50.91435632498324,11.204028127333132,41.23890622491098,-10.343973665927734,12.863730287070446,3.111792970455969,-34.11290691154354,14.532549748888071,10.944385803088712,41.34605663134079,16.24398173826664,-25.636708020983278,29.371082480624537,2.8862780654782663,-70.48053281046623,-63.79869044997099,-32.76683050470157,-25.406633203184978,90.68238487327184,14.308384334327872,-23.070834393307322,-26.667767396041313,11.041564844789683,-52.56857792476113,30.400001546350417,-7.936817167139825,-12.893484705999862,25.302283092943416,33.67879671230953,20.932299508217493,0.9413886248785317,-38.81037862411366,39.77217607495618,23.99111347024119,-24.539620325835127,125.48783271597978,72.49831302255008,39.51462327998364,-16.163143154009024,25.01116613851565,-4.9771753330752055,-56.41188018618416,-48.4313129792173,37.82669231867327,-26.782567303782656,-35.00149498232369,21.76031319487047,-87.00482988108858,116.86636541783344,-51.117337362501644,-13.595287756380166,94.69868568277316,27.70576180879644,-24.419720465876,8.697542555441593,57.6348781943468,7.214288213158927,-32.399476167394184,29.611300731296993,5.421978175180795,-32.63767141910576,-38.118233541876876,20.132200014762113,-41.24239900392557,19.4778705601685,-27.410920323751217,31.290031046352276,26.540686793758773,-16.366263116721505,-31.760891811565706,-35.257401098147525,85.82712932274792,-0.49527433160656764,-16.58497783781999,88.53889982204032,-1.218469754634992,-65.48519604761046,-7.594712057876594,-4.315850411110239,-48.57867882838304,-13.166525263496032,-17.341723546888545,27.93470122825463,22.564927445510655,50.87068768762046,15.01718192069829,-24.758994379513492,-112.51879885201653,-2.642998282765822,-18.17078020867651,-7.136553669953544,18.365190227496406,-82.67483333456016,7.811446971317698,30.312061616718847,-31.451540117666916,-17.01123319222633,-33.39967651294767
60,-61.260006538855414,78.58869294306744,-8.20622339116511,102.59235724531796,63.88557903063455,-50.729209376845326,45.19571300353457,-32.42669444503658,32.09283048049049,-7.989950659043738,-11.062723810027581,12.288409086914278,-17.81688713356195,-56.795939955453775,-62.797767842788126,-14.52446710691362,2.3944030291343883,-8.427452491627106,-18.76524033224912,-48.75996180000559,-43.872424038255495,-13.798258021278542,-7.503014978185981,-21.148826636208334,5.62462687354501,-15.365433749630935,-10.756890715346014,30.124714824573967,-13.774155921262544,14.270488121553829,13.607801299564164,28.542905930409106,41.30541444781937,8.226463511599933,-21.659281241123207,-19.769064139316537,-29.200312262303523,29.727834292053892,16.023391459679292,-32.21837296473146,23.357686338915016,20.108200797286692,-22.764342847469933,4.919029574797802,17.549800644151077,-9.187060285391228,5.156124541932389,32.96347548936273,-57.16077409116587,-22.525305098784827,-5.321465664151891,14.347024773056892,-0.43588201211994126,16.6422947416236,11.063356505383743,20.9526921220557,-2.0381808921840174,18.945842177501365,24.477018626828382,16.19831032090093,0.6383380003927747,19.6227789453839,-36.091440519942125,14.618588063917505,16.192926483918534,-33.06517341566428,-33.42408900898464,28.2925041029212,-2.2475067843492558,10.515119680114807,-19.977511493346018,-4.115060331301837,-14.18983136797291,14.761516659714324,15.131379383641711,21.203528460711826,-27.761853462560563,-3.9830327924913997,-4.826761470812142,-19.018561602107543,6.5964881911522255,8.124905771774747,-27.033810970033652,27.34020450280343,-0.5953738935725089,13.416723359260324,19.391823857305372,-15.027868472772575,-18.625338901400696,-16.60156324608447,-13.450927305498304,16.58483513288995,20.821910915408644,9.333568791733713,-9.969884623632682,8.352942363409875,-10.114996879378236,-3.8077026240393104,19.90025811706729,38.11205639561902,14.44098189805103,-9.2624049672064,32.968387877261414,22.118501132948627,-11.008558927563106,-22.04947049763091,-25.46591369935352,38.12813050522003,38.713141454426825,11.826603851220767,-4.56648331823902,30.589286543041474,7.578940918884575,-10.623510624011177,-1.968517852936202,-28.67276673242062,-8.646195115099339,9.183644182649193,-7.84623110947227,-0.5188386878868821,-12.472138084249744,1.9238552663010042,1.2386423913345777,-8.662611184088922,5.592874919460268,16.128139296256204,6.281242840661026,-17.3002804359773,7.695430641825291,8.836054174022188,1.3303817593446174,21.69005366310219,-11.367524430879943,21.11755808853634,13.094994013155176,25.315564216123065,17.238595832247707,-5.718702345438405,-15.26864847176685,-12.010770677668159,33.648381172089415,7.972498327985913,0.1714176555858387,-10.757801560657818,2.8445870679028644,-20.414591002516097,-4.590507981020547,-7.201338857145812,4.883918953634761,10.8923490643666,4.451953538225756,-0.5665009217521799,-8.458302823105507,-28.94585511312164,-6.605426333599957,-17.22195653688819,-8.835442236454954,-37.72551775373424,-1.4881512379692028,12.687895724627404,36.2306386847608,-3.9806821290270302,-19.77822841112739,14.52907132971355,-6.513705403906741,-12.61109821123203,0.727253241749681,9.966445495151206,-12.57826195480854,-11.95885105842181,2.2718838386216267,3.9358653485444326,-14.513563407925249,-8.587346278953955,-11.753761485158895,13.251070637054555,40.647520924816206,-1.594578071321664,23.071541499217446,-3.8742084666975987,6.997817675013356,-6.842703553813216,-5.299038397318569,-8.69964820700496,-34.42588585915202,-17.904030196674203,16.045732837471903,36.33310773749531,-2.1610786284623393,17.292675622358107,-29.085044948635637,-18.433639722047346,-3.905566712498856,-18.641591806680843,-24.55309854134433,4.249766085853319,30.015172151464125,14.508854587369024
61,-46.43246357337749,75.9056817198342,43.97617989800823,65.98901004042277,34.15389329187529,-26.643151930968298,-3.0859697473039285,17.685036114927826,7.461638878073886,9.286910695312041,-1.606313237598909,9.117122578325255,-34.84930619304248,-75.72470957978645,-106.04335703378717,49.25738695257721,30.753708492211032,-14.29513489334487,-31.373331829647125,-39.061316555836285,-45.02757646216606,-6.686748185025692,-13.681065966207777,-17.547213531613565,15.065495889137983,-6.907122824953651,-34.98267059323717,16.294550349223755,-85.70372325574775,-33.25235617174183,9.391562398405009,6.677162064891531,112.19496916174629,-41.78288319465224,3.4302424081108907,-48.26804605701004,-57.175234835900014,20.846445660211494,-10.822401387672983,33.90859682490595,23.095178004170098,-4.578726492460368,29.11075053244934,-17.667761109123916,57.74294420808411,65.84154183196978,1.6225685816046886,33.58322693879418,-86.6586599555788,-67.6324775111164,12.037073217401204,-60.850687752499525,84.98687591657855,15.84425491906034,-65.71009204098196,13.154448373283646,17.883626922576486,-11.571794520157088,125.07792692926834,-44.53107586430805,31.59611007177561,-49.78594181860649,-29.431357787290327,25.737198501295797,-75.28764321935925,-122.98778970480787,75.03684682570795,-15.210064922834032,139.00896319586647,238.4325047488228,-203.31834764162434,46.0448665656903,-146.99941823750993,67.33014793461476,1.4940948888747707,-93.99090312359789,-64.68487565898955,65.39705811668179,412.33884569553027,187.61284082546484,124.88269204421582,399.29246746708833,-115.71641762627192,-72.9899441360633,82.70667200639247,75.66038912972503,-157.76639223907475,-37.835987076035025,-69.28870414648186,54.621053573045145,32.33517595261805,23.474746711083487,-120.44492981861379,-110.52953551830907,14.8365396722103,38.466549832330514,91.90757616372949,45.92215840885607,-52.7256581340137,7.286569675827244,-38.5670664689252,-40.17524380993388,5.122057524275599,-44.007248067043975,-21.315735216270724,11.289517809318227,27.385604815546355,-89.5485213017657,-48.416408869724364,0.9151854789501928,-56.47435745290349,12.0679168825618,61.0791154418747,-52.226880135432076,-30.715042339491305,-6.706791676656383,-40.876595419363866,20.29838691983196,-24.803872267827813,10.65332592850267,-22.738896679889983,3.0659943311440814,1.1140445603204487,44.34260937993405,-33.37808251777686,19.05863508884823,5.443680765554864,25.526325133627612,-11.95226936214195,-13.96427662667319,-40.306597968079544,16.8952686281811,-6.977374929111527,10.41044755708494,-17.433170235566493,5.195478268396331,23.69268734356045,-6.993604010803731,5.848471221901088,5.373739649934996,1.3335620141370506,4.9651047565828055,-13.905595540480103,9.142528412833673,-5.162036270991955,-14.37348870340648,-9.13728351110081,22.32378697858096,-2.4829072472087583,7.360501306706716,-11.268220061104763,-11.862055679243541,16.84704639366481,18.712051241783264,17.501544571048697,11.312905091020976,-5.498058321549363,10.242414378214722,18.66846505203415,-4.939277972381332,-20.708048153274625,-2.420288241601197,-9.631451179420456,9.083255712754092,2.8527358641117924,-7.622631116548549,9.735721276128086,-10.167004397287464,5.906726644196456,25.90092290812397,8.655565919143363,-1.8233926328186008,0.44185400368459193,15.457405797570155,-10.877521718964502,11.832687176415803,9.103912698388703,-2.5576230675872633,-3.2074476750636687,-18.219582171771208,-11.146245749195675,0.9282464217766045,0.9710074821560792,1.6138294263087192,-5.503506377104803,12.4705210110388,1.3649939833117621,10.08855756487529,3.6827790268145066,1.6649718386505883,6.943915851272369,2.4467483428079113,11.476901468675488,10.480094806830188,-3.236234506745152,0.8779141799438853,2.5652864422476687,11.310285392914874
62,-59.0623052431823,69.90174928390982,-12.958236024121353,98.5381258766244,85.90550578478233,-65.24978073014452,104.04749981017491,-76.23020988100929,88.07734944525942,-31.491858450707795,-10.878241338689694,5.068926674842155,-59.781959967634556,-20.0885703671727,-30.299211589424793,-47.86904600003768,23.56017019407085,-17.97647671682545,-21.100365066440467,-63.36897344637644,-36.11166264992449,-38.6485269546972,-10.786267593626494,25.296221968562858,-13.333529935079905,-8.829433213116278,72.27286109137093,-4.914311497513973,-74.75530681396269,18.21793984077632,42.70838022524518,11.96356892826277,5.891363546552423,27.623908774455813,11.479683998022596,9.116986482030958,-84.21704328686744,-13.58907474401077,-11.267753798205263,-14.025733888661977,7.671651065656522,-14.505404707904216,-27.56186413250741,-41.26609855563681,16.80395925174217,-19.058251464358538,15.036177697795827,-5.191076285239291,-15.94153789788036,-28.33715610334877,59.235757342981444,-70.97781734568551,15.712066832598758,9.746216588951498,-6.2444528672674045,0.2800216473550444,-2.812568374731064,13.386464197280995,2.297330835568796,18.684308883430322,17.388991557828103,-52.56666030556439,-0.8308323250676896,12.336100394198361,12.597702432701173,24.218578929904805,-2.487481792691934,-62.86535794794063,-26.682292523748448,46.78902171389123,6.485600834061271,-10.344635621783143,20.81136547003035,38.26321269054194,-0.8241875755079049,-47.81831406732532,25.670061451370646,2.763642785744378,17.86473423295071,-9.4390911103964,-1.2943063631443028,-20.402836306598918,46.12206521845298,4.347809815405327,5.435290367175305,23.166749181900496,13.226456586472322,9.920589765679686,11.827465400451574,-14.762052042466793,0.3864208226811043,-15.504938260591507,-18.727124213666453,51.91909467453095,-12.324600314853543,22.610298743947148,-47.10817064217072,1.039441937597591,4.504674261311669,-7.707614252112819,-30.436823355562687,-11.907248644251654,-38.43252104625337,27.521845261298072,-39.64960535955583,-5.786625225817654,23.97436368761078,-4.446417416409455,12.140935261490425,39.25092469182855,16.51397194450933,11.91839817490116,-45.128170938784784,36.18390149369367,-3.5263878448941464,-14.554863081596784,0.04444500325597425,-31.44371200752691,47.96031923800708,48.16252055456992,10.587885079894635,20.246954577950348,1.1327878910344933,-22.062740225554254,15.836668310692414,-18.37878088925166,-15.168805554441715,20.061065662031858,-7.562564112226352,20.434097831052533,35.147192234664615,-24.276113715335924,16.36857093858299,-4.247513824505804,-14.347980363018795,32.91955757774854,13.45647526626891,0.37800853024952796,10.180835296470404,-28.29855463767384,7.801900914324131,-8.912493441561105,-10.227857906526348,-40.08035650768582,4.180080624185049,-27.896747979564427,10.06407362060421,0.3670492036129445,21.95803356170447,-2.350206853147462,-31.899244079823827,16.547150648624836,-18.12779903743148,-1.9634899758185382,3.549777663041372,5.150645055688715,27.296546641425593,14.739832094056487,5.0943946890219864,19.762888819474817,-11.366570149220891,-2.5299330882468816,1.8995947951656247,-11.055362513512213,-2.3770140752218056,1.7385793339193816,0.8735210380602103,22.678695422439944,-1.8606055551042864,3.1464181755096674,-42.526348341072286,13.975108758598152,-25.737577685895896,-23.200744283549483,32.860143128189556,1.975338096029737,-34.233030525784564,-30.97269153192654,1.2833134510893904,-5.952674928891516,-18.43667201831738,13.60522552572595,-8.874107220575137,5.857815482191144,17.71701195182636,-13.011095038241502,1.6032394679006363,-33.189445384359495,-24.01252237842083,-12.515794004640753,25.55418906780386,11.63174941129121,5.362453176468062,-4.154138076336274,-28.004769349219316,18.213849363534166,46.50438447497443,10.226367549532132
63,-2.4570636612527004,-45.87536773829121,-11.000449877973299,11.096039793281935,11.625298466083345,-93.38957995809004,51.78857073454011,-100.44271620121604,111.10738642753222,-8.641440890131403,-8.457840889833811,-82.12885473812197,-96.04964553027614,94.85648727952194,-38.62987822105947,-7.146525357386718,-21.144505697989604,-32.79998601880447,-38.28972174791124,-24.320663404858713,-61.37983738511427,62.89470283324408,18.104274079621018,-39.05333653830952,86.17570469548384,136.49595219004465,16.596102104803283,42.08762234868842,88.53290462278498,-53.18541134825164,20.255899468346264,12.592623633081,-10.51520564886462,-19.973844279145837,15.59895927780364,16.558033050125573,-60.889398546659066,-7.2743028805527645,-71.86030485428263,37.831973696608564,-0.8928584896325711,-82.32739199360508,10.825030314319678,5.712803965229312,-41.03757804946523,-7.032787273009353,-3.7997933571285962,1.56534117744645,-30.8304847969052,-13.48912460157855,-59.93768481495187,-22.750984589403394,-72.45057389655906,15.261453357804063,8.975003624906508,-3.8940773511440105,-101.91479331355384,54.454070704223184,-46.47663903001104,27.472007361804582,-23.476997430109773,-7.649558758894125,9.387540150057008,-46.70511541136769,57.37917890231823,-92.91024449623377,69.1075546855935,0.4943524800118485,-90.2300104779146,24.48596135559618,-19.369762569689016,26.99054993193504,-21.94706840408934,-17.041837738942608,-2.4185095388729194,19.17729443523063,-49.62629086656285,-39.709061305801235,51.33816814369056,-120.69128300139056,-1.7184306211272942,58.32827377606757,16.22715136689227,-41.602919558597954,51.545248836214625,35.66583629947956,-7.916754197788931,-12.140278017723723,-9.541797126825243,-75.60388793353754,78.36181929860223,6.372300670398475,-38.12920001700509,-93.1889512776579,-90.49768289080261,105.6976269116877,-116.74032983464491,-124.35178521266288,-36.68697900500487,-57.45206278163862,-22.759677278795845,-0.41552518252689125,24.215622553289396,38.69900274884774,-2.737966644794432,23.552154417913584,-9.633896287854235,102.80004992063235,96.80239451862718,30.018204520007288,16.761662524270942,28.105325327761737,-122.71243047824625,165.6556714251106,142.9872333958147,46.55936276363994,-36.06022682859819,3.9361673856088677,-41.84137260901647,44.35961385746309,-60.019045121177925,-54.90826650660882,41.31813413282045,212.09816000961487,130.95982843001119,73.65045737156144,30.4520976324738,-58.28725681376533,-112.56355166898798,-178.55018762371452,122.61922014231068,51.14556578700617,16.42451397398817,38.90334583872436,-55.52758060077502,-10.627663652362713,-11.033360493945787,96.3915301898463,-17.424465976862688,-69.74723060853671,-30.050515652718065,-2.392674454658167,49.4324666918667,-84.36320330676611,33.984772865719954,66.44298666014147,-71.50214096707747,-41.1827859783978,56.823249759254885,-81.99198825543678,22.086982101289372,61.257727570148724,56.60001468267331,-0.09545347477971651,-64.68856238359017,22.423858708818415,-51.827866403988764,75.69746269602395,-49.47696487184013,-68.21154865556211,-118.90990718357098,-42.28074428856543,40.75176366597496,-19.00777726179534,-42.849632794877145,-2.583108024233552,3.984406757823252,67.92037109552727,-22.351974145167063,55.39578075299158,32.11833607761281,-1.5788149407513012,14.889744906036185,66.75143303970276,4.285684801067811,36.629065922756666,-37.38903446923564,-26.469169318563935,-67.75235619370407,33.51445534541854,-16.521108475642265,-0.4887010306312616,-34.12666251331775,17.84020141570339,21.275284290628274,-10.985942621946284,-43.816765571592605,25.879757385544494,4.930595107599054,4.094443126974088,-0.8326374226662009,-13.51791145339896,10.449237057187316,6.541737371820566,10.571650468354557,59.47302020178466,-20.995427967150366,-26.468475329557375
64,-8.405793191565557,-15.897089572186388,-10.601569584947088,81.89292732438076,33.43940279231265,-125.71788806332943,23.6095771182527,-132.84176988014417,57.48429931772949,57.393823661178686,-100.30164692951301,-176.88233604329696,46.99970847275917,66.11149089772655,-71.36891700040275,26.318250871747885,16.163753903969845,-24.783093603781705,-21.649273703544534,-20.54312127510204,-151.50370628830893,-18.559052346897158,-54.40569403821208,83.60980282737088,43.854522496654084,-8.860421694153835,-5.938442731180195,-73.35997128075938,25.888768432033434,123.22180627535217,28.870361302235438,-18.634434511940952,68.15614342631898,43.77708264841419,-73.35835663131253,9.457799168913537,-8.632042633494041,63.1475133508939,-19.547657377151513,25.652003409835554,-35.55097569628409,49.822603959410614,-39.887033735638155,49.921141756813974,-42.587337943268274,-3.91103358938811,74.02900322148975,-86.6744621386404,7.035539198159488,35.069349268818094,-7.546033892508993,-54.89836499385723,-12.204071940938416,22.94022254603886,2.6637439208478426,-8.132127256115393,81.44295296410415,-88.94979484618462,47.29398950756033,-32.887773967098546,34.46173093068844,-51.036409886700994,-151.24806119586395,-107.48910863770173,15.70395216333582,-2.6153879047483892,-139.72645951083126,84.10888802404227,26.786841834875354,122.51810842620274,79.35836993110063,-133.9155033834067,45.172802048234246,161.21231047573028,-45.17787023141735,-95.85190509983114,-103.40516349136165,120.25421284832754,-15.873150795559559,41.803629171474405,-148.23230890366372,-44.024024334952905,-43.60048366227694,-90.8530099245084,96.99261840155349,-159.81117546174474,-49.180895109936834,48.020903875877046,71.24348078075461,28.742601978235932,-56.95546775164072,-147.56015416112396,6.850855279019637,-42.997260571936614,-223.68365156960712,-27.134074572910798,73.27708923899598,-13.355871850320495,-175.88359416813105,23.08462370823332,12.829059480515264,97.15190891670936,-71.89221087945447,0.08397271575036469,114.55357867141214,-142.95142394292102,-12.83304555139616,96.48716052166603,68.91565239789308,22.919348163136277,65.60299747920426,-108.46326311781465,-33.7986479295296,95.58144153469043,-122.73940445903459,-57.824179027412285,30.04640001152332,14.491851536908039,-103.70721004360088,-39.67393837984799,-53.997463449177424,-88.80284485492264,-73.39998982429499,44.58192470205889,-155.20638530298558,-66.6537695705688,24.858854682645894,-43.52720281054061,78.78186188971432,-91.50068426013661,96.15700533624656,-7.107902325318401,0.6517850183096372,-19.560961436603755,-34.60269177996603,-24.787391802662526,51.095119302594746,66.96694380452543,6.719491434144714,49.98357146195202,-17.96366835189311,14.97610912616202,-28.037929430372564,11.387911720399389,6.907705234099865,29.738885643283634,24.234812593953684,-28.47067271052289,-34.579050092091606,37.29416312679639,6.337055728440717,-7.504792468608166,-25.855265285841607,25.942391970794162,21.00619008938841,25.764231395152326,-4.354864949679757,3.7971044709666124,9.962996431105664,-14.194729169549857,1.9227325624056464,-7.798321890851122,-8.787547572278577,46.16758903658217,6.93595850805732,12.543705031557852,31.1552120396627,-12.430496820705693,-11.350935003326288,-39.91773685021198,-11.044250518158396,-61.17396785232215,-9.886153161561875,-0.533418094330701,-25.19690930086202,12.11257314244703,9.66484587578963,-5.058426111571749,-7.669793319461789,-14.69669747744322,-12.957498151638646,32.46181567526984,-4.476190716447267,7.671086045347442,7.433168478486106,22.961710200997345,-21.881689744319793,-8.926440865833959,-11.497271765811245,0.6533821831258962,-15.901542567896922,23.005714779006293,0.32207802988668865,3.4294130801974023,12.000396470102412,-28.247955289645255,27.796670551934582,36.23424996892801
65,-63.49759829443304,69.66895424122005,-23.071904938587586,97.2810356978791,79.53858994499595,-60.39727353437515,122.27605808754721,-114.57859229206886,92.4207597046682,-49.368476538751835,-9.218773008558115,-0.27900215900537084,-9.051594379203236,-31.922622694953084,-76.75471029706027,-13.440496824432012,28.20167323279432,-36.548689805826996,-1.5311704459911388,-67.25953721678921,-120.61400133013596,-43.52581080115242,-29.98255229738407,42.5222036322749,1.767067923398453,-17.060921507113246,91.71846316944246,-71.91751322201426,-74.52563903045926,118.25935114513685,61.85356670539159,12.028997065885703,36.20082466494314,66.57528155004879,-2.5826383231749896,68.57887876004447,-55.44939028672116,35.37395967248171,15.195021343964664,6.59099515037114,19.354879830551816,23.37271449722676,-6.455943969758154,-51.816756696464374,12.252354906331663,-44.856015418567296,71.03736459801831,7.181000798897359,-19.822034744455646,46.56645831643182,-13.494279954074571,-6.596169751899546,-37.171570813081786,-14.006282148757617,38.703151032772006,-2.792712657016149,22.008267655228686,-55.67159934665726,1.5619569349086337,-10.878107810232475,-35.956427246723536,-29.74879906610335,44.05551502391703,24.730835946135294,20.69890115870519,21.43907335180158,56.8591108448614,16.85644055542182,-0.9172267000707689,47.95213752297901,28.435083228162558,-18.309766108316786,40.724143753577174,6.514167949269952,8.827758097219272,-22.796910511661483,-32.7258421590789,28.146309975219722,12.097642170600468,-31.309519502451277,0.5536568988649849,-49.973121140365144,8.72086142592756,11.147722166470412,-4.618422333516698,-70.32785545013962,-25.515371526119914,24.22919617143044,34.12703381906048,10.790486160265736,13.776744559643268,-57.28785325605806,-60.33004715567488,-12.836582774115323,-22.93355244036461,-14.51110271164032,-3.058649232175994,16.689946863456175,-10.363014455795566,-62.59364160335802,14.686752495830605,-35.53284901150704,-21.397374394633488,1.2580281479163582,-85.4333642191368,7.28546358761524,27.162190475384595,-39.476447243117,10.37275426112677,7.101717979085384,-7.2438976124956955,-51.22262868230476,-11.208423634340075,8.376386650723658,-11.335742071466488,11.27945906507778,-28.9367125695678,-27.134501178853085,-8.0091140016402,2.14344987225711,0.03880179200881151,40.710872354118926,-38.15193590083303,-31.426286688712878,-9.371132010683231,0.8282926982059067,-57.72205987939721,5.229904808047426,-51.93973589027518,14.75797438240145,68.16157194992563,-1.1613398435666207,-2.387966755766724,-39.491957508302924,30.602297602172765,79.90854544703181,-14.26301774066145,-37.86200540775378,-26.859067351111996,-35.60896430497235,14.062964224724757,40.868728894012996,-13.849912682890958,-32.25748013116738,-24.20193746305034,47.405848621990586,-79.54434727254963,45.447673628418315,-52.19002751425182,-14.653912398894366,-33.52052515196262,-90.78677017608645,-4.476177465479103,53.55012889453233,32.85612761227145,17.373359155889165,75.79799404822009,89.93814281635927,-0.10889149049760216,8.480632246762712,-22.04541816545154,65.18463620744163,37.03784087784657,30.833623540018007,-21.294616819076914,-74.72268867766766,-45.95065343821156,23.68937325206409,-0.12703616393456943,-15.242493784935327,-0.27058511427832677,84.39763301015067,3.6768939099662425,29.769362577526508,60.005816340571656,-39.662005279902715,58.744462439741014,-94.05394846499502,88.25249657387076,-63.53235216542572,-58.50175893540511,-48.50979077187381,-43.01507277591397,-7.19342699216705,-10.227473247951332,43.79195489446033,-20.88724685878339,10.432099351478314,-44.02311442264711,-19.358298634972115,-64.2558878756441,-81.03307800821659,53.02786342273915,-64.74560188555249,-9.822016062580712,-38.05846000880368,12.608258958324939,-42.24022818020799
66,-62.008129875254966,65.87978970721151,-20.969371126302757,57.375806610394555,46.40577474882282,-10.027723909338397,85.19586237174508,-45.905596726116244,36.4605186955983,-50.29171528658093,33.96065742536898,50.36069380301524,-4.747403419771145,-4.860868862001979,-53.58943074249726,-14.812751617875952,18.61080870164477,-24.796392969012768,32.690249384020014,-5.825382260498566,-84.39641892861525,0.7663716428898059,38.33954036810179,36.098451571628004,8.71233590002171,18.932706792325856,71.9635083985463,-23.607129993179843,-13.561262825127558,36.60165141258982,35.60280797250946,-36.70016066792967,-14.050539432428677,39.35343551504063,-0.18160767503393027,26.3559139207944,-56.80479197331621,29.576493665938496,6.181840757450333,35.5880956983003,22.501556017749216,12.511802550227356,35.08027026822124,-5.031817642975697,44.13569202847523,-22.744471647548604,-14.3461986918182,-2.7275712660748366,65.66661272394678,61.450061118882275,5.4687004592502,-0.4325899759279169,6.283694846481331,0.9069821638076255,31.006607729726415,4.489758217083765,0.02553013765391987,-14.709533992092922,50.824288040391394,16.953236078263473,-36.64194260042692,40.297504122027306,10.478748128183573,-24.106302662828913,6.711468963760366,60.56784768360101,55.46837378905596,-16.002079907896796,-27.44098601334543,16.15756020038272,-9.026350348889242,35.54937476968427,-10.930748739939581,-33.83084654198246,-15.014596442001558,10.388205880231695,45.76826012803943,13.963760580825568,50.35353027773759,15.774533170381941,-29.54173219060223,-2.9200468409911817,-34.29932407867032,26.681653352399053,5.659944256844755,-3.6713261544953606,4.809418362949556,-23.563206253238608,50.007017383036185,-8.116300106470721,32.249803337518664,-31.030098489550014,27.376822606974923,34.21412330857615,-17.50220642362756,-5.069612958848199,-24.61527356070917,18.188504658359765,7.792045400732794,-11.407704561587067,19.670807643980268,-1.8137458075103203,-14.973026523024314,-7.811809014358177,6.519556861565266,41.827595402837744,4.312979344262684,1.8246997104572706,-13.605331135988864,-1.1752535781806055,-7.884368754566969,0.8791159684332858,22.8403547460607,-7.081895949909896,3.0847472810484087,-18.08342694227823,11.605759517610672,-29.691638891493596,-14.617834302400968,-27.977801783460436,-18.37789444187636,-6.042781550659109,-13.038782335610001,4.148500947154991,-5.142760099230234,-27.76130820042005,-22.795036628267777,-32.06232469500186,0.1552437900647906,-11.787377029576596,-36.359625294159656,-24.517033943257083,9.74024785015478,-48.691362183957246,7.645491794445863,70.23502551064409,-15.478953534493456,-27.63464630137149,3.5135075004692675,3.8063651390939452,49.40470160984562,31.755677190368658,12.291859075326881,-10.513267662937485,-7.211633153989171,21.03484010585162,-20.10110206437695,-8.08290769113016,-22.081735602898867,-26.46502278058661,24.927163539829632,-30.445032316319246,-53.8183186558584,40.45899216903493,-5.08554570150867,-5.871793145012554,-20.94807997637495,-5.3699759076239575,11.553572553936867,37.35942310271894,6.0665439264452035,1.4781402773306271,39.0590410724299,23.876279930627952,-10.957360294584282,-17.752762051270246,-1.504737896910613,20.20090845297419,-9.02459856648949,21.47236086173653,-3.069674383954035,60.20934333412144,5.03974867224471,-59.499310237838195,-31.990840937589102,10.272165087826952,64.74691735164916,12.340636421816706,2.912475541898395,-19.37279510333428,29.88944726774106,-20.757820261818793,-46.79883452291807,2.704450700146133,-8.144246700622057,-11.370064740502027,26.65687380764877,34.161298678904586,-39.61006282713065,-3.089890354883489,-58.85962354649691,-53.40234117302297,28.97606956483897,11.197647166974102,-15.883215423464769,28.35885240063222,8.165114122421247,-10.208848392735414
67,-27.443798103617844,2.7585865470754936,-14.000180173382676,63.30245355996926,42.80404434027386,-98.69411718787433,56.989850658812266,-109.37933086159836,100.32606154516901,7.814101776190396,-76.82274259892078,-146.05496508842631,7.690453693270787,127.03933570662208,-76.74083868391645,46.15689055964336,-32.06651258425359,35.57837957991206,-28.430245308612772,75.67991084921412,-122.97301786544999,16.89695778467202,-39.20638902805392,108.49241506456136,76.86246127190668,21.627574938670612,-12.171782029911139,-25.226931043935863,93.03577289368023,118.38884822619863,-7.810210449154128,-69.96317697215929,133.47390197100663,81.26546065663477,-75.16099969346669,-77.99750003917487,-71.38933051101705,30.779676454944592,-8.830245683748567,-126.69833288609523,-14.338106247328337,-15.919545396263123,72.12588575283412,274.90504975320187,-63.84067446929011,-33.252647197008564,27.72848786785525,-87.20666818149479,80.71390088328172,342.3392545593287,-171.21072601185557,123.26608046855506,438.4847830117505,-84.38469098331413,-252.80724880014589,165.6621011548209,-148.63295430731227,-45.41082343836487,-283.4951862566476,-14.9371589570865,178.83465967960697,124.87240918917429,182.91477599906355,192.1738334353324,9.299442814434295,-85.10396928749807,-3.274280947473106,-29.252175517854905,-16.255354922823887,-68.27503106868053,-114.71067513452425,64.68988208419522,24.655313428626783,111.63120522652426,42.05523147743751,-9.194717728276375,-31.17941323112369,-74.5207587360997,41.795306082297564,105.4937636327439,-14.70411666189564,-1.0950477803150513,59.4531659054774,-21.483661564714616,54.31555592548928,-117.75436299374226,32.080204367085955,-19.696328300863744,0.43967134951538206,-48.681800303781074,-58.80071890764342,-14.744191913311774,-4.539549657500839,86.6806219425154,-17.48709993089291,52.970171134114835,-39.033286010222454,-34.04975402037803,6.8459159987309075,19.739755915429654,37.886335365464355,0.23113850070848427,-36.530264607327524,-52.73816423113397,0.9747553010132568,-24.484483165506397,12.850196243760287,8.053576615953697,-18.791871865940497,-61.32430934034408,-16.746629813545162,8.151837332584817,32.51220497097347,-8.266752279899164,24.27304060847648,1.8169076861627382,-22.571200281501874,-22.11933047054336,29.090458770598765,-7.593955249656695,45.031222087995815,12.062630820348787,-7.160102017021593,-5.58829111320008,20.987306554186915,-3.3147115842740082,18.066349043551316,42.65341302756611,-5.550318592904952,-2.2478411097044173,9.761200186396914,-3.220713396064601,-29.623566707166894,-10.875012855022643,26.60414700493879,3.873323713740626,1.5893184174664388,1.8206765656380322,-12.685425138933029,-5.093237137038323,-17.873279269234615,-14.28710672412325,-7.287563274926494,-19.363048986687133,11.844111424879252,-8.966033489661978,-3.3773455992968455,-4.553407694229552,8.734945227000427,1.8539366174526455,-19.286694668275185,5.237749257402425,3.322473542614472,-17.71281969738423,-2.452899692353761,-8.805325982591336,11.229877646634286,-4.644831375927193,10.240363390227483,2.9732455999133642,-17.887412002722876,12.184256779011946,-4.871353614443058,13.236968730592912,1.7626423713988189,16.852894998424294,3.854933463546627,-0.5179588211549268,20.136692379464453,-1.9195397482081762,15.99904017973783,0.9895435182452353,-10.999981342945532,7.205422791840919,5.548276912843087,4.37141536646531,-4.365241306152348,4.625343718894371,2.6490688514766467,-0.14308351314198448,-0.369126186875418,3.7075758717294236,4.148833707777489,-1.794477322705137,-3.086668921710535,-5.173235000791758,0.13644475715303667,-1.3494928089922413,-18.98589053109452,-5.963858217675623,-8.956344255545506,0.547620201461267,-7.105146387502341,-10.134771588244682,2.3427034646512026,4.158364483351242,-4.9851255969857915,-9.043211653159018
68,-65.78495602489258,68.78356448808542,-2.400042535704846,83.74218041430824,90.74471618293653,-66.14622352938788,114.74347875528117,-64.6228146469023,119.71397319301295,-36.29488257423966,-26.28819213502166,-10.42821650787809,-109.40631009085722,45.04965557269256,11.655981895408836,-37.07447849755944,-12.370839122979804,6.861809086606694,-9.482986889764263,1.8962503554372678,32.620465547505844,-17.66505528006133,-7.695416815183164,1.6462061580011977,-6.494313416554733,28.306514257508745,45.01241185844237,33.86671361776841,7.483565791689111,-56.08289134460461,2.849688089102907,6.509273327730289,-13.271471959053612,3.80587408176929,-14.707570224395145,0.20646555172503597,-16.323655681251246,-7.971604960575595,-23.922422431209664,-20.16552991758463,7.016262633346178,-51.633071542395356,-4.871092684243401,-7.370854007147616,-57.68964317216353,18.55767248741006,20.562561821505167,-23.469260370854304,13.372462380208848,-47.537280800057864,24.47982956325597,3.8366236630235098,4.50864955566377,-63.806049677526524,-23.39716992584588,-26.69781686718536,-23.252832303895755,55.46037164437114,4.251461952925417,6.1187315120307595,-0.635163418468891,8.39042653173334,14.567720209586616,-17.258693544570455,10.70699552842456,4.997421330035398,8.326314736986468,-55.668041014504986,-22.882503392153545,-12.16697469323956,-8.096109016978843,21.70094679164328,-14.677171338970101,-24.822575636783004,-5.923268071821684,10.015589537611081,15.621021355235142,-72.19710954678574,-10.060160873241122,-18.19294233851668,18.447534851355616,47.86498746025963,30.03758964004005,-65.31553918440335,46.67512664779097,8.928833211103944,-56.79913209277388,39.75940626794913,29.86447880942712,11.593092956964496,-11.625540854111179,10.49858666828527,40.31227580725469,13.472912725187046,-19.487930044581358,8.863888614507534,-12.932722178797196,-60.080557723040535,24.826014671414207,40.019518737705795,-18.174601109497853,36.821588315600664,4.568124239572848,-6.584037682648473,71.57573902319801,-16.756667928019798,-19.183347141812117,10.51130956690802,-31.62348222792056,26.91516991419732,10.59321209359451,14.120575945524443,22.16250161836306,29.75543500381437,-17.58535560697569,59.52004980192513,-1.734853778065783,39.989763920058834,66.14378820798636,42.476190188142404,-10.54613857276479,-39.84707271183216,34.192905632964354,11.622659548965165,-22.95878486119632,12.288458624543033,20.737590802598625,55.53051507875626,-27.228134748204806,-74.6660333063632,87.87469382635699,58.03111474353404,-12.912079076169537,3.8918735922291674,-41.260887020474435,-25.101462462023974,-11.766093501910404,-89.31074753333851,-14.039765468729042,-32.00392353505685,-49.57860931043963,-33.18379617007903,-4.5111638698290975,64.79234558604298,-14.281426857902574,-50.36714316003282,-19.87974883656897,-17.830536055150752,-115.54082804523853,61.81828588297634,19.931259944156093,-14.277222196926719,-30.078378351612074,83.23915688178555,23.179811869774888,60.30458512813025,68.0144611664733,1.4707410901521314,-24.458068758065295,2.434488830642868,24.00703459889213,17.625248444189644,15.110868216497535,10.250383931845418,-34.0896705680966,-87.38082880289821,116.28677173992871,16.197826124489794,-26.64479313865376,-91.35978232451166,-66.09924474149207,30.829471493357794,17.60180098475314,-70.55071776220207,64.86142927697219,-49.75055173486047,-32.38525272767505,54.945941280178864,24.6944835616244,87.93252444538128,51.404854811166864,-47.24609328834999,39.8843891720132,-34.468025392251626,130.01419753574524,-5.1216633069312065,58.698899854279006,-57.856588776201704,-5.561684427161835,-41.008164191889335,32.845516874697566,-79.07125439130996,36.24698644904372,-6.526242852628574,30.61556474137579,-79.60389397722624,-111.10001878894512,-67.39510233028192
69,-71.83071512511184,72.926557008922,-31.26629123676665,80.6709988530462,71.44110474129022,-36.372903996755085,125.76762679889585,-98.64386700994162,66.30504931972335,-34.296389384993795,-7.562414100283352,-31.82559373952995,26.61848235036623,-23.69615927838977,-50.45249309075094,12.069969877683262,26.601641315437647,26.256026125963007,34.76724077672307,-34.27042875516497,-45.137070534360255,-11.896522212386307,-54.057662421065764,22.41873684461817,40.24016223762718,25.015151815735752,41.71264998908241,-54.135088923452095,-54.54836272348312,97.06634318454117,37.89964904535774,13.540982915914068,55.124229221940716,48.459815268739725,-57.593720673235204,14.148128739608818,0.33977784384411625,41.936471210545804,10.454142087186387,-52.65266053620431,-17.698894428339308,40.278688538363575,-22.398807577447407,-36.81226613235851,-4.974385350604385,-7.814879684848193,42.47500410953632,-13.084410243542674,-62.78874728779062,-27.931631709559262,-50.35003485772275,-9.450399896448648,-56.12880852177242,-66.86141817292466,57.81725459577199,5.682210198884414,80.14911398883532,31.046236144761977,1.9920030713112151,17.63982735152165,36.44974198819712,-22.147118523605215,-7.261277607565792,31.481915072272578,-36.29176389919424,8.589469747423081,-10.815409826817994,-17.87750187059219,82.41101877920481,-9.776771024979803,29.51662783595119,-44.153047611796595,28.07426781611538,39.79092566002111,98.1007121229743,-39.238515695105924,1.9781347406320402,-60.994166989860354,-64.54807386464869,56.3551996202657,31.87693643990212,-20.772548090689916,39.58389469865217,39.70756868092621,-43.6734569899362,15.853478682112142,-109.20954208484771,-22.467525173787337,-65.01243035837909,63.29981736981445,72.19898924629413,-16.475505175638336,18.27718422378985,-52.5585657581579,71.04101031305369,-35.80371447419443,29.269018057624564,-53.118829875199545,-2.084399525878703,83.40160752519115,-11.395162826944151,-5.615817065529128,-29.09423904921349,10.269575676337613,70.4670786010759,-20.97387674612727,38.46284763004847,-0.4349578059949073,-34.715581949494634,10.21446405859492,78.88901422864308,0.7345312929686381,-19.29184100223785,-16.278201168399736,99.89945784559968,44.616159588496615,49.07325597773561,-32.68514747908874,11.258750916596396,18.06878225299034,41.6636499655009,9.234959699923754,20.161635878958027,32.89650577213232,-17.186557560443795,47.21484291203373,110.71380330675876,41.37696634849603,6.7228064890840695,-25.104071437589848,61.37499709768434,40.28013228014509,19.010331070020055,-101.01360344174263,44.57712692862684,-8.339006997604736,-18.47688689750054,-12.19990633617912,-30.625316065324473,-40.4009140009911,-113.97704981764042,-34.94827473423504,55.451598595541775,63.39069331472754,54.22067398372041,1.2542924216855338,-33.07639684046012,-24.75782476319857,63.3134722278814,-18.470614675374197,-20.160448015122952,-7.442293191927421,33.50370039799448,89.58775019706125,44.84697317028195,-73.55528561382629,-79.09619041924046,-98.47816241298015,60.858009349148524,53.57089165297759,29.62071392652735,-59.393494165388624,-73.21667339159103,-2.9128066698366353,27.95532477280534,206.10650319588612,-21.44363854401628,37.891346969929266,31.74316965122663,9.471057931915723,-71.40733056122963,26.96878591426181,-119.53252044816641,8.308971420290925,0.46992543164133066,-75.47074357364927,-60.50860865152253,75.35274610342942,-4.079445968924909,7.332729730757797,37.30010716065869,33.59953221977358,-35.89646570061475,16.47868762912749,-86.02711763290499,36.928255993744436,19.765508698140245,16.72571257086236,36.413721115438065,-52.272639062527105,-22.357088557988643,20.415604818442716,53.260115429120674,-47.53886793069482,-19.042957805306422,14.442160343013377,-33.89733775106539,-93.74082859962887
70,-59.62814471728234,63.188963594821445,-13.284801945941748,66.0725216149927,71.9142596220126,-42.07307325599938,86.14754216643416,-46.01994209335078,64.63051469929535,-18.22257717701035,9.57447532428878,0.9714044829931123,-69.09510138160947,19.649153035386966,-37.459917103710836,-18.140852509699616,1.8283269824839326,-4.6976499477276485,-3.6658397260528464,-4.162388909999631,-26.00292910290553,2.5145936697255618,5.228622542574841,10.268575033328396,-2.063994947352721,25.413718582614294,33.963264591747,26.814033848286034,-11.850391867141028,-19.887213287508366,-7.018693054854365,-0.7589205259324197,21.15400349377406,10.589367095434831,-1.5758917331973195,-25.34800044981329,-45.12393586881577,-0.3893767525573304,-29.421661376223472,-17.679163526098662,-3.412081514529188,-34.819838465621935,4.388326733853971,6.476696527379656,6.8106111163920895,0.0027188442166753424,-23.406107086659063,-33.02717529368043,-6.485782657574415,-0.8333511519831884,26.255972186352988,-72.43089909137798,13.564873430755686,1.5618763749835958,-39.732032556681304,-23.054216846478475,-13.55378655584245,31.7935314261218,23.97884158409304,26.99533296654173,-12.102842450465513,-22.71019559822843,-3.5965721330987757,-25.34660053507699,-16.69153768883208,26.962112157420194,4.931519559766577,-74.99984870494617,-44.461793079791065,25.284106051618004,18.17108499358646,-14.67456244291575,40.406046795742036,29.633760637769775,-27.440298664679624,1.2503371949690838,23.42447296024108,-49.57433963478986,60.76537086260314,-22.30333020496579,8.175010941159263,12.526879313210538,18.131382364867576,-10.49877401147827,15.694556648592329,40.08016282438173,7.927309473179404,-12.907649931685341,10.379987772805942,-30.90460406645567,24.14513826657938,-19.391353501182643,0.5445334224895938,40.784460808097556,13.75603738975483,30.160673995179508,-19.699905216644268,13.158517970938826,-11.29437455666224,27.544701917840445,10.409161783871015,22.621307634920484,-21.268885488460214,41.65261709078448,13.926084068808168,20.789652081899742,11.183646700795075,2.620156458197867,-37.05622966074182,36.088561618611685,-2.5238499110828134,-7.627955164323368,-41.11497282097252,39.673956896425324,5.3498833290144265,-7.129882134418076,50.40302902116023,-67.7397336692109,-1.3423889179981792,13.705859215383049,13.655055144131682,13.245562519224386,19.835270116680594,-17.326419186432044,3.9747966582966177,-13.384767685441467,-18.23242565985185,-15.34291399592834,-14.664148890076078,-6.8422702381713805,-14.510874451592326,-19.796635901102857,15.24319301638148,-33.60392129719816,-3.8488496427709684,24.86529369791241,-2.1187234477334793,-8.176412799057188,42.28276554390611,-16.03683657330182,14.108377467817872,5.688945812081506,-0.21154770403509007,-31.17295195568644,-40.93849988752513,-35.38389632366844,25.407238742441812,2.876706896853876,2.613659681595834,-44.79220743204519,-12.150228152775933,31.071284072435716,-35.85219123790795,6.440832246924884,39.214123603079244,-7.69412214668186,-6.7993214288231965,-0.08175802161162848,12.563204002706653,0.5950863257572792,19.329080053421738,-14.86733361747816,-3.3679857194192118,29.52328524878759,35.82216622640711,4.815675743578554,1.722285699992408,13.84157279078337,33.22121526687827,-37.31958945100666,-58.68624725805127,17.42861568797788,-19.138188368485974,-33.727268229389814,0.21806950412831372,-8.275887093731672,-24.602194238161562,19.69799787076796,-14.574693819315831,-18.4460320035083,4.835445431929423,7.292581404713548,-11.749125650987608,29.738722122851204,12.815537931913674,-9.355735749912139,-29.651245438469672,-16.27647574288979,-46.685188985389814,-7.413866187948164,9.507626248428252,19.471759144038852,2.659053059778123,-1.3322905146802635,-13.667792969157066,-20.9930640638074,25.460693204893502,8.089135360807473
71,-6.047157304584928,-11.339599595644229,-1.5518976397618927,109.80228989016506,17.28480624902962,-135.66951009043947,-60.78394002298237,-98.46972238805516,27.631913768311936,29.666755595005945,-72.92011450138247,-66.33156802867771,59.34339279871131,-12.015055907653721,-122.00595434489075,22.767440277627212,-6.974746814205609,-115.12101200424202,-68.47892765209725,-54.912882074107166,-276.67748873972994,-23.987009918857563,-35.8290799904646,107.20476846255411,27.79621080819979,15.630179988469102,-88.46021684307159,-69.41705507846599,42.805813478446765,128.5801709122979,-13.434697338961913,-81.86001086681807,-10.333953373448166,-54.81487269608086,-12.234355808424421,-22.352795316019233,52.21584582363435,41.724405446068054,-52.62893031023802,72.43328636992013,-43.97963715804056,-31.113111908932215,41.09013827392798,107.00395740657365,15.496468909194816,-77.57936089388538,189.45869398092552,-4.012947911826305,48.79349396058481,20.19217311667855,-116.4200288570395,-19.055491375247563,-54.00541139783372,31.50642176131574,-16.790359686697585,-89.73745457441704,224.69683270550132,-48.95193886780988,169.53788337599258,-178.1981773487754,-119.24984172740945,-39.93460207495027,79.32783864217353,85.36253353811762,-127.91451717320476,-52.037513283526614,246.94809348602095,181.30719756992403,-98.19673283974065,-42.11272343548099,174.91349214676978,-10.23522089788752,219.58835815644196,-109.0546454796316,182.94002267836433,123.03855187153786,-7.272436344978183,-137.48100990980606,-48.377455728868725,186.35302095077915,170.31651614292366,24.549462660364906,-44.07589083928413,4.720743564337815,101.37044696130874,118.08100073169061,-22.569620386041063,32.10241535589374,145.45078428603534,93.2568412725877,-67.45867122763563,99.86804735559569,19.6069060458336,38.56186710761663,23.625873301137297,100.25982338949392,-33.00429036918768,-65.76368867071233,53.178697289481896,-4.7639283060119215,28.374602986990485,26.53717274304401,61.0855493583412,33.7333052425135,-4.922097890944587,-110.07830081283001,43.667716877248424,-22.43749947567986,28.16869979069439,42.85772716171426,-52.35530160725638,8.820796268983576,6.217463075666336,-35.28621827932179,-30.704518569359447,3.130190344003439,-68.04952526004121,-21.392238506810095,0.17121725728638681,62.18843795627418,8.1597282960409,-41.7206109277289,20.72472744680253,-40.092085664020274,-9.681820935237194,-29.601979561655938,-46.29104931225477,-24.722099425287524,6.466661668254773,-36.15507245299136,-35.11345646208172,-16.178140646263675,24.107580069334805,7.617225670604844,-65.91312107619659,28.615382062986082,-21.471600235452033,-17.113962825221066,28.98112401388079,5.744437396577414,5.265343398082808,-36.529216494211504,5.3652162900985445,-24.397237709466374,-0.0051915309661274,1.7650017242966012,54.44038077297928,-23.834279766798513,7.517032016822925,8.012461327459972,1.6198965121147033,-11.774647068856549,-9.379317515845166,-53.6717533283081,-6.954958361215367,6.43610897387416,1.5846056376293303,-44.06287091582798,-37.3068039069079,-38.343197033306595,-48.96010737118177,-11.991702070423093,25.07072445373496,-30.728236163361004,-13.217653064557162,1.0240512200892729,-5.6992028368735435,-10.136654757293089,11.0804873961241,-5.5329146670878995,-25.954668845627246,-38.64918545185567,2.621214305152489,1.5874662044416528,-21.51230891066681,-2.496372778795924,-7.9680695006939075,9.635921891431241,-14.512647837156845,4.184599277427818,-15.08845339800823,28.260190721897462,-13.445650487813971,17.758090845061886,10.109183100873134,13.60849573343062,-22.31889045157642,-7.690339842113367,9.24083191488695,10.6070354459644,9.664076910973314,-4.3757909989599435,-3.478297897724645,5.0765821240083415,-8.900902098303115,2.219933485818258,6.177617065260956,-7.802918378533469
72,-35.22010859835675,-8.761467296827773,-46.00185269783761,-65.10516672968218,-3.555505354165228,32.15773402934314,135.1578046729652,-76.76203971609037,113.4830068015894,-49.98375598305048,44.90205981383012,-31.985301352136922,-90.21537993950028,121.14447739778898,-23.323491928799488,-22.305596600078204,-21.178547826222054,-36.16597547655135,28.749258435407693,7.578333247171706,11.367056629801802,-0.8139207112180803,36.3134418002094,-5.636334505905032,-3.3587875954769157,44.13685592953658,43.3053039815666,70.00407646599808,-16.023593173947692,-56.612523342800785,11.808829514942316,-15.199351879926244,-57.72176660775817,37.28546875791982,-6.298759415162505,-7.690041560359645,-30.73909994712529,-24.901970971290183,-15.387113553686495,-32.188257164463415,-17.398211773581888,-52.15799073012904,-28.486975267250234,-8.962205966731954,13.729672745102064,-27.84006814868007,27.49130908591668,-6.796924691800736,13.094355841437997,-9.94227887966951,-43.723144041450475,-3.9379449555600794,-15.489961852733343,-13.411119995163167,-36.07878768271441,-22.27863721386663,59.68800943056318,24.592960327009596,5.563411522190908,32.26358485620436,-20.838244822042984,14.292751420642055,25.168774301764024,-51.057727907532275,33.25729334547468,26.58392027585776,43.30972784238447,5.830690516680857,68.8388912444763,13.58861847984703,47.67563266105827,-11.888180933870707,-40.17581949906425,-36.02348518007799,-12.919892585266766,-16.10270531481667,31.096618024466483,-46.580403805180595,31.228498236415483,-4.528381405588337,-21.34313587447354,-0.4298584449067168,7.955740616613335,-59.43652733725339,20.85659312463144,-28.626071927193543,-26.162460842033305,20.385351439990604,36.45026938082334,-10.106613957504667,12.254179357829255,-8.30652782846664,16.502839920660357,88.19852046833498,36.95110166455555,18.615509090875296,-28.128242618516403,8.363391300523809,-33.786966328065446,12.85589563063585,3.1804201442936537,-3.49909023396747,27.853384932419395,9.320718491173857,-23.430019812817513,35.351665992235944,56.356198226685706,-20.26628461478884,-5.623520506179959,-28.75073090562267,-48.190446634118786,104.29890217942973,64.92669963969999,68.99277921883426,-53.25420868181111,-14.225487356469486,-4.386805560001998,9.566149750590535,47.6289906055223,49.55974129223376,-43.84681873066005,-61.6791435710358,17.728157655782574,-16.39486622748946,11.942564115261538,-3.784661425634704,-31.91005205775206,-48.7693871171047,-43.50724254404746,-26.022503007269478,93.15669509047096,22.839486835331076,-30.58934369253032,44.369826566992316,27.048118729362645,6.271509120228525,-5.106730529013322,-11.032932872414422,7.1129588016035346,-55.72814154764104,-6.642941313546219,-93.90453097983156,-0.8960646026943297,30.504022098345132,-54.657836062887405,-16.88157680278126,-10.293751061191942,72.84124044002061,-115.82980149174901,16.925373180702774,-0.06939601266629458,-86.61753664304042,-71.70520981329771,-0.6594103528684933,4.788436508664496,-30.30691445446758,-33.426077695864436,-29.106532664056772,68.3659678278475,10.329072788952192,78.95661008545297,-51.01282912269431,-12.260606905347288,-5.621240219312515,-18.388593725210736,15.036529522662592,38.2078234420505,184.15493290999197,39.517281411340676,-116.05386079523069,40.41865851070729,-6.483891267208679,-3.4880468708121897,-37.247456101520186,-52.24208854293444,16.905903852969086,-14.690427772843345,47.73168115969296,-29.771054810373027,-24.010814209990297,-56.134864527950995,3.276172213326158,22.01434923405756,-113.02920527120091,-30.191527718115918,29.885033717066953,13.173174314832705,37.38428501709555,-19.791434392456203,133.7655643441067,150.05884048983222,153.46191651701628,-3.5301933441366824,-27.75461315696962,59.54455293108793,38.116657619784824,-13.194441973184745,4.209511669866691
73,-54.61250139427908,72.43857338544903,6.318861209567631,89.52344875118554,63.11978424647383,-41.564660984251184,43.83802469504472,-5.6745397497717525,57.47257395659628,-37.53400855050571,5.003959768436334,30.160722938822577,-90.39519987770296,-27.896033891383652,-14.694904359645319,-46.83171099051994,5.245459239795921,-19.409626040466986,-10.105206732463587,-41.79536275349405,0.06344820958542885,-20.745475083648003,12.039609886783474,-16.635524043324352,-3.103391015217565,13.773099479300782,63.36697708530074,23.481615887269854,-39.30269761886816,5.862610828018417,55.191829522537596,7.221652428121497,3.810306327281162,26.889891237542898,-5.002083973691747,18.31608300823208,-79.68516478129135,9.600855767500404,22.575746507324453,2.7877985215238517,52.118225417137644,-6.620582048757772,-19.7377163499698,-51.90449100426372,36.81139999042477,-25.614035943752754,3.1179257804369045,-3.0154028874884946,21.081086866995257,5.3008671450621385,27.463634173957388,21.42401508677761,32.11276587101697,-31.055447924114503,18.324274594075042,-0.38656410291965326,-5.7725071659784195,-1.356032367982201,-0.2601481181948896,-7.6090211933589265,-19.873409557114908,34.619229991095665,-5.632609542377377,-4.838498196053184,24.052451124625648,2.3994273765013556,7.38720949988569,-15.448328961301323,-0.8480924000393089,-3.001901377755085,-17.318885487246455,24.162004815209027,-2.247400051438979,-44.43380420131602,-17.453518573878092,-43.488378467354735,5.274287474015399,3.4488623699935888,-11.949153060468834,21.304850325931458,-2.7691194364784586,10.371371736996675,24.50139505567377,30.292976544648504,10.348858196379853,-11.445490405466755,-12.900368017410084,19.0222347435353,4.450546518405309,10.615268595898838,12.980658426959769,15.227999491637512,21.579545527389,9.88945218685037,10.843620960063664,-21.876819775460497,35.12914643783462,38.48258083265649,13.071573480224577,2.2640924228806787,-7.131127492093651,-20.712517501338493,7.581997721919159,21.515438652623722,31.386611964006438,-29.51846133732505,-5.849509658354834,-19.45486756657357,-29.8061599586591,4.596217955604788,30.873618207330114,12.308675223738682,21.513746081286868,-10.554362256868096,-16.668986843231554,-14.618663964835035,12.776369618811325,5.697171266333696,-1.1183184820237344,-0.0934135101971672,10.584051630765819,11.066967918959525,15.520418172210222,-21.16067341291683,1.2109604753443122,-24.051982742855355,11.593077362296297,30.36756161953382,-42.700766151295845,-14.787743180990564,46.72017807704861,16.144451882461397,-4.762022209049574,25.33806055253353,-31.12855864408351,-42.879187494977145,-0.6720864119814111,-8.90898721032692,9.180323975605624,-13.51868036079333,-13.650948528988524,-20.030180875684756,2.645944620726488,24.57002261508407,-8.389349390614974,31.317359860161414,-8.10696410789187,-18.312337927904316,16.98540547426176,27.283723876717975,3.23563077729796,-29.517546326385418,-33.47757770415184,-4.408786362209548,13.07126431351368,-12.573973795203612,34.31599021647225,-20.08253884816957,5.650306189792382,13.250400233298867,-35.495678816789365,-28.067053946066522,-14.56659366483439,-18.428728989096676,-12.962071973928904,1.7214491394702653,4.579518432575195,-8.144811720748223,14.11836825497089,-5.918948162513848,-16.241331471195647,-9.05681687510954,-29.1726535076849,-13.491826900930079,-3.0014721329647984,-13.883589443580558,-30.771657402504008,20.535890620954316,-33.97257574815931,18.110259820641527,-13.582120399439658,-3.563508595390771,-12.676074231582236,-19.925879665458748,17.54436827745894,3.5808255500435644,3.990977692553198,36.29927923293544,20.275435089145134,-9.39613069389239,-25.033753999996097,19.779394690083947,17.433840202559065,-26.652039916298847,-2.5025527151272864,-1.0071780054085095,-52.86569302864703,-28.42878531394033
74,126.20438407301785,-199.80596665926893,9.613356244255854,69.46849573154748,-82.82331215410876,-202.186795174091,-104.30607647217849,-163.95064434422937,86.89698540268463,15.62803877825353,-49.17291776556646,-104.93333556330471,-19.979337653269866,102.70175376395686,-24.29828832516434,-69.31798883333146,105.28815257915261,-143.9365585197694,124.40827418087385,-40.316377078592716,18.517951191346942,80.0379856715362,54.71091293015546,-21.931451560973493,90.17517182057735,58.379580834701486,116.87847257150136,-2.271218642942129,117.90018232441616,-138.79807209894267,172.22223766228956,88.26231190803293,-24.777638207010856,68.7275383160014,30.06837338711903,209.2140106254801,-77.0154258884442,319.76202547875874,-9.493459976202292,575.1753926389069,-240.01798399424936,-70.90503529442265,-162.36189647355513,-23.48272513795927,79.72525505523693,564.6207094954266,-210.2130073286513,-39.45290757933886,-37.13098473194728,153.56353501022153,88.31239523035784,86.84484939950221,62.49797632187898,6.330480941065642,-86.40634586128886,132.22670223540496,84.53213176354136,-26.12007572462269,15.160160997668637,-39.384180969431625,-40.64408208000316,55.549039235692604,40.1387626332182,17.568297068205855,41.61822944641943,54.8058002190413,-12.112296637343455,1.8014077539876974,106.44590957836708,-44.31978461901986,53.39085745462999,-59.849361951142754,48.44311520712834,-27.389067779605043,18.523412882337773,5.784831159521634,-29.260377584580755,-35.61593099871539,-26.667877729956782,-56.04372015305262,91.74741226936911,15.323839718219805,17.044425308624604,-18.551443509177652,-18.202299809205726,38.755362420441244,-0.41947160541606743,-6.426591107374459,1.368883616211313,-13.623109888903327,-24.323265819575326,-23.618086352913046,-24.40217599457804,17.598619728286103,10.414755500614586,-2.9270247572431245,-6.299426729559201,32.63440109493045,26.357335895513486,28.198292321137824,-32.29959088898432,-25.990282633576328,11.222333481051269,2.5500174645516114,-2.921433464385625,-13.05471468862412,21.970792574447838,-2.5359504878676136,6.842302391865581,-6.981660484529015,-5.934826292699534,19.003770486695846,-11.8189880121111,-13.917505738802445,-0.5418842910137951,-29.90341582694497,6.038840798468916,12.000343840262131,5.652543303527984,9.56050096303532,14.229811172645183,-0.43096000073150376,-40.92069534707605,0.4892223150439219,-7.301348853965225,21.270744599849905,10.614909028216454,-1.0955749905734191,10.706660252993434,15.607112918403875,1.7544844682698328,1.9734232449102782,-17.18034906787989,-0.04604500404215939,-0.7008907804424334,-4.228015597217338,23.09120751815904,11.439164370202972,5.5156374262784995,7.220016773462095,2.356393728199155,-5.8982596583206846,7.719623147488336,12.848373172386419,0.43413540884950996,-4.9241157627743215,-9.815729789651916,2.720854501108956,-9.119092186739985,2.4329375243193736,-19.105249896415415,4.473458271768084,18.563164519238004,-16.610642396844252,9.059397509576254,-9.203945650012617,-1.062274107590689,-4.881805655692624,-7.915597579150888,8.032817114532602,0.2519865027251481,11.780865772431826,-6.2675409661099595,-6.265058304030436,1.5791989623608949,10.450683951547694,-0.31583464020244817,0.38809920765697176,0.9526499150521384,-5.572958659086538,-8.858925828748964,0.34722386109098435,-11.670641412040906,-2.7215416828852543,1.9466540451258334,-7.33770958311007,5.336051348052054,-7.4844355383079595,8.83658553446535,2.974298783409437,12.177761441641492,-2.862753264939782,8.858006398885111,-5.743287432290643,5.517322037068475,-1.2092809573655188,-6.771233507125601,-1.746899442447926,10.45642143045842,-0.7833906784856024,-3.0831931866243085,-0.10997273840322519,3.5522538116310174,-0.09036341232210532,-2.7384764211247123,-4.448093672145656,8.344904873347673,-1.5097741148139736
75,-47.469536446641605,38.32747694467185,-14.402075523354615,50.35742104119035,112.90711324521196,-66.6283130465831,181.12294503597343,-122.0971953194257,141.59460749891355,-40.30816344990626,-24.27493383654249,-66.3902143641578,-102.89460280537065,42.79833496882185,11.688088728695064,-50.91505782834116,-27.353509660771735,-31.904523588666486,-13.161447374245943,24.92202633585544,113.02603799984232,-80.78997048771478,-52.800517011974925,83.29006474506299,-19.828821749543515,-133.10283058106407,-16.768326935529064,-19.962230915329044,-25.295477830536502,46.99588641171809,66.89744933457308,-40.73659473380758,47.374972325269916,27.15003783986806,1.5167144384198368,24.773650083884863,-127.24521732358802,-9.895146999047306,-6.022101120624244,-46.00068460107822,22.02856393217545,-16.895285110170065,-24.25732984675655,-42.34231748980157,34.87048402990313,49.93039907321532,59.17414663015912,-90.9193906038609,-20.38778018014692,36.4614661016851,67.72900809872799,40.11031730185206,27.049576687903006,-42.650038867891496,124.12223325179103,3.8946000720076985,-31.643158594859354,40.562977498630985,40.73101333395424,-28.734787460915978,10.28221992349753,-37.907736077937614,-25.987029462544417,48.258576944285515,66.19313236072837,-76.84031015333602,-11.567027437180759,90.49339427225412,21.829090680008726,-12.104632804737678,23.693750332553186,28.176908876298675,-80.65259264456057,-66.25358196731628,-60.95952613610755,-31.76716421581075,94.70287255615706,12.734147974883008,-11.16670919988032,22.86194415251919,75.50933962184995,-68.493907266576,42.63468451292518,176.66706247037413,82.10857917788815,44.778449009566174,-64.59308720314402,0.2517641481389216,-53.04283482016574,-108.39099509264929,28.889369020664354,2.157863709989159,-97.33598876554828,-60.0723979641778,-6.445385637316119,99.47128626780004,-8.793093543283675,83.77792475887013,66.14721861876781,-163.13819214151556,82.70923452893547,-1.4629828802486633,-101.33889169642426,-44.24566820616988,-19.654037362334236,-82.56421308819162,31.757118813904196,56.91550507335532,79.47919738227114,-6.975820666005839,-61.863883316520855,-48.91361033604545,8.451985766487061,-75.5157352118329,70.03268890638262,-59.062619064806256,52.95603450299003,11.04352083419452,-9.104682354997921,-23.00440389225905,-45.394820584328535,-10.785506612094828,58.42182282615659,-113.2879358827195,-7.109399533020473,-134.1219297838798,25.24838258793845,42.56210221466339,-60.80041505730471,83.36745353248104,118.58503307821668,-8.994760536228494,34.20219723403628,-18.875792513170964,-106.71476552932629,-40.37277445998223,-61.37421592004816,147.21720722986143,21.557389057483334,0.7566547733658447,17.507077058538705,-18.960430542300543,61.71371848547596,-44.24346911534783,182.49478456373117,-12.887938771746247,24.71189902501716,72.58025989690327,-59.87920537887178,38.49437007475496,46.626533550201465,-84.78207157834649,-52.6294924796373,35.015756297855134,53.3477507509068,-0.9411087742288275,-103.55188823399811,-13.233984371462464,-13.69494123821524,8.302197251969503,-57.60264459857928,4.4078735028179725,-78.7121649715546,-11.728438989266117,18.087344176252902,-57.24667406634495,-95.66937170180246,-14.120810431214121,7.075587268325781,47.10048611774175,-20.613004887812124,49.99653782380996,-11.696007246830735,-19.35634723449835,3.5202527123096545,48.250735024933874,24.44473953731325,51.250465424748086,-19.0863970202089,-27.363657520029598,18.86803040229377,-9.860585436752437,88.73327495212759,-5.68689025640616,-3.0474260608377017,-52.65485803383071,13.766504669275468,-35.22173108441697,-40.20013355953039,16.462135587463088,23.379101986109635,31.823066085804015,-42.74634158461922,15.110020696724396,-9.752889325756689,-28.40111142440585,-66.26244933110856,32.524840553844875
76,-42.293928940376766,52.050445449124425,5.88155893116075,75.69328095352802,31.376555344978648,-54.67328061893047,-45.67752185184891,18.364199737474202,-3.8813891242204983,31.561249197387234,-61.70764843731175,-43.57335578531088,-29.610717961426232,-5.442131642980635,-32.89361506991216,-3.1216814416180063,-30.84703769552741,9.120916431281799,-50.640361538106305,-25.735971678013634,-38.811137003728135,0.4409382662735931,37.07472138197427,-10.49891140792166,3.2594593875319804,-12.364560502991806,-11.780796494645276,36.943111525782165,-3.4543145224312704,-31.95741132525377,-7.064456342047258,8.411988586523346,56.523737304731156,-30.63042012975011,24.76769679895671,-40.60589324499954,-46.787168108113654,-29.349097546155964,20.65127446948777,15.17068052553926,26.1354659403178,-2.062609620774241,1.5612309795145696,39.075609957373224,25.849760982594933,-15.199026036282227,6.637647397376532,38.71405524218796,18.627865054541395,-16.90199880180363,90.15448624143221,15.278851137286997,28.850375954636434,15.08545972332822,6.864685331733426,10.708613276685877,24.487406635152254,11.932087096394985,17.73565085754516,-26.886269035898685,7.366409838270135,3.3143506164082464,-12.488086346478495,12.587141240437985,37.97508347181554,5.3295697469941,-27.856407977557826,-13.097383016699478,23.682406357054735,-17.537401709547897,24.822649168631326,17.852991335512147,-10.688240401728265,-4.947906102802351,-43.56873818483243,10.3984503867834,-12.029560002003572,16.130727591795278,29.859768887470494,-14.464638870407535,-26.344480032051287,33.15737019621661,6.12404561061588,-34.180081942369775,-60.2240075089875,-4.568275496443648,-34.823422594996075,18.296073136609092,49.92934651952276,7.491582901220319,-1.8302307095048396,-28.092072954278287,10.431837223283347,-14.259137968408393,-10.49134021121268,-18.59523647428566,45.194487390192606,-8.364594706085647,-5.657413883199088,21.27828302025891,-18.435025209394016,3.926055365569154,-3.750018327922149,30.177426000038565,27.732968966444975,-47.571738465604554,11.031367898009783,-3.883578780409023,12.68002624022317,-32.05634024382889,34.57662180851502,18.861492311586808,-31.10220450315025,-24.30334303075238,-19.587114102563117,-11.14414956424224,-12.012492159296631,-37.180155219833246,-7.4956624584395675,10.547364811227522,4.543439790644235,-20.40712296860832,9.244960868628338,-39.6676057704479,-13.714738721628121,-21.42666381254088,-12.904469723575447,28.073614187447056,-0.9780402063060892,9.937964953739076,31.63107522441962,1.9869200936370568,-45.32009863699868,49.57256633589127,19.920776438373224,-34.09622209054737,-4.502156836143192,43.552710570199885,70.3580757593791,18.23850795453234,22.631715533928865,41.66505806103216,51.55240293931682,-22.253748128458174,7.215365321574303,-17.773437328359343,17.82781819330459,-24.54330189557177,-1.4291216798832649,6.158960284631271,24.872798219792724,-25.985911658608412,-44.37632813837821,-32.928446512878104,-12.06031541616323,-39.06799892547975,20.73433798612522,-22.88876078188517,-10.128332730043217,-25.458302226592682,14.241355339772701,-60.508131492301786,26.66599935160269,10.19040750034959,-5.294059241307012,41.6428199344063,29.149019500216177,13.902012346267327,14.517237025906997,11.557754465734233,-39.402973278858,-10.330817654325731,-26.07553451127874,-31.290655463960142,2.577036220275139,13.221929402490348,-18.477058828580777,64.72189259004128,-56.8638017857081,56.744322168368626,-9.463351621693386,-105.41561836263992,-40.26600058957016,15.444150711943628,56.727098837965876,-32.54109259986494,15.618468132386315,69.55622158511697,5.374470225870427,-17.96958327520782,-11.115955791521719,29.276857474962966,21.582070206573917,-102.63885792811084,12.109118457179886,-19.15132486722065,-50.75611481442217,-64.58141546921709
77,-57.79601905661289,54.52519753285123,-15.726981851086133,48.602222451395406,47.30666857492538,-34.767403138452146,56.80786230550187,-37.53272545649991,49.33382358034507,-26.18319607212976,20.199460938876427,8.720516127936245,-73.22431889908043,7.570185485738236,-61.63453488252978,-13.860564806202987,-5.140024178000848,-26.286534229518438,-22.749338458110127,-37.7664077217464,-78.70261386990303,28.25459407366144,37.28039690810952,-12.830064086802238,5.137016655776213,44.6628498868061,-0.2358410188982925,39.745790247975755,9.152963539188374,-64.05233438955072,-6.793002671653011,-8.319394417349104,5.6541419257493715,-6.187859563836179,22.672669695921662,-20.647393156622314,-49.209605992419824,8.423989350023845,-16.299430863270064,-4.670277287955827,36.24959894605836,-16.60960135014255,6.1828370088295515,3.2642899799176686,28.311579444788247,-26.36953979862033,-30.893656899512386,11.420460864853542,0.182553633007135,-2.5288930680146096,34.18068190072993,-21.90430031537634,-29.84184263049114,7.44172089014889,-42.28950939481221,-19.54747274483715,2.0499384519789596,13.244323244731957,32.68971166968236,3.990421396784921,-13.296607395147392,3.1429998899366343,11.536732223277372,-24.35593193008911,-14.568156933214553,-40.98225037995011,-28.873217347215114,-28.995968256862014,-33.4239060108211,10.278402777420846,2.24124269801576,20.9585498684428,-22.416234567206295,1.7194226623616315,-27.636094944414662,19.689324078970294,31.865903561561986,-51.37290575307336,8.192662961046631,-24.42952310989678,11.779598053052672,-13.797358549376057,36.80274252732618,-14.547400189054251,8.217995563141466,-11.083933185745403,-24.75630804974772,-6.1011616271655384,3.8110812164813233,1.9079717835700352,42.71443833936245,-5.599091266320652,-23.372659998253013,-6.627331434709877,14.457145562685945,-1.965543663984442,-35.399886957895326,6.297946483698026,-25.28925948827024,18.626285351396117,-10.6709503918961,-18.718412177935505,-12.352295662624298,27.186545883117287,-35.04699567911737,-11.82325986520942,11.6792248564712,15.139159456872228,-7.2340848647448475,11.223544611059797,-5.3363071171432965,-26.126099014934617,-39.05237391618637,23.43356531079505,4.39656439061307,-9.047079839496808,18.99432396643395,-18.405174161709645,-0.6803305940527802,2.4119339137224136,15.131350592677192,-12.712785277027276,-6.986597979641778,-9.584260224986387,0.13404520819373578,-0.7708316147744354,-22.110121769905795,-0.4648115955486575,-25.681674705697276,32.90541766700976,34.47316562224788,29.836920290216177,-12.665826158430962,-3.186811357497188,13.154277445100554,5.803765033097583,5.605728023113533,8.803156172947292,-0.7509822560199411,-21.89726974178787,-33.75934129797833,-26.707035168810553,12.245658848358984,-31.606482229933846,8.299304807751744,-5.3284451828534936,11.526226396801455,-4.688208560760106,8.962727575294611,-15.088954464356354,-8.652305103550184,10.418951507733231,-12.75452706223398,-2.2262834476973055,22.374736907460132,-29.764933170739457,-3.5904297871793354,-17.808391306086587,2.893689327106304,10.525175524330315,48.86297812993337,20.038430608812497,-33.48158954027324,-19.052037313455916,24.815012691019348,-17.474956234928896,2.711183060702722,-28.609363109225324,17.932626181735824,-12.339424832371197,-52.35540452948923,-39.224870320495164,-8.0835165517668,-37.362644947413095,-32.02346442560937,21.086758751179218,-39.236722865371775,-2.0403234615179002,-25.26938210975812,-22.530156901796158,-14.512272023083328,3.821123720788023,-12.70651173882577,34.61270020659619,-2.8930077728336534,4.587178015847596,4.532739434000772,28.377655502523655,-27.614690703733775,-14.974137484134818,-31.705748840447285,-8.442096406736601,8.532572920582856,-9.680711250395367,-1.8091060056146888,-19.622487579421655,19.878436455784136,-13.760917227347765
78,-1.3108852244889553,-71.60335855587392,-62.29359807992174,-107.39515992717696,-10.518678494224494,4.038460826993015,101.62316977014338,-94.34671212601008,73.2478665583662,-13.567035974335958,16.152413744190316,-106.17200525616612,-61.233584642882555,123.44843817402199,-29.7161912925459,10.843770643497525,-32.59893728186578,-57.781615188385736,-37.95284254764592,41.06545881986313,5.365436786756483,-14.336688844182504,-39.12563823708191,57.89035141728316,27.930829503912296,9.759198105154445,-47.38087755267362,88.58597691739588,53.06306502457852,-8.466973521810257,17.566748492492295,-36.8046045850511,34.94422966942577,-6.523476366916624,-5.132646649287185,-58.497883117805245,-76.80225718366472,-7.471744347256239,-87.03919844945413,-41.64629864054254,-29.345797992328276,-42.39472889214004,-54.31726116766163,13.169250856638412,34.70723939456287,12.777604971930142,13.822636780591777,-97.70057648607239,15.699643738476128,-10.942216579548925,31.492592836459384,42.15957982464717,-3.055334480324063,0.3420084324715189,19.67055511869003,-34.50116856296281,6.723254744388713,12.846439033951187,74.85446909138044,-25.670734997130786,-15.197400622747441,12.553764890658263,-87.38282839976078,-39.51344652650259,19.925715933582286,-24.753554632126214,2.657286168995374,-11.213300571527025,-0.39100455150699204,30.81815292636187,11.931184179850348,79.88690662816516,-64.36028450674773,-72.46635398798702,-56.63529626394429,21.89154334742514,71.0222159290546,62.36511527270347,-76.4912049764688,84.53369979742055,-14.086605366637711,5.932755586084074,-89.95779284174888,22.551148435814888,139.6323293899238,-19.48527987821543,13.018065230531477,91.19345588098837,-29.894899105780155,-110.83477590159966,10.586265924254121,-58.132865128744065,-18.638204120943946,79.38588342929792,48.73824109298081,-30.48383103107147,-121.94095080494745,36.423335069633644,6.8029274101298185,2.4670432285417534,52.70871462142906,45.240808537313214,78.13576838512398,4.269673936749648,-11.92141648120708,-54.02626834848604,140.8643571866594,40.566765077266126,-0.4099317411280755,35.052287939573034,-65.108330943794,39.74659339322297,24.853084911167446,46.26442975432115,33.169005856266665,-8.410263005407979,195.1091436136943,89.14970635379484,46.420967285950994,90.01275748166891,-23.47753936519463,63.93488276141593,-36.183307037953895,17.07495266675752,-10.814470200369273,229.4129018614651,-68.77922832494133,76.10152600093657,74.72493600814514,-19.83266624117784,-80.27114772180877,-63.38701980486778,-34.423427465079634,14.193358718562402,99.96475057475813,19.364429557798914,-16.308454139191966,-38.641369486556876,44.0623516691676,-20.408791521288176,49.92523901957155,-5.523515930182187,5.553970519455347,0.5271207588363865,-36.87175155105722,85.85659560268344,-10.103052576295303,-2.895634431015132,38.442963903388645,145.57038427552212,20.06612847216169,-19.671111320279934,67.4084364105927,70.84891321581277,-98.76879118582916,24.90726816207852,144.19824670036388,45.97830817814091,37.56934406279925,34.92050396890648,15.480196106697203,-14.2459703482711,-49.286858671515226,33.77120407036431,15.881811522808944,58.354333468578126,-8.572589209811387,-19.40469648302898,-53.509347579890836,131.96183543509073,-59.935529321291966,-29.520636098391247,-56.52082205932214,23.778645017750957,-31.58444078519401,23.193245507036657,-20.015775692399696,5.152285470718191,-60.24765946778998,-25.929624073878685,24.549532310079186,-50.34311519767443,-44.56416262551586,20.505558486636367,-8.571817531104863,22.273558059788456,-16.98737031903819,-62.68182551646131,-47.90457123743151,39.389514621380165,-69.89024681766082,-45.19023391798778,-9.989527673322527,-30.87025022760682,-7.776594411243517,-27.167816901848322,-17.855190832943745,1.6848621879475656
79,-67.73769245714188,79.21615549088051,-21.069923199759074,95.03450227517038,58.20338215413175,-40.53948660751421,61.96266017934353,-53.799141207383954,20.344844116204584,-6.812210542293009,-14.99386952277793,-7.394463484810674,20.414147386806928,-53.37649397799299,-62.967003770865624,0.49451708852341875,4.426870304113535,5.324367598926136,-16.95571901454986,-61.19992721514738,-58.12874981682168,-6.334329557395581,-11.448451379530825,-5.3531882652348735,18.53586261648448,12.066538602154717,-7.345836905874799,8.358118522310226,-26.37999693095989,2.5589759104979866,-7.173222530930611,26.5521973230003,51.034790811152824,6.906180916960889,-18.14178898322919,-13.539507657690606,0.06951608257893038,42.67630621813857,8.260421730877836,5.905897008947525,5.48100024373246,24.346383510746747,-5.932888927589552,14.390263719855465,21.470082350336536,-9.155582875230316,22.06031851244109,40.56480533723542,-58.84766473101551,-27.63497249609003,4.849273575893932,11.921717391385325,-8.418214980928322,-2.761919520423855,5.7637918612402474,15.912355189804174,17.740400663961832,22.01234497983914,67.90747816120361,0.663391120664748,-13.738168325828461,1.363784182771676,-10.15583312953487,-1.0239047142113122,-3.5151247565176025,3.946761568268494,-23.87152524023453,6.756129830953819,-14.52346155687127,-8.189123321752252,-5.3548805312147785,21.312484844786354,-4.402001878135651,18.709783466593226,12.485052625934227,38.096086941592986,3.5985296859856226,1.8449116648178792,-0.9323480161340769,-1.6531136752059206,-11.488229522625154,-16.508892697929312,-16.43862453406632,4.217328395607133,1.8099513832194014,-15.19743073216051,2.4973904066912658,0.7770649642380958,-7.808589769778109,-17.552951825085266,-16.679674145832507,-11.675998076255116,22.60065671576175,28.15967479618972,-33.46882330755403,10.950493092885896,-6.8544669694468405,-20.8019487304589,29.082418706191486,43.428797129590336,15.663483866382931,4.6171968942889405,-1.7103487532090218,-5.253670124271563,-5.116174245616518,-12.660422973963925,6.089674135689061,7.785084754463397,34.920224123426195,-14.134736553838644,-3.0123910419788804,8.364359298032493,8.612219161040947,-16.834611709812904,6.463996484945165,0.21098769224718614,2.0717874072910423,-26.38994932613563,-6.99192928227543,-15.342959971639859,9.917689581514107,-0.8240411831211651,12.650952623986829,8.438335075466673,-6.510585302755623,14.902298904343679,13.920896070273539,12.091880360221792,-4.659180696347144,5.809482128612356,5.891012896447713,-6.750439736650828,-7.1879655290478865,-11.6105381651312,17.143914588399255,31.392414718443106,-2.688670559199085,5.788059803424746,-11.89874524672057,-2.9900764617927544,-2.762398827493455,32.1180365675285,-1.9649295839225651,-14.066700541260104,6.234282062629591,-6.882379269629789,-1.5318692021431273,8.92667473696594,3.97252283269838,-7.492352438214423,4.356242933744095,19.27164778153212,12.268122071957173,-4.095775608265554,-8.751605804025017,-20.27391206352485,-7.7562107954157105,-0.8072828738391817,2.5585664058291337,1.3373100339851658,29.501155857125717,-2.342726909543484,-7.366825922169155,35.02336870532049,25.8358651382811,-3.9946837505455095,2.294638012794228,-2.1018969703852517,1.561297156354956,24.407310294894334,3.184042609350283,16.838529558984565,7.9936441344338744,-5.70987374678714,-33.11270190227418,10.595735036366039,2.3281647130772987,-13.185369137115392,-11.195602805419153,8.24115062081689,23.22763092375755,-35.771797567646814,19.629424412488632,-8.989332470663435,-0.5803736256243075,-41.01441609544234,-6.951733803209218,41.541219689759664,10.200990909962995,-8.09213911978671,-21.21411093365064,-14.645248870697113,17.16795804679579,-17.334693638032146,-24.663187268216838,6.581426213553818,11.6554043480968,8.250453560032108
80,-15.628551731117764,-14.05092772794947,-18.085698989895356,63.43166155022237,4.7599177145447005,-91.69652817221017,-19.740911654671464,-70.62883706185606,17.605312525146203,24.163888278325086,-46.01082856982595,-101.81264889724355,25.439092130089463,7.579241595653249,-71.1403264301188,27.434157210257457,-8.4337279718696,-42.332503504528596,-16.40586614991284,-44.65821810811732,-148.0324187831382,23.919739374459784,13.343610314202666,4.0603230388688,27.539007936103324,59.16485045082976,-22.129700372624193,18.31261332070515,55.65241822380735,18.374699365822,7.522094072313648,-3.897542008474917,12.869575148905806,3.4794997193875825,-15.694385931921689,1.9244364709237083,-29.57300160733836,53.058857262754564,-26.873108248393414,100.63226277861206,-22.547650104426253,-6.762960426730345,25.822295710953153,36.8344186531066,20.92171122491632,-51.14527923957637,42.609567067168065,19.830400934085336,-2.4150729393871777,2.2929340280576636,-6.664089698925944,11.343185445850628,-32.377201159247804,46.59925890716027,26.170144817829854,-7.768585394455924,23.16423615627289,-63.428716959054164,29.16344399063384,-39.57231715879519,-30.219752872397127,-16.737295471417966,-0.5542646048509431,-62.77168197648724,19.35153371700122,14.91088826709726,-2.323664743772651,-10.009093644071767,-55.224928149562615,-22.142486875445716,3.5468471789091485,55.718284833164894,-50.68778599308668,49.851287526773795,-89.2599814569588,-23.909951208286817,35.429570316510464,40.87233019119766,54.774722000199134,-9.205938967906105,-77.51998817014662,-8.697943230940544,-36.322764686128764,22.321320822777352,-8.58394429343882,39.90547259048914,-6.411513113612496,11.036306126587368,-52.26791260400017,-8.767055107155292,0.48265130031154047,68.97154302526565,12.978129416964936,19.14540619161562,-28.532372781635317,-1.2470612516103612,-75.05081620785003,-41.68201213006781,26.18480249464181,18.481349123999582,23.214496957767118,-9.46418999360312,-15.137366010938157,-85.52792279505611,27.62220204318427,29.425133950542794,-0.41384438171537874,59.79798402738972,30.29879750609977,38.55187885820281,38.69389704947666,-8.272612981031227,-42.32696857141664,20.25225508868116,48.90937535606788,49.035096332105184,-25.15043125872272,-58.1726546521303,-54.19210827675886,-14.920279561131615,-10.821292860656648,-16.203175740518077,38.40321115403411,45.92299970507517,51.89396625277719,29.129307101865102,84.34059500367673,-26.787482224531065,93.1644046947497,-34.85720141473711,-63.70436978940366,-77.13305999981067,-39.23119190242345,-28.25537373957165,30.155798759574896,111.68052896626183,-81.47578728583223,-57.52549521258196,40.05245619198002,5.697180055040488,23.411631239375943,41.05224776398593,-28.632177106560274,-13.7874680940114,-59.461546034504146,49.512647955896966,-79.85871451466903,-79.4895475243496,3.897856976605284,-26.352599184478937,40.812569805658704,-80.67283768848365,-27.856335378242168,-52.189990118306554,24.734172139951966,-47.36041698605854,-84.38982909544872,-35.72563304838563,100.5774722468248,-49.02343297411228,34.85567730574603,-11.182244654199987,-40.06429546523774,-35.757007145254505,0.48698182131555345,3.6645931359283677,-51.06782143509984,-76.3052241350061,59.64226004422607,32.44162499692471,125.83638154555007,62.88970189905828,35.946360667287095,-82.6039323502403,-3.1327292646446705,-50.61064336472972,53.35217267903189,103.74069987343766,89.02421594793734,-7.123527244441461,-41.415309343151556,-35.195847304077496,44.62252882191752,-142.78242853453312,-38.3977783133132,-66.03626317576617,79.30258664322717,48.73485417882081,32.74662477774096,48.46458067075105,4.352870062694513,-27.015406760771096,-113.62112959435194,21.572384657285273,-16.677754786554647,-27.234418127487636,-126.17025454931799,1.7228568317534199
81,-57.335421343604246,53.22491081292902,-24.109175624685264,68.99943243510872,62.73538583480531,-48.667866596601925,93.18611565807355,-85.54163535591971,75.0625654453716,-17.129216652836533,-40.89761688145088,-64.07375751948041,2.801779351878201,2.9487532501022775,-47.79180915344518,5.566554960305501,-13.109548952103282,11.241232865296888,0.7653774197655673,-4.857904840652254,-30.203778814487734,-8.777421179050917,-27.75559993388555,4.505132941742085,26.967354301312064,-7.956195873770007,22.754646721714533,0.7812472637749355,-34.249125183507104,83.63732511860204,19.08403286272341,4.72190556268103,100.63820396207197,66.10797267323936,-39.016863171332204,10.02151323346849,-32.545864689428825,14.304095791039947,10.006470418451897,-32.346973457885184,-10.652535660358225,37.70529476937321,14.286652334765808,-6.930956027304576,11.408199983036614,-4.8016107592405515,40.766628992448176,10.730560555284589,-60.287693802806814,7.351755384819849,-16.493351194040315,21.90446288579063,20.424551044261563,14.061282854907303,26.443682498005693,48.83920705574194,51.971867052345594,-12.774298602118003,-26.456742940313752,-38.340692153422125,49.08903421935686,-23.9765046647234,-6.488035726752048,46.3246699111322,35.016829633488555,59.775583965423706,25.49175494683886,-7.37419170225885,86.63083825939236,-31.35377723004004,38.80830599689034,-11.415965347045642,7.9890829633797615,31.57333446946095,24.234372631684522,-30.312612873463916,22.177942786985327,-56.039938704771075,17.818382498500238,-57.063351683689056,-9.019999881277432,-4.983108104058189,-4.922661146261632,-47.988281943993904,-98.85382274734798,-25.235695959725756,-0.7076321133852567,8.202648964082956,-68.66997101792313,63.237066220422236,39.901331647658,69.3418818378497,39.53588756792845,-65.65427172939177,43.53026597139971,-26.05424808388725,-71.11553352757299,26.49332964928787,-13.371270362700578,-62.03893665068724,22.259739845565317,51.8327577522184,30.770893681809717,27.5965423741941,-38.214574020542585,37.85454749444786,-45.4090183146801,-19.174403402881524,-20.573754895388586,14.5384902089617,31.716052111702016,-43.28591114104207,-52.68205699877576,-49.00927524551833,-21.9957135405456,-11.087519309148261,34.72697972088869,-5.650764351181842,19.612747824551814,13.515220196568315,62.19977036918524,47.338211118073446,-6.889667904855408,-5.001250338469467,43.87172859231427,-92.31865650547851,19.720130609962016,-0.5414394352240063,-17.604820069683477,29.01175122807394,-70.34603150454238,73.13477571648603,-65.32941695020088,76.1656578089768,-1.7768363451325169,-48.331109661338836,37.64939089299801,66.25256481740502,97.37760270594917,-19.387735263030823,-59.30520680522193,108.6133434348452,-18.389188868294926,-42.89787253428445,-37.09896018924392,-11.968487981798356,38.98698623083635,13.946425472964439,-8.068356214546347,146.09814187207348,115.01042810240935,23.619639465165747,-123.49866110807821,-0.4055274969535235,-54.5195030090456,-88.06499678745533,-53.98920594958037,18.98937127927321,-51.68148193872739,-109.66974813907883,29.878541619279687,-76.25793150679327,46.821310927240084,-38.77940086055657,-63.953769980929486,-65.18019142879446,20.798191732271643,38.66046130584406,-33.85362040529171,156.56469851827464,-43.007244502290334,-13.468892970816336,53.23309222384916,95.57668423165828,-54.931621251953075,-78.60460795944711,18.913957232373715,47.19387252565052,21.217292665775712,63.18118465088872,-15.321239811802615,-120.65225539476403,-105.84644611547684,-13.564076247154105,27.722829440417588,78.87832712265693,-64.26379232637943,-46.21096043689035,44.862927186239105,-19.700249243008592,-40.966890626176756,22.979322861022432,18.391928508628908,41.87821497729011,62.121442569643996,-27.08682786516757,41.61127467946458,29.331105926573713
82,-63.07481577310323,85.93068079212391,-1.7237298254792868,104.59294961562243,68.13439529196701,-54.60472427139266,52.60505253560761,-29.971053771742348,70.2877389343561,-35.30554186110817,-19.41820460432557,31.237903488110174,-71.77209587143552,-25.242011520934316,-44.1272841193348,-44.73130196155737,3.3620589682067172,-9.333485417245273,-34.137988686659185,-71.63110463890081,-28.961826817237394,-4.671032795091047,39.22249448033046,-9.607173461907855,-10.076139742596713,23.400788730794968,65.05943183092627,20.43876184390336,-32.280519279223526,-25.409685388201254,28.034260959752203,7.724881439165508,-7.279802829467518,4.0804364768786785,30.91216504889721,25.620015800680612,-104.20791206490628,0.8675193956268721,25.440887854221593,9.88074607755886,71.33115004545638,-28.274874885528178,7.772457086807777,-7.266215646015733,3.6578987432106294,-81.73773169573042,-7.274527430389986,44.83539981104536,36.252348005572316,22.845855851697372,61.80381557908516,2.281954826454574,76.03243062575287,-80.62189927054943,-124.52129084144472,1.8800161780557172,-30.635996758640797,62.0851038652494,58.170836241262975,-24.315685176656334,-61.728226862397506,17.02925115171922,154.96503222840556,55.178824289162144,42.69681490561387,46.281601305458246,-38.22140291073652,-78.6326903197024,-88.22775964826441,-31.871393907045512,7.1165150991260795,66.17983085569637,-123.2253009351842,-60.70167008656826,-64.48134721544955,-75.89030876607534,100.29463707247025,27.116413703805637,-27.034956621085062,-125.03126984279156,95.91799614394652,-49.901950023259786,-3.505546525991563,-29.163094376221995,-101.67190883655003,-24.751705405846277,-155.239098143264,-1.2613474662208326,74.17872245652568,187.33316960205545,22.5440499682468,-27.029639673426367,125.44322680389672,-60.479650593012394,-84.37032737872013,3.3724398794754165,143.0874055380986,-28.73376188816072,83.53525487042079,17.353022253928202,92.94491876521646,69.38172652110825,200.58413936834057,-7.56176276353368,116.45193683947778,-82.93433711255786,122.55319853737208,38.66607586853098,-58.99864250155012,117.88500779111898,100.38075739427052,-135.2039880472869,48.85389145466195,-125.35963825878991,59.35621935687935,0.049697544778853416,-41.634149170908515,203.7193679158126,3.9580624620037885,-70.81045374146626,-149.60825002147448,-17.122565075830792,11.64802077532297,-22.53842960556063,7.39480428452851,31.664508090442144,36.04371537252756,-110.8246078055023,-5.844022160123134,-54.56025661137516,-53.86104852452457,-37.283068794848155,-118.54592632726214,6.032667892191974,-9.394766919584924,25.431049746572654,57.6625801912953,42.253734317576736,49.6923588662984,-4.2514417032334695,-17.156657422207477,-76.20520490491246,-20.964208309076543,-38.148752384816525,-24.158669235422035,-15.477628909355772,116.67156242847103,50.032072518257344,48.558358353737916,-28.99841653271058,-36.44223855293355,3.923542456348019,28.66315690460415,2.4222595130347724,-10.809642487823034,85.64694360264032,10.519844712792784,10.655267598148399,-13.955546190869141,-0.8573144437802607,-14.929038099127165,42.65482951179443,9.733203768871274,-33.730062304994846,10.62080545153349,40.47038789330068,-23.60960673413021,18.976058931528275,14.87629673457936,20.343524762670707,76.84042705296224,17.12385353883582,-30.48087854135711,22.80335061221691,15.405131668255576,8.005630761629392,4.479680251334724,-7.812324642301001,21.880400217489235,-21.385990675976338,-19.801022223349165,-12.206206891626799,13.720513987605678,17.621426429904286,-22.315344515153704,2.5579223025880773,-12.533988096257826,-24.89683844129083,-18.974158662654673,-5.397379756463295,1.7589118274344417,1.0322248891572852,7.9852842573617835,6.852657078743041,1.1953119399537626,2.378150352940356,7.940451134971596,20.565376763814786
83,-37.84067965767742,19.953696252139654,-6.51519179469547,55.79739271349444,72.72605550734238,-87.6192229975871,75.77451122014618,-91.61676742104821,81.58494347727645,22.39798278540472,-79.16959440733456,-174.0300714012351,-57.13236198464226,101.44740927109869,-32.41769695381554,19.39946155702102,-67.1354572319766,-5.5664353708376835,-60.260292065045796,73.41969454295034,54.87448419652245,-19.996126946352135,-42.50137173012142,88.87091533602535,13.480595683279748,-43.09872185953081,-92.59364248815137,100.10256495334225,90.25537563961147,-18.46833677524228,-38.97369614787108,-18.929578181783945,184.88291373743957,34.24315551684778,-63.23428603873199,-124.62332171031241,-39.41748601717961,36.76034457854247,-75.67799182346651,-77.72077659499358,-5.965265274533743,-3.451219116708505,-30.349168096201282,85.75696041072497,-18.25742553495869,43.73783851810902,27.106892117333857,-136.03067515027135,30.446147258234898,26.096792095845313,32.6695383458645,69.10990263592299,105.64159853326798,-70.8868120362046,-33.972717294677985,9.442228193657703,66.18710555449492,-22.582925420198823,14.524556820027888,-120.59035328323688,26.10382504797976,88.7533753914896,-110.79856761953397,-9.380624163174334,111.19865844341378,-10.967332347788615,-32.44146952298754,18.84602755713342,-0.7290093176072864,81.4267540816423,92.0300525415019,108.73176173968741,-120.71819239136946,-205.47495460377795,-66.88562249684355,174.79670635004064,10.059732365731824,213.89611942396238,52.91211792664484,-24.782075134718518,-41.17938118628197,-152.64244858963053,111.54184157202019,117.61193322273066,-29.725722233616626,188.9815839495425,81.20123291251667,132.0897998473868,15.648737266467117,130.2595662522436,105.19271726327402,-27.39352177973103,-4.319936693610194,-53.99812194302092,14.52454379205819,-89.51072253556201,190.00450368432345,-64.70299236556083,-57.85770560759442,-6.62294212038405,-30.107992587021574,-165.4926271737258,-15.847890914550504,112.45779382274708,-71.76333586788995,75.03120830767608,41.78343966941063,-150.95940769514212,-15.000702853055719,57.43396584295579,-49.74184840073509,-24.582037475572942,-58.77751371995602,50.76603997794011,-175.85854270733822,24.73478292386299,-89.48672024111802,-33.66473854118259,12.467224789729743,26.600470320786638,23.54760975106376,-8.427119186574716,-18.020420919972956,75.19410583692532,33.400437123727535,11.63656201427731,-65.61526481026806,-61.1508628922302,16.10811769340859,-16.274354971662238,-17.709401669279938,50.247013100162725,4.6193843676756146,5.117417060651537,16.17613132704137,-39.711683968002795,-42.96102518035129,-37.09913428870837,-9.75351943443265,13.686859913829622,-73.05220558682761,-11.381210092618305,19.826308157419298,-4.101647766385218,10.806193519125786,18.411941477669643,-14.636471057820449,-10.713140526658709,21.931611650961315,-55.35992432556754,-15.821169738326294,16.897684721744685,9.46850518482659,-9.381396103027205,11.868066036471765,9.81111731717733,-17.942705145129718,-13.721407844178641,3.899995462893372,-61.14439592593829,9.228457746097241,28.111301143290625,-33.68112734723402,25.952127043498887,-53.352750352668636,16.55128688970615,-27.153175295064994,23.129609943612127,7.230024146927756,-12.039238367955035,-5.729586123945201,23.692597770721218,-12.36442985994547,-24.091476615437678,1.502678099363488,-10.575274564203395,-0.7578487240414893,-15.164303270075017,5.087276855520177,26.828164016739183,6.855354300557646,2.7531260275182525,28.824956243253443,21.87397493603402,-35.602815992689216,-36.39101842670488,-9.97101069078859,-7.8161842997131785,32.89939721249526,-20.852875506161947,-2.817104588267099,10.88697387026482,7.566772376249547,28.54030743109462,8.27856803845135,-9.686108978114532,24.312325693738085,4.2120084998120415
84,-53.178777039386375,41.65585609407335,-18.761325902738587,56.79934456991204,32.490610122950585,-39.63593178148732,31.379036239554992,-36.57592501055453,20.493102835382146,-10.961342424993521,-3.2349223485963887,-20.139337716071736,-26.044152092959543,13.03310442724655,-68.3310641900103,14.318319838031954,-11.203606787599128,-26.83823643710688,-35.670653333328794,-22.907453873554264,-125.74264796554476,28.604728460209117,36.629253753580656,7.002951477453153,23.98778168773836,40.10609005145607,-7.5961327164181425,47.08239162677623,36.81935470804746,-34.820214312774596,-34.01048288929069,-16.94707879525285,45.16048347491505,5.176551278625207,9.772594935106456,-6.798760030279146,-8.019290937618903,26.261170823410424,-4.018913419964739,1.5909538900628857,24.5653225049183,-4.587832543574702,25.251181645870105,25.41960581695834,26.167073950353764,14.803452804190146,11.702072948977825,11.007470663124742,-26.600868255536184,4.179925626823515,29.580347605942098,20.429262458897966,-45.33269257067008,30.359119427653848,-6.935959407500224,10.318543314070546,2.5760861293328063,-11.143439708345904,30.577793704386433,-28.43923525563306,-18.4666164356933,4.812453561752191,-0.5245861758742056,-33.930363959879514,7.989664373243057,1.3294097517769317,5.625710948256477,-79.25869624607088,-31.685986267839322,-16.12458083652286,-13.711372923099466,33.041625306628845,0.6067327320829174,7.489106559507659,-35.151628688241125,5.796133871445824,23.319584062905875,-28.7295668178069,52.46324986897089,-30.20491412154048,-23.704421687772363,10.838255542521434,-9.851461581333714,2.323178504455652,13.793285652428821,-7.639309511662515,5.391971207855913,-36.70430552802545,-13.634052626681973,-14.054184764644729,-1.7419965278842424,13.431992944042321,33.04566537934425,2.8219124204286397,7.650081655282704,-5.730092376960079,-20.646202254468246,-36.625411624516076,5.982372908771478,26.137545794483003,6.449234048031529,-9.777449363129262,-16.56259677012593,-8.372958328734606,-14.13075501166686,32.66536587374817,-30.502963101265102,35.09756645809313,-27.113531749692147,6.354212355531194,-39.36351078252307,-19.370984074611002,-37.19066304251238,5.107703735627,26.855870276221218,27.362204537008058,77.97585347509587,-24.30977749327784,-23.082478615622943,-20.202287692463493,47.13898260868606,-4.1487401065821174,-0.39146569446282053,-12.355147514593904,12.897177373717309,-15.768577565233903,29.137068960503992,2.591070420683399,-14.087120590151713,21.191771803718826,6.058400039120974,-42.417248921172636,-12.162106863148086,-42.06528083864868,-19.75998691878165,68.86349928211646,-3.702577937379762,-13.23493567590575,23.616719708451445,-2.328141593941493,-22.295523684938054,38.615246188876284,15.734531739201953,-27.570751890355126,-44.82167953281396,-14.842531995916602,3.679636553803632,-7.8377346606218925,-31.952978542278043,-17.47619861417538,-10.864342072538353,1.1531264560539858,-46.674208993844054,6.383218276350997,40.35164919166399,3.025351576291393,-38.870273580229345,21.374690980895952,-31.97220419939125,-9.904945254727942,27.914830709114014,-0.47933136622304173,-32.12699752147285,19.607105511370964,26.318526269256637,-23.115257598232198,-4.889176773672203,7.0771053573369445,14.622159376997757,-6.806468452848855,-10.983814170688644,-29.94028215489626,26.41231092819467,-21.10488317399907,-4.886966972818635,16.96777488589495,-21.47111306737542,14.528386570833348,-41.67853118255462,-16.243156159534145,-4.689666843253887,29.42129683457155,4.572472776130835,-7.0987574495127665,-28.87766357580994,6.260988554049222,-13.841140485057307,-46.35732069933119,-24.67915428107028,-41.010479843235636,-2.8128509251766256,33.02390309080057,-16.663680212090437,-17.67269604684512,-13.042506289337688,7.372509719630598,68.24452399591097,20.43878164213151
85,-34.67727785063986,-0.15259418645068745,-45.41559271451257,-45.25252505294712,9.931241152950076,20.921331459654418,125.1361448827273,-93.95897524674129,56.980502275851066,-33.73538198604311,49.682160090840014,-30.907844223684926,8.927192315558381,64.40991535546121,-59.75134225191965,19.172724901504306,9.714278982932314,-6.0604971053975865,40.59219531221086,36.326511120931,-90.3576141273582,36.92572687622958,-24.82226741296672,24.343895326110147,43.64525382997156,25.821296357435976,7.013788315883384,3.6583617615726363,29.554132753022802,63.332392216275416,10.140982550009788,-7.510868706647526,42.76689304604883,40.642387317076654,-47.11108067929961,13.814878924387665,-16.607788216353367,41.734203123140425,-18.07677242962144,-44.73355981183345,-0.3395145839849369,17.366599154972743,-14.722937028534348,-5.905066427497938,-10.001822428685845,-8.127673251689838,-22.759096292666566,-42.50968719827112,37.8806734230762,26.148721495989665,-36.50269976605834,28.323868557390114,-32.25567542373272,14.374075558768876,1.2876843266199969,4.6063597313247024,-39.162311538838935,-4.935025434646432,14.00871112859451,60.25659534670866,-9.073370928141738,20.159741146417193,-58.806451060454336,-40.64043565681756,34.545855152495626,-54.57897845883621,-29.442113857374906,46.43248335093808,-3.003212873525502,38.993420248165684,-4.89438089246303,-74.81591238388457,-31.263499189010492,-8.897591595314422,-52.261058670799116,0.3805338315907496,-26.546990093067972,-25.917420467708695,-31.00055771374053,-26.256462601726316,-25.60561692886998,51.9190138625813,-26.784785089332967,-44.55003269193014,88.54884276521918,-34.61679968617753,-21.637072925972713,-1.8163234677198845,41.18741757843815,-57.36015530770731,29.864899474637017,18.778602257441293,-10.262031199622323,-18.485486149730622,36.35532167915025,-49.51789258911037,14.285503707609793,-4.786932792898454,-0.6631284340995729,13.727526992702698,8.11894607029612,-61.39579610465603,70.83718425564454,73.12910075805645,1.6582134062376799,-66.33211147758351,-28.922692949385826,24.478043490774073,47.77090769621533,-51.13923613560211,-16.292282540063848,-0.8837418974884759,-0.30505309591876983,-15.003394606598807,-13.209336924294163,-22.720933122525892,46.11634795881865,63.790817198638536,26.33161389303775,26.704581528882713,-51.262015424121216,62.10745586646322,20.564030216606195,-14.730519068941762,8.702346478728963,74.30397308603344,17.32719279962064,7.599753040254196,10.391934637311701,58.07646875640012,-48.43427695522926,13.43324908232919,7.616282212798211,52.21569300814888,-28.973777617174427,-20.24949271508676,-16.502834075204337,55.98978155830675,-54.54159148084244,-34.65798965332436,37.701939803258355,-18.050595939096883,79.74343358632751,18.02551493871201,-54.813323445258874,19.64749484784073,55.30518856934575,45.46966698732418,29.12119838616159,-39.57835055050614,55.76406351687199,-47.12363282468653,10.822653737570027,-48.04842632263169,-28.92181898470689,-16.24324914018683,8.341390878216723,-64.01094845236909,-50.86372712159867,51.68013168036574,-29.828837439574574,19.400016825287057,-22.73105054861076,-140.16702459281487,-47.9496100465532,-67.26980480235639,32.12532428797259,-67.04517194579294,-13.76255524473198,-136.13297015836784,7.57563433485765,-6.192044130059348,43.41817991680783,6.8215293135363995,12.815532443749607,1.8300258986062088,98.37237864147228,3.987176339977304,51.58330089273224,82.20175668444168,-53.65807378950956,0.04859670883357026,13.104357995986742,44.27596721854803,5.039302086954281,0.05622652114162129,28.019768189971906,19.235832813665187,36.963937014780186,-92.66420935024145,-73.95868340762316,18.59753702451997,9.21349236463489,-45.899491556968776,-13.47954767734465,107.28536334857581,-15.570702421077575,15.376281961419709
86,-21.897411728842002,0.8566289821727946,2.364566112852512,60.650590918909295,84.272376227294,-111.27060956002879,70.71296185078488,-82.08426128151679,84.5002760101579,26.011683696118553,-129.32058770943053,-187.99203654508386,-31.025665960487864,105.83226999082333,32.02456170641158,0.9800563544639542,-46.26843969650378,13.320663834471372,-81.90612588757483,43.42959839905495,85.13986047646344,-63.863486229925414,-19.248660607748093,108.49377168786629,-4.486155338808883,-120.96907069305512,-33.78661589968635,44.91074168909596,-23.52741902604413,10.556299475376662,-8.246397537066816,-106.48532643894971,109.51014124078307,-78.95628106078252,11.198802032518527,-14.596390505950662,-59.682914174345136,-59.526509865197895,90.68480225081859,-55.48924670057068,-36.047218584221575,-75.14517109668981,-21.256364751197356,54.5953917733239,2.899087433816241,60.59410790852894,76.90886201130174,-36.281299147233064,62.276313673534695,2.6752183394563644,275.07361265659733,6.041777880864814,69.29158514205815,122.51365734220384,83.99086859846017,-89.74969270361223,-60.26679538827707,122.5638026859779,253.4576424479107,-10.734188771414397,-16.68185059679366,-40.396620456259356,61.65757737964139,71.71873169258392,75.01001491804597,-119.25105110770848,-88.83926901275153,-106.11990046649238,76.15738435607699,-73.46715350153191,-69.62527845069361,-42.271645990521954,188.71752479703633,81.0404955312022,-33.149745939278624,-34.43373765360801,188.68366742446378,-94.47670004091346,-46.35960907215438,41.54982209852339,-24.313812705533316,20.015801743782344,-46.300013738489746,-169.70045142117863,-166.40862302847023,-71.0285535432227,69.32878885446941,-91.23184336795205,65.45067713811216,-58.73154099000793,-185.18215730872416,105.17941416447819,122.66221236755969,-118.96910711185691,-96.49339817267342,-102.14509244569898,4.6935693407959285,-62.72032836695717,-39.15199855880817,23.65278677397852,-142.2239899092942,-77.25337512477392,19.386836543437404,-51.915591891884326,-62.17728527231558,55.65326112825256,57.54613131516069,-28.72633036527253,8.69708879176887,-11.740656374563121,20.658730721241927,97.76132807889105,-48.74102708877907,50.414054817980336,-62.86454235809251,30.040832309086433,-82.16414469581913,-14.176288035615213,-25.178385781328814,7.849610282787773,29.474418179326804,-49.899248886384505,20.386954877740724,48.12814811995739,-35.23139097427258,21.12250688151971,0.7020931715384032,-3.6479115677966725,-90.31079279160528,50.36600410536453,-86.57748945359634,25.294626756546144,6.7650625444421175,-71.93412239296097,13.335844682213194,-2.217469070818393,-12.237792817516626,-21.425787159275547,-79.23136974036066,-20.548332933044406,65.17142247912587,-37.11255522234029,42.22749806844623,3.6626766906647,47.95631357955358,99.96226573835699,9.082681773549773,37.49937832979342,14.42287113600546,4.805606337915391,1.2583374956973823,-16.896284857843423,13.091010011969754,51.31654997998218,23.44768410408294,1.8578527769413022,17.427265735681207,-20.99448902518318,-28.43000611168285,-17.84040883660473,-42.60805520899698,9.627424565746722,-25.294046915091823,-25.964515284030522,-4.742044957186714,2.0952900186208483,-21.26415570793798,2.456756985386187,-15.464338060691604,24.479808035067645,11.105009777925229,32.22305887754173,-3.7089947682385325,18.358680966305393,-8.98840189694112,12.962450225977607,0.9228442524207343,1.7745240441624772,17.193341120584932,-31.52237406983957,9.002186639052008,-2.4886730901984504,38.05992862742177,9.040957383922523,-20.04098340717878,26.31456569056206,1.7250986533950585,-18.301696721567644,-25.789597805708105,5.929196393679915,10.255056331741903,13.999370711880093,-12.880530803910396,5.287373954425248,-7.2362722087909646,-21.6393331582091,-13.502921163829335,-10.05980113548991
87,-51.299259293952204,48.0771897588198,-15.568814967186507,85.95670358712131,43.74397018828752,-63.78936107052383,32.086302989364185,-60.402050603447584,25.761702679173062,13.425771608356264,-29.316901309594922,-57.88776792552723,-1.82463747374925,11.981509930654592,-67.44411143336123,3.9937406871416647,-12.336708203548953,-9.701890890466881,-37.810647281074935,-39.328911715650605,-66.68631024380011,17.31837262746636,29.795195551127208,3.8957329827514764,21.43684143840853,12.210626234927897,-52.217808594923156,55.9179470503278,42.94576115349024,-44.16984331532098,-35.99975666180287,25.88786384593491,68.62276595916887,12.100719398114007,-31.657711209507987,-33.344759277584146,-1.6868998505635784,50.963475902250984,-11.188303872512124,-8.703646117629106,17.322465692304778,14.812479224175826,18.667681555321643,46.74209593853667,2.759358639691776,-31.890602252248684,12.511963239411395,10.835610796149384,-50.55012586461089,19.133306730984565,-18.21964019074989,51.25374690420407,-25.56289321922912,8.220602485518947,31.76982259719788,35.01638999263928,51.786600227528176,15.177440822162739,6.512587444908575,-43.87897826471864,-19.825672393857314,17.001024325106716,4.8090631710167235,-16.27272960996489,21.34719601023013,-87.51366388512814,-60.18669673776017,7.381560693215998,-23.283811226260934,-25.536206050330485,14.54538041432718,23.415384886979158,-40.86100351867998,5.260455405500542,-10.309572106016946,65.35385104424412,-15.507083378309007,29.319839076439013,88.46099479042178,-72.56408051774508,-24.054251898404846,-40.570233642475564,34.54076230225759,48.73007032594221,-7.922102085943234,91.2215341746432,39.71148240505023,-15.027794034064964,4.796109269342015,76.33580140392226,14.967881119214113,-7.575988814722574,17.579121126626024,-6.480745804174916,14.731770143589102,-13.014700700796169,26.895498832908658,-83.3176602626283,43.24002691105649,52.64340160153271,-72.95791135317826,-20.82004879794511,-19.009899513214464,80.4316518233272,-74.33289844039962,-25.508485090241944,-96.98899139617656,68.66806207295434,52.794699685216315,-64.4691273010583,24.45169486758663,-13.649982631096726,22.91267572111538,-50.23741305461184,-4.02030742852147,39.5692060852321,-96.99005540735088,16.24272248412997,34.83627441294021,-31.472640914518173,55.85545182837021,-6.309231304528357,29.326805762757903,-17.95427617838614,-44.41358663412638,-57.14512563559689,2.1101467327982224,47.71097113481763,-43.71866324062103,-1.994469098116735,24.304824488816177,-51.45331712479859,-49.110823454617986,-27.518754240556905,-39.23782247620164,52.562083361306954,56.94717858902118,58.21114339130656,46.67282972708909,42.767692339945036,134.59847796080115,-76.95316764052797,-5.954336326838891,80.45248003418376,-8.55154069335956,6.166923360998718,-66.77410412144384,30.16790702707764,-79.5993711972432,62.63411994373762,22.550859617516497,114.20376080653044,40.470228601622196,91.58933874838476,-96.09307821388738,-74.47547001775088,33.06850214117978,88.50041911986058,-28.889186803424483,186.71546016107914,-12.710999033155879,-95.8368490215288,73.68400704975879,-28.748751283445714,102.01749103128138,106.92706939920504,-24.38906049520163,-45.73496946593636,-123.47883489973832,-3.5172188955677575,-15.616344198472861,-77.79498951766844,18.999733669811338,100.11840599460652,-17.845607779634783,-22.134362898689595,-13.792234808518472,13.88177139094919,10.158712602271194,-17.09116908414658,-33.164258338973646,11.424081583941632,14.01118392310989,-34.78660981531947,28.852985890835917,52.57963967838132,109.60725981768213,69.15389646399895,-93.48729564757879,51.43540698638125,60.75018524817955,-60.477280520733004,-34.72160800785747,-24.82469957103569,9.277381527270142,-9.934406466281105,-24.858506760590927,63.27928777807987
88,-53.17576641418271,34.90790154786284,-13.450264850882162,40.760465865833254,80.39347482211095,-64.41597209152648,109.58631088178278,-82.83682332469976,107.02169246363513,3.06363105147351,-59.43755474573887,-128.12483767166464,-74.85455605240627,96.9605212364718,-3.81860593690058,-4.354167115101278,-59.818106748527775,18.587416815767263,-22.313714334641926,61.1299071438046,95.73326281236388,-8.346883096261594,-15.681600589267061,20.435788346216846,19.869910849893383,-38.85235948002458,-63.93183068475113,57.3457031256179,33.48845418378776,-21.056149848924804,-12.120465292816682,-54.922432448586235,78.34061066305824,-42.2075729477023,-7.440003381257136,-26.861929181005266,-28.847719378741495,-16.022341247595886,-11.670577699638638,-37.004733107344954,-1.363463765101889,-37.38346944801957,24.16551145761427,50.80787075104962,-6.861994859796764,46.8269121606421,29.13960933431446,-20.364177123884467,-35.1717636896271,-15.00880455317065,28.445562147127863,-3.4931698979774137,-34.85263699804606,2.3356323111182653,79.41462453016683,1.475472762711681,-41.71744053483659,107.2961272232417,73.51289285554404,-23.186580766873828,-7.471870013670214,-18.881216255634676,16.479517762451955,42.96718805427915,47.201298854914114,-10.507339777155423,-32.154726877226885,32.97853811407369,-3.898747124360916,-15.641159177663779,11.339004720743123,-3.129581910459466,-12.191847275963774,-0.518765179247187,-9.63361563258013,-41.491459756105606,-11.278826286300603,-85.11184165107362,-13.419385027082567,-59.07857451064416,27.270082859647392,39.95806417688907,41.7910034810527,-54.91938796573442,-1.354353447045499,-5.382027948595281,35.17061603165244,20.3960982047457,49.04631020719964,49.74841169493415,11.467319125724927,-25.039519965658815,35.38982501316139,1.8193508108743464,-2.879111634731285,49.79214072351603,5.571359817854141,17.05871944097953,25.05106325888398,-50.96938272002446,-0.14013858275635088,31.080972288293903,51.55299338833685,-13.856639341942525,31.417761246938625,-45.41441359065125,23.714540176574733,-7.627021907954703,17.636221852120553,-9.277334379606563,-8.632812455196913,-4.968182510175581,45.355535622773544,-117.0058679344161,17.086883318519053,-13.417590362448504,74.98554695915773,-85.68643113645275,31.115100067112735,-47.46683553056784,35.70754415061678,-9.789983579366245,19.715619590397637,-1.7391807747869819,14.951440090579192,76.27285015134609,23.27353151888991,47.85254438243172,-19.119317080321927,-21.703771566841624,-50.959634772875404,7.024487720418808,56.63436670129681,3.0549529318402397,20.70154943177364,-39.16258085848792,45.49342299985615,-22.79120705383281,-62.73458334627743,60.01845913431788,-41.19164244131818,3.0612685757986924,-17.429001330861468,72.15467553629355,-32.3839656121834,-59.05945682515616,-84.30795762758247,-50.50394726460539,35.67256384654216,-10.76706069855671,26.12388777631544,42.684908076010146,-20.315036245293555,-69.07118080434994,-45.081353171564935,16.238569845287948,-86.43386715631934,54.967773000050435,21.19507996623789,-45.86411866678557,97.712909097584,10.70944965932923,-71.49939440964702,122.88830809262396,24.739210478591165,-8.984584825086582,35.89905614956992,-30.94443030419718,3.3573689532382844,-129.95589396098563,10.054523598486341,28.77862049122694,4.692456018621885,55.14104227046806,26.69127460339007,51.13761727454991,5.385053949806809,73.23409120045181,-36.71989667272598,-5.029901292190087,-61.71290270629323,-2.9345152003960564,-34.40252288151016,2.1437930950804294,9.42752663810932,-29.04592000065186,-14.287953502415101,6.2635410371859415,15.360266008650564,111.80421759945324,-85.87768576696573,-24.673286761788326,76.2440665416563,104.84329897563748,-33.01306656894892,66.50344268967905,40.8502303956546,29.081835041376163
89,-32.23775688146338,26.513582008716796,-0.8587772915584219,84.56498060100135,36.89142914722858,-86.47005869469974,-11.66554165582005,-55.10410699824886,22.718823283139564,28.893636140416806,-46.69760360098189,-57.496231815518094,1.448203009045493,4.311766976690137,-78.1508061788223,2.336517881063083,-31.03575648153849,-47.863441598246034,-48.93529443828219,-30.508642540759027,-128.76335247138238,-2.176222759619625,15.341106889722205,10.357029693930365,15.930571861967724,-18.945673766415233,-55.18034095667772,0.6000190408284523,25.476585789601103,27.45705464148222,-2.789183155803281,-8.21391298728477,17.157826012855452,-8.465038964770663,-3.428040032771776,-12.839703076777338,-9.793479713358565,4.002381485536521,-9.494261848415356,-3.584498581426794,17.355150700559577,0.5902056026863873,17.737070859433864,40.365961511312626,2.4270369382419483,-32.87408009368936,66.4189797355101,0.8781026907446446,-16.534804141293733,-7.4340086955582985,0.3139894007391548,0.8175118955070442,-18.682760353998642,38.120505684763295,5.831682074626543,22.316159744536236,13.14339215778741,25.622469294039696,31.25239607465558,3.072086354976453,-25.29535391861106,11.750277194002312,-0.02214019845809012,-23.201862293492123,56.35788961708708,-62.085807509619706,1.088731177254337,32.4287127998446,-40.572453672530365,2.4241499342725836,-19.56179357079737,-73.99771253666218,-17.386400370810126,-6.51205517479732,-36.84513835688056,20.663566645783998,-27.083206682060677,0.9999961709481018,4.622502822047425,-44.222859654630504,-5.440763210401625,25.49099740256684,2.4555143567826967,-4.377035737740355,-30.97702693047275,12.123480520640015,5.313018350975884,-35.42129584011949,18.074470807184216,-37.83724836590241,26.113053275945624,15.487008343590936,-25.39715347323757,11.468377722621046,-22.92120841772424,-2.622385631977269,-14.736285115331846,20.085062543787885,-16.494517824258402,21.984945595955065,27.31563108319772,-26.598691998554127,30.61474553341333,30.986714318527195,-28.476526384170672,20.12068990243188,-42.659796101970116,36.034184057712984,27.621831734442942,-13.506324652817153,47.56753944879982,24.120835741692957,25.04509943714773,-14.900540659848527,9.909168318605703,-34.750062572195816,27.83831245109303,21.34654648263443,23.07507214269418,-20.354299928110617,-55.581152102729504,2.037765477211347,-38.75991684297816,-42.042621076496275,10.665927823251403,28.35770080651057,41.56448897439467,20.579912815961197,-1.8978470865425368,18.76902367292755,-27.584034101237922,34.747178684889946,-17.444537696013736,38.4178583132076,-11.426166071179804,-5.2514016829899965,50.598836925280565,16.387212084803437,-7.733859111663582,-2.2893423333783134,36.735780086685324,8.670588140351782,31.248005841093086,39.536099273837024,8.711489411053897,-55.30821084853327,-30.969714243195288,-39.32686822624925,-4.962964747318901,-15.741015056061668,15.29249509889249,5.318235687109932,-18.451426434623947,-49.752002519759664,-4.001970543138844,-24.090951884201505,-12.60505288745136,-30.172992895492623,11.921300259553016,29.970436091042426,21.213309884380873,15.711576854057121,-39.5769584653468,34.673290202742365,-64.57305700973555,16.90697933769461,3.459952213237812,-4.234334052140687,-14.49538430777886,-42.115298745971046,11.23116933596408,47.515361658174555,-37.34133397601983,-13.314254529285654,-8.079108712466784,-4.771854837267752,40.34747922385421,-36.64671276532933,53.69404346104917,-1.6197357308981621,35.39986745113776,29.564290306638654,-17.40269356552397,-39.93656795054842,-41.58730312940065,-2.4223941150991632,46.434440414506646,-3.482115279127281,32.745465500835714,24.37780536411278,-24.392344190857543,-6.4099907778348015,12.282436764611369,27.649234107738344,-15.664602461630007,8.572013029688335,74.91998931445197,-14.987620075300319
90,-52.400270658034046,31.862715496355047,-52.732442498248155,-15.624117622362744,24.607892034973048,27.545414465749133,129.1028335732969,-87.98210087542739,54.79157232574028,-60.70411269651694,57.53308456278437,32.870884324713415,20.23770987107053,24.039148658167445,-51.91445531486839,-9.986166635767,14.036360202136784,-19.240954508314594,53.31295196902054,-0.03791820402980961,-95.94122611621228,-1.3014275773290602,-7.864838455938876,32.68179121563791,7.718480489745142,-9.953789693833508,67.79062495547439,-51.565983175746126,-9.62384406408877,85.62292312396836,36.78621015525588,-16.48467349409597,-2.9916916393622426,39.70867372991899,-12.482063782455262,37.549200164704786,-13.833778171421201,12.303093919112413,-12.263891174316464,-16.83643327705999,27.42911592724075,23.138146455899218,21.76511685073305,-18.95441702773865,-3.3071090518075974,-41.48916741088102,-27.150246595781148,-9.684600155717572,47.44210621229664,5.953467384916288,-15.013160292808232,26.8832196427551,-10.028372718419842,28.458722229424012,21.218247541680885,37.174188862366705,-6.3347724477724885,-5.050292634812215,8.757608124354746,34.42251656388084,-17.908578804460742,20.892481202644774,-6.193735714183493,-75.10234902891172,45.64420399938068,19.141884749616555,-6.7524543395315275,-14.102268714200466,-1.712490931748138,-22.311917118533476,40.42363377049158,-8.873728444443957,-30.47221924594951,-26.037567304135656,-11.729661533218898,29.130105350225268,4.470023035014899,-15.823122583872404,17.232764247144424,-11.80035404131994,-1.7430923585703781,21.4468109074298,-13.584005452657554,-44.994206362132445,28.08679580595021,-44.0920134603142,-2.757843837648912,-44.960859414717596,48.48914780463325,-19.676737750154622,47.17127177450991,-29.385594009990704,16.152639239289446,-13.665632942244802,-2.563244043999397,-28.050954075226823,-0.8716035368509697,43.38766504390933,17.120037461774757,-21.7380332344118,41.87188274100491,4.743418287396282,-0.17270482203933613,-3.669124653473463,-30.26527694486487,-0.8246930465149878,18.302055598865667,-14.631373406380414,15.277774107062342,-8.14604740921566,6.457691567854134,-24.902238070604884,19.591468810597853,15.634267336186403,-19.498348452178355,-33.05502514141569,-20.5261059916576,-1.3579946481154108,3.3652156471683634,43.916306916619874,11.10716500892418,17.866453020599863,13.776011393248787,-51.03703172802629,-24.39128989882621,96.33518406821068,-69.45715574726299,10.04705132361307,-70.65258057296019,71.08029171106269,6.858949094516481,-1.7118227576101925,-31.55934334096568,21.902648811524607,-26.823674044459175,38.726397203300245,53.29762002258671,1.096510132401988,8.852398288247153,-10.60737264481229,18.825615813465514,29.7921338939092,14.082448509298919,20.07315608692183,-36.73747029296843,6.486915300663706,36.066022369048945,30.386875413503788,-29.06114994118357,-18.577161408635327,41.17413595856595,-5.766453533140872,7.242005706036373,15.911860199462943,17.569819302887733,-85.30951267998917,-5.6863100599470515,77.03358323569302,-24.26513698682426,-15.306068187851974,-33.037046091631865,8.45932053890905,36.3231440916007,61.322569693541176,-16.252444989869982,0.023835092652569306,-24.222363989202087,44.84022509458619,41.870838164698604,-51.01142184233204,-8.75515384834081,-10.435739886052378,23.589184414947308,-27.921631717983907,24.890567727089017,10.100965688626776,10.556541214384115,23.935392341171138,-2.744486097215523,-16.82759782233416,-33.73087366692871,-17.89826151030818,70.01279879064845,23.725020125151968,27.025526802000375,81.38541396793796,35.9376497109229,-23.110376251392065,41.84510327983991,9.1241166629416,-2.164718054386576,-46.27660709980233,50.93721022516063,-6.928199294163026,-82.73208280700254,16.276472618768313,-31.136497040165565,-50.3725640921273
91,-60.11117561248674,61.16400785377087,-20.563759060057812,80.33908841717297,75.43340821850182,-51.629100640584355,129.05179226851823,-112.35661784546048,95.06548650772783,-48.29224536129939,-8.70744626015745,-20.559039273012466,3.088055178680375,-32.218286094544816,-56.87808406531673,-8.715513013165548,20.823035052757422,-17.042589996264322,8.48458734945492,-45.73797772305111,-96.35204885677489,-22.36084728878349,-60.10486812740616,32.4275265342206,46.21641747064063,20.698606619838657,71.31742725711625,-64.8948326367042,-57.239454442563066,148.51142441960639,74.00710431262924,-12.384209461853063,48.948500577784145,63.17191637784865,-57.446900587883334,72.3155344420393,-60.843482995262434,40.45303177279629,30.787786719463362,-29.18737867320738,27.09439776201005,28.611701159927325,-29.80952199514724,-55.61623487809884,28.177725183970878,-43.46381863073223,55.63773135773853,-14.630771067750558,-39.66759778310821,28.32662667669535,-37.584450768044015,37.424465170038964,-24.65609538501072,-24.147587283554618,32.0862973193343,19.54058977320548,68.89008342134636,-45.81536151910388,-28.369815873812215,-18.487295948726103,5.740133294767256,3.1553409195852287,-9.006579602728781,2.644677807013057,52.960604328217244,14.0512039087687,60.54080301908162,12.311810547190854,155.8563419713882,29.73277150859217,34.282907149774424,-58.20040526969691,49.3610188986478,37.18052467289994,42.25116866128091,-106.31703053164873,-46.99831386089344,-52.29493876737302,-73.79068928917356,-42.62141137858966,3.2793469234724486,15.608027168930906,-58.11054532046264,-48.99753670800867,-70.76191186296423,-111.22059969037936,-166.50057213509976,51.69778504495709,-34.91135286406318,85.70254656347346,157.38428810282457,26.293024492375945,35.247032183760474,-118.89462531483426,-12.760274397788484,-110.36748207723655,35.65594196780152,8.871444360202027,-40.78254492670647,-39.32451193772267,77.02012187709467,-11.656271904958697,-1.9712478409768823,12.967052725429218,-4.362100301815106,80.58432133478556,-72.56493013861292,30.431290274510914,-0.5515230946309231,-10.653276704322682,-3.41886249120919,27.431144279125093,7.5181226815747735,111.59923242343784,97.30682392117507,76.69612598283331,-12.49555135139377,44.402331849556965,20.148256241567122,103.08865987989726,171.76607284504865,146.83290145359436,27.74449891353931,57.89730755047699,171.1492359114608,-57.90983694437983,-128.85658236957696,-35.54055260811754,18.188275100325278,27.634843132169973,-90.31512253402973,-123.25839431741115,109.53583443681337,41.175834010857926,26.650942710145593,-100.43840396533218,-80.16875496629387,-12.330967300637242,-11.126786974120801,18.541545333975236,-4.9247823314973225,-107.26111895518662,-16.457672482379305,98.00076104747595,70.04019517511503,8.341940214180424,-5.53076346295329,35.47325823084282,57.30199152437074,13.466500121123829,-52.937248363801245,109.60694043929972,-20.146204184157906,-87.8661356134503,-16.102513847152043,57.11508593817564,21.613773797798515,-34.54407320265005,34.80398839505578,49.223697772076456,34.84921619987219,71.36098145216903,22.700274872953386,20.723520797799296,9.956701080462695,-17.242072804441207,-24.894340806859223,-28.48818445403229,-8.059014476279113,-11.481387026735614,17.732648886308038,-24.052830644530662,-30.21133961603335,-60.45810762974288,34.88850398038925,105.1833651735121,19.992894035401182,-22.79087919194758,-56.875690178660406,-2.2409445239245573,-14.793020878792895,-13.784776678492895,16.877640180366782,-32.465143785453975,31.35462244640538,-15.868996652723945,38.98457452300499,-3.9227796703892746,-38.84974530937652,43.29814719050625,63.83790854815851,-39.1456141911445,-15.788282121987717,2.0892586024019435,-39.96096942318816,-22.207493655023193,-18.74058388740018,41.35049065570106
92,4.64562087496486,-71.09344335789177,-63.156743977567764,-86.12916942989501,18.21558643054998,12.693055529196908,192.31505810167877,-150.10744318879748,160.87934889618768,-54.05108498609077,12.028740764388818,-63.445218140672694,-117.79396170694373,76.11437161559957,10.951186839752808,-41.774578372410616,-5.871047654864877,-39.472121949562066,-5.3697496807686385,-28.169838633667,108.92548223765517,-60.706387510670886,29.338860352398836,-2.190287785617191,24.422466670954787,-2.8330569168690207,-41.53976793464519,-36.083597879819344,-73.88007826876914,-34.83295455717114,78.13935485018817,-56.91203574947387,-112.43162366545563,69.56148258254126,39.396500449114235,16.372576866237743,-55.19797118857989,-56.82830010993163,2.8882054307937266,-47.594121017220765,-49.82223256049793,30.49510760175728,47.379628100405,-13.752369461467717,10.852823662231737,-22.237498471083995,-7.187016061296863,52.84715624613231,21.759337658481567,65.68603216080953,-66.57413428292837,56.19384766434369,-53.91732081703608,105.07980165942472,48.264806185960786,54.491511346522266,-25.512876270325915,103.29366991008182,119.75100001145321,80.60562206817951,-21.510446927080203,89.50960498493714,153.6152270227119,-8.672024360856911,7.566921051661806,-27.74568032710277,100.66941570236574,51.433610543967426,-52.475974899668785,-24.312491609326738,9.296606839049605,-59.6795114217575,-139.78458859492673,-12.829232067064842,23.889078960406177,-85.05965549560993,21.71470216563777,-96.66216186935164,23.324769824629612,10.341674886134369,-97.72873125400734,-114.24788096096006,-84.97157153618541,-56.75908676032443,14.50514448108954,227.03303167086816,-42.98047081740044,-152.11875529149967,129.7866960900631,84.53415321098296,-224.48949495093285,-163.95587053277143,-161.40662613352654,24.637779345141002,91.16992848390849,-108.27354423120175,221.11976283543714,27.029996097716783,-41.8929659915881,73.89317360076677,102.46239999822154,127.54919556429186,-201.16786918996848,16.471985234549386,76.44350688181541,115.28102442024029,-47.81019377265441,20.719808899318853,82.02942994178572,-77.5269979228811,-32.83831086623947,37.04238052235847,-41.66675880368216,-29.023509052165597,29.07131728724172,-42.718296711096414,-19.308832425591145,-69.37240792773362,39.71852196690768,16.423209125097117,51.90583996224445,66.62670322992156,-17.566735510263435,72.29099334678186,62.752490452249965,50.190635312056116,41.477889187594705,-15.970811301653654,49.061053245575216,-36.534877196858474,5.8576496506857865,8.316808804107628,-67.57871770464962,22.03186266157383,-36.5701952777843,-52.96044759133306,31.28924994784746,2.1546320010136926,-46.12009456110413,31.00159770652951,-19.831815351258573,43.857662657126184,-43.507703298203545,-38.45017491672042,-38.19856544231957,30.113593657637768,0.38078547858513423,-29.483606447327134,40.62668716837623,46.25523747814272,14.24097874575354,-4.839395108721533,19.337348244499676,-44.11672834170481,-9.32077268789118,35.317828334538326,30.69182076454592,12.21670685447637,16.628450765766353,6.104372386583846,5.982207311510751,-27.441310329047862,7.961866079942313,-24.396014412599335,26.919003289947625,-28.78195685070585,-20.75751865083211,-11.51738581970304,-1.3545235808702172,64.40513783604383,-2.3672497076877748,3.350996165813688,19.063061142749998,-26.307635155251663,-11.946942764222275,23.706572181439693,-15.799189769472573,16.763044565128983,1.056984116323625,-3.13097573884137,-11.701177386706847,25.0782280195353,13.463044931847023,10.92791833015189,-15.213117309465666,15.694362569240532,-9.67489290869888,-49.26022076591801,17.906104578994093,-19.011052002520078,-0.9737794899797534,11.325596635903915,-6.329698170537885,4.5129947841238796,12.254763153328586,-18.971462731698573,-9.525687138055691,-8.099645409163873
93,-64.07238611977569,81.84524906159346,-14.443903492671607,119.06782578585727,76.72418482175935,-60.429055104336285,79.12268351939066,-73.1659148308639,46.82744703388542,-24.662565120453213,-13.960068428410347,7.5457481482375055,-3.911447467914592,-72.37777746284137,-62.215958137793145,-16.902824055647343,22.212238332944906,-28.337073928259844,-25.44486851062604,-86.62559167933577,-65.3998594040212,-28.804795258342963,-4.945296864523219,6.9699208019682555,7.845326679847475,-3.0769276020695666,26.177458692058412,-0.8416798894347487,-57.035959757616666,23.285519729642683,26.059080280557964,22.540550114310413,25.39268194000092,27.40024406759654,-13.26425734269097,11.197241816475826,-41.42762770145637,42.19253495642987,18.15455966186631,14.884028116733857,3.069454932218414,15.844861324976879,-6.421309353514155,-30.474010645815017,35.94123761783478,-27.77913848679434,29.88931930603496,54.020165173052746,-29.747215798666378,-12.605024002133625,20.93597714467603,4.600280751557707,-6.262598458500278,1.3832177217154484,7.988312523290518,1.6599475845862994,25.528714072070336,10.477190731105757,59.95579676301723,2.256576840383087,-7.490096889897098,-24.70719097056393,7.844521099467845,25.572235822829395,14.018717919178528,15.42914480831971,-9.967717248661666,3.8837044685860755,-1.7890097697014637,48.07874466738148,-30.122520153369287,33.681881315833614,3.389695464624775,16.580683476765504,22.774322385713603,8.632614816310284,38.70514697152198,44.5376374826301,3.1942735872211503,-6.114969489591361,-18.02234881856296,-43.33317131405817,9.959542312982997,15.125319225643146,-5.194311450291538,-28.139005635161986,5.359770263194017,31.53923952146654,-15.566481275604486,-46.32612860029455,-3.7261082763140583,3.9250197457593945,-0.6657011085222122,26.654274588962892,-12.271520231948262,2.675153776333321,-8.98684803031517,-16.98841915961353,8.12850284862084,23.300705699175094,-17.782551358652395,-10.796732827046133,-30.90256928776649,-22.298009968630975,-39.97559840105192,-7.789071169690015,7.823895784456629,22.447457127157097,23.112482810126426,22.727297937941568,9.009953790691608,6.271325948329655,-30.361804535149524,10.563658756802456,13.937230914642432,2.339447298226033,-17.345772920689353,4.017340564936195,18.666144186959077,8.053496740747693,5.663514214251129,5.509767905821608,-8.110586548301285,3.168896012452765,34.76037957119966,-4.934940395653091,3.2602376849947077,15.864640800359691,-0.7692363378463216,12.574187187023181,2.2547865429605003,-5.553447027037964,-9.239256453574477,7.500244277854344,18.55044436579909,39.59049377337982,9.036809021112438,-24.386825310479274,-4.978840387884511,-23.707098085925402,4.214006743737875,7.587952898437238,-4.620454960614934,-18.525836230929,1.4535644631458042,-23.288145809078337,-0.07049653030442907,-6.875255858038909,9.003543457887467,18.224419386681454,-1.4492091480222302,2.4623488608011974,16.869015207974936,6.816976609246851,4.765834556302964,21.034419520052502,0.41476844095174936,-28.71698602792878,22.118878321534815,23.37184034605915,32.45563243281293,5.297438307787302,8.351569226535979,-11.755580798031499,7.702478735974761,-6.333264584052574,17.08466676269617,-20.86981336186233,-14.562780425209267,-1.2584827514789418,23.423899490566516,-2.8548388283046635,-7.301028903486894,-19.90684305652689,-6.686862711947723,-25.823595485119977,-9.396354198486081,-10.524448606245755,8.096142001538457,7.5565774522869855,27.35102931324988,16.67470145405772,4.159870570873188,-39.100435814279265,4.604781835792977,-8.150275497486748,-0.3079093311933199,-0.5674570779468804,1.0942372725789244,-11.218526389616994,-8.829448944542936,-6.94697321089279,6.782491295601253,7.567147773741073,-3.1929793871138563,9.785664407676409,11.44128207229992,13.936031408258513
94,-57.2208345527451,70.45767436306942,-14.333659193956871,102.76631628640011,73.00689320778592,-57.641492859485226,69.81177885081117,-55.96359331547493,48.576356568987194,-23.744606326940776,-19.383859095327995,-0.1248087268657736,-34.67522798469398,-58.57535810907234,-60.65588806663644,-20.694003327349726,11.660359537829345,-28.447689563827094,-27.669584969925417,-62.43778376056408,-43.89138593759868,-30.035796041225773,-1.1399651563020954,-3.2280636789785815,1.6389627652877856,-3.620969141193865,24.710568921894446,26.34529781112536,-49.77830345606239,-0.4355616067234558,16.834460731740197,45.24040441977055,53.811225518058976,31.77781484432424,-21.693065703238034,-13.990997102330006,-51.81146187266029,37.7151000634812,10.063350110397412,16.035748636441028,2.500650147667424,5.741986193710271,-26.49723739139447,-14.401268524860335,27.883349315436334,-22.03905356363225,21.03509627062783,24.012095076661286,-47.31250421220442,-28.371338392269944,23.44844555666045,-14.509350914517201,21.166019022821484,5.8116769686175624,-13.592634882002917,9.47731133574647,0.8748330857636784,6.328580850613502,16.7776377053515,23.99637578570051,17.821235513384426,-25.433542189846918,-8.137863521580119,13.842111334997023,-6.128533587097916,46.4215781386415,-13.053649024749113,-38.244762544448974,1.553471671017489,40.99187485815066,-26.560602775164128,21.840870389929872,22.83351062732631,23.51516368225486,-1.7967521501836616,0.9778040990330568,35.58925950892315,4.503070671846616,2.086114648401986,-17.269526175500953,-12.916781635315665,-17.999970144747643,5.417680325645237,13.673770708532514,-25.108536581412338,-12.498243226073322,12.81768518644796,6.852611631664675,11.420193903261548,-16.841562582146583,12.561144588987702,21.45961604335443,0.7046658270983752,28.271094415559073,8.10450352793053,-8.327621068283843,-36.54196759286127,-3.3785178442213653,14.322085590730188,14.102659254657022,-6.614773252903677,0.9873828593791731,-48.03684906207167,0.2716689703540358,-28.5175626115017,-17.581940353066436,10.509002078839872,1.4782628328109721,11.25739717305437,25.09489668113138,-13.007900077468124,-3.4539296949315337,-24.785959562974682,-5.946809891636402,14.0110097136034,-0.026709631074414514,20.092065469212258,-11.723619783941515,11.039361295093807,11.611141929313623,1.0697802344906384,2.834081848265898,2.243479587180655,-27.779844521031873,11.977660932042916,3.1116308413652316,3.494437022495665,-12.395986395743028,5.4111860134835785,-0.13328042883561578,4.172510753588077,-10.43003648964406,-17.719068810052008,16.5680239249162,-15.099771625397208,0.07330338685340271,0.14632769203378074,-23.4089246743325,39.38891311969265,-9.668803420528493,12.867738958598549,14.446558200092515,-1.9925249390605626,-32.32231223599264,-20.238418688405456,-23.617152436893228,9.670702610752112,-22.823214437342173,2.7953273973067256,6.968884763692069,-3.3659286262118484,-6.823103415124712,14.60304588950881,-14.918661393101607,4.941348222055894,1.5962690995939284,5.841800974771365,-15.38279695590694,18.787093621858688,-20.307136883411125,4.420178503931265,0.8491325600944601,3.268154619785134,-13.792490664664559,-16.794842827145754,-7.097670790440094,-8.804366373507268,-18.342957924472998,-2.4882340333919215,7.534268971803981,-8.093147793149406,-3.4008415713890576,-1.262338042463539,3.121469218740808,-11.332711656402763,10.499936074845639,-38.1684785146445,24.156340894575802,19.568131955078954,30.573074539678874,-7.522969742459332,18.11644593460865,7.805934050095191,-14.181646018905171,7.390461627267763,-14.747394579667587,-9.387694182929806,-5.179377347510032,-0.12475132544964958,-19.241986555166005,24.825384597869913,25.326664501114614,-1.557557633546758,-4.77961318696852,-7.79112924003082,17.90211020686556,40.072815613941046,13.394469932705917
95,-54.17184474526586,48.245479136996366,-23.01539810069196,87.10574442524114,61.14516824912329,-63.36734765615358,95.97453169961713,-99.75283446799928,47.677419681270244,-4.947192792629276,-39.58410222740409,-51.57156750839445,27.085525306059367,-21.632205824365567,-49.04069473663939,10.634475297099561,12.796291332283365,-3.1856681522068984,3.7860079436925917,-27.85161698656016,-62.22644885705807,-21.256193074665067,-31.412737893528988,6.448151205767423,-8.330293870873833,-33.350004582103445,25.15014900498795,-19.454278334519483,-29.484451819944795,27.98243238134086,9.074265122138476,43.3622059263054,28.002445511684524,29.31890528603847,-6.453040742533183,-3.0143764880497654,-1.2466686321432392,2.2959712078729018,15.901777947713338,11.913579775461232,-28.586427454385,28.165052509523576,-14.511712669700664,0.8410547630545607,-8.07856423447818,1.3087674750967508,41.614084422760186,19.39921643690653,-29.641391986008667,-38.788207798971975,15.326274469289322,-0.764999898468069,6.4179130734191085,8.572052280441643,2.4802054303117407,36.535729613831855,9.509476829780152,-26.1603366556579,-11.146435926025692,17.691429230534972,30.370939033104037,-53.55964163090866,-43.056099355853725,14.591517913966802,-9.599430043782524,57.20209339545196,-3.920228714381783,-67.16623612435521,-9.088253471072255,20.670962669370706,16.839770039325035,-0.3418823563994693,-3.4806616588894927,-4.114944778976297,-13.808613070110647,10.363964113682474,15.768757662435606,13.569280029276158,-5.068649958379423,-17.79089503366116,-32.82208087495114,-31.910735140608807,-9.368263498944806,-48.06892752110047,-23.935528373766935,-43.655542424603155,2.276326791551326,29.278749364327282,-8.054387858573364,-8.720859435108828,1.2908087416538911,31.561209333732325,-44.54110585137326,22.328871428646536,11.715184716936768,-17.919992804101,-33.528552728007384,-27.981230076240273,5.937901293669343,13.901175238949577,-0.5297474760220132,-4.536181253184807,-26.439545600973926,-29.99403679053774,-22.50973342063191,-4.025085361045354,35.3571540891915,-21.535277124407017,11.241437663898727,7.900045348284448,-11.223059975791822,-1.7538615021064308,-6.777705786957718,-20.5511712727995,-19.666320648863874,4.862825747294262,2.7462588941092587,-2.790613636706954,37.29189007452929,5.325795319115232,-52.70279860752886,-6.060876935609903,2.1800978883575386,-16.245405688423332,43.243244530174344,0.11723830741433261,-8.237237811577494,-4.603135381417462,43.29189682480933,2.9111749450720854,-31.821626831477417,2.303611831714875,-0.6485437923866116,64.14914843868414,-24.193841770271575,-26.93645991921145,18.684530824527677,-40.00890403757117,19.553978867072004,4.102579528637038,-24.656660309084888,35.47691864940261,-11.640266467516767,-2.775637969807084,-13.55610020127394,-45.225898405918095,-38.42781860642067,-36.075401006468844,28.88311785385964,7.385400724244268,-29.07655982066979,-37.64353968652048,34.66869624864553,-10.473305619305036,45.41708339769462,16.787182511800705,1.5147655642754234,-37.596982030027064,15.943935620317411,-49.05319341201848,-28.518401545435744,7.73409709837611,-13.594505072996549,-36.56513907577138,-13.127138055890345,-38.14535675616677,7.506324167951743,-34.21534932755237,67.48530315973593,38.74736710668865,19.10967603194279,-61.289766439298674,18.84321995703936,44.04354325228816,16.122158736402334,-1.6615458373747525,-47.91264447819309,3.8279349270030427,24.437105228940844,59.32301510514596,-8.708613011370625,79.0431604904192,15.39706189126731,-45.45298476168169,-2.8830179094670347,-25.433260443367423,30.947596156615823,16.833882794986074,14.23008491289297,-22.00935269228947,39.45830145661357,15.859726783612652,-12.156096059998541,-12.810381017017631,-18.12924084101895,26.943106098855854,10.42886523627452,-9.911457104811221
96,-62.34095754541864,78.05981551930675,-8.256022822814167,95.18431786868614,77.24436156443569,-50.969283921205644,73.30514977464343,-34.312637293573154,53.71119545517288,-26.679551826477034,0.5527212385756618,34.952934494531995,-75.23172401551052,-52.25660299536895,-53.82136590393896,-42.9411221429136,9.139266999212749,-29.245223996750035,-13.314023231120226,-55.509454514432825,-38.39877382505283,-22.385800190461563,13.625143325695158,-14.045266843370701,-12.91387143404186,-0.18966282894071296,21.109394144247002,18.222910761220117,-11.145332036166586,-34.45499276595769,10.943160306289537,34.81922075947544,3.0757958264503222,23.56553602870506,-1.5410147528297664,-18.174691848220636,-37.652655293286536,23.16323839556327,0.167171387728953,31.30118455011668,12.811768821714319,-1.9725507399064401,-20.005983190957018,-11.247563217372912,20.003052128482718,-24.22585783254326,7.995163940089028,18.942763209586975,-31.06315625512683,-33.44107122355583,21.202927004987938,2.747001277658276,15.356524295676767,-3.7758880243654382,-21.668449544251768,0.44274453300373184,-13.295331118981116,-2.7377483170530574,19.779548396298456,22.27343083374823,-1.0571497059161241,-13.946443545729187,-18.618201874003862,-12.4007520041768,-4.050826219424813,27.940199164199882,-3.5980028201665664,-33.928539230233426,-46.199161852284206,-11.036867779585508,-3.757983127396265,43.18099683425556,-16.12363812729105,-12.44658050951857,-15.580118779396516,6.551883885825542,42.87627415499764,-8.738181699798464,20.791681377323492,23.1939333691541,-20.853986109074675,-20.678803852788793,7.72164510818193,31.908375732017745,3.310028821626664,14.7140806083933,7.725784787896398,-5.246030504603007,-8.14872533230307,-27.72779981556443,-12.019506090348505,27.2377931989235,5.274194351137362,16.838769847648667,-30.530015064538162,31.901668731152427,-37.89755853021712,-8.582307920223206,22.164758993407276,39.39698417597992,-9.298826468878993,-11.575492517029465,-44.13118983371732,-22.21439748137559,-10.629921164704744,-0.9886273837468706,11.361929249184474,-4.531715029160888,-2.0561288570779888,25.843107121411887,9.577852812781497,-1.147622042591666,-4.330504117614008,3.5268086925531206,14.501492336390072,-14.176336155264568,3.1299459410779056,4.907249810823549,-19.02480007113608,-6.755683980119197,-21.83552019939688,-3.096466804021804,13.500013688302289,3.9782825475068377,21.14397251662415,-9.976232297264943,10.657091337546856,-7.842539632382694,10.716527842953028,7.236908019644359,6.2674352723776225,-27.048411903860682,1.7197928139216723,5.037609449684992,6.241845210047462,-18.43595861418372,11.749042520229427,-8.265970054115096,13.42272621959852,-6.003701253809805,3.642102734713345,-5.6988264583820385,3.2561419759738457,12.649685673741098,0.18295405305404217,11.980877080336342,-6.710335254777965,-11.521565245652493,18.511134113998715,-4.383450946004812,-19.79350543028077,14.872358620334582,4.747932817566676,9.86182289042783,0.3092881119184919,9.326377957984231,-6.730353831518254,-13.192171896041096,3.251778632341178,11.722027412855752,20.92643511604076,-14.824642246372356,-23.527767910201124,-4.11671230617025,8.201555512870435,1.6386542999759242,27.300099498102846,-6.640858225877789,17.08758902048835,12.237623812590215,-21.949202559008928,-21.255948837852085,7.439489229906996,8.536635424244647,-30.947870876838966,22.19840294305835,-14.96705081527586,-15.002215845413051,-11.247347846949351,7.4477967542625665,0.2947287910180002,8.978034720941015,24.54965734066652,-12.32457006820793,-3.372025099990089,-12.604788277799639,18.0461027667669,10.474054449223798,-5.596323718534013,-42.73436329215183,10.784673657595135,-4.6877819510591685,3.8909088471929807,-8.908942332278755,-5.103143115849265,5.006945954523893,43.93660805923404,22.895203871218502
97,-61.44828843351131,53.38324641989157,-28.504711769158117,64.24067041857543,58.61386307999745,-36.21107718782497,99.4482938788785,-77.47411569142217,51.28400241126032,2.9468524108405028,-34.93645875454501,-88.20394273875459,15.143804534091064,11.558699175042486,-26.196346300818657,16.686812717781144,-0.3313869312586802,37.28666678024838,14.199847863202033,7.815375650049038,38.886543598781515,2.5679215337232777,-41.991444485074695,-3.7261235442716942,19.074108818736708,-12.102085269308228,-14.231442046330626,51.91867274658274,-11.658391442798834,4.8491472206453965,-6.129117419760659,30.210710476535176,68.61833451933495,30.840399621185814,-39.100412302728124,-19.682246527981803,-1.8706028634503609,6.398422228354781,-16.247826827492975,-58.236915259955445,-46.08304289019658,6.533175063825688,-11.79586859839018,4.9927938785102,-27.09430402381359,33.75968522398132,19.690665077221933,-7.876695515593356,-52.85605039352589,-32.085752797263176,-36.76343029440053,-24.6747730999129,-27.623399261358074,4.554143972161176,16.281869343963216,32.9114690627122,20.738656476318617,19.52983839624245,-5.645163372555099,-5.595787333754558,33.103424526732006,-22.32407133676671,-35.52284447885297,15.425766413298842,-8.325690179458084,-5.76811562229379,-51.84351480710479,-15.662958007887411,-9.093740755181797,-12.133840751733642,19.784931184526673,-13.983380577195174,-19.233712150150158,16.992015416868767,12.31305235475327,-11.662506089662235,-0.8894706476164433,-6.131608992642726,28.322646234632472,-41.939507741533134,-6.148663486964446,-9.57032440191007,-2.5543939491737344,-24.102551110814787,-26.73671663188211,40.01505939510221,18.376370841381053,-1.3705645254856618,-10.830018731457706,38.27526966777122,-10.642567952085257,-2.1836602429620844,5.692632993102253,30.18306056753152,28.03785371175286,25.78546450853259,-33.040918142353895,-13.111101099655624,-7.931300816512975,38.58011423376232,1.5808779193579792,9.64301797993698,51.31215561751799,20.548084744397244,-33.602160868723765,-23.13725824635527,-26.15259383365666,15.048461383200562,16.529092397092725,18.007463507200356,-8.534023162407086,-6.433968171900377,22.266560380195042,-55.11027116485913,-13.83351687755551,-5.606946921939316,35.42584133551554,9.43249209393187,43.1471987174266,-16.689045399435088,-3.0423626291454493,-3.336085550280188,15.719344195863098,-27.817511478689884,13.75469345198017,16.048078614466945,5.087206364826625,-6.580344527560573,17.111761308879775,1.2051604120508357,-0.5535563125026216,-6.461036835907595,25.939821723972507,4.080832946467474,-3.3762504301866194,48.499075432946185,24.48413751886883,-3.294466424916611,-22.671926063794135,-5.822183497750112,4.7806387750242045,5.184772224583133,2.3295485826987727,14.832054514670824,-16.955702239019693,-17.42142331460148,-21.210285297581787,-10.670203027409846,11.839537079830933,-13.929719258655657,-10.689916664247344,0.23197526783728228,-27.557024300014273,-19.244961527643685,5.375039510821198,-3.3074564218808673,-12.8842092023348,-11.71234502183063,-17.087508360997155,1.6952387000055869,33.636417908995845,-27.17658687981681,10.718342633193107,-23.366608563626432,33.37297237296364,-29.71857789488427,-1.8756175577782925,8.694511434427048,-7.025135681860053,-7.08086172953063,-10.513963797858437,14.94408094239311,0.7137526222910542,10.065733723015297,-7.564547273066616,-14.156990092432824,10.086645466256943,-32.16187972426957,1.3136670942916286,-25.46969727090272,-5.285362663771367,27.460664407516756,-37.2333591331573,-22.9208032395611,-19.361506112625122,9.79219676159948,-20.54414021858071,-3.5996372546589113,-20.76306897282245,13.718978657642545,-20.715444583850374,-3.488520064641867,-4.385647831080102,17.733750018067997,-25.81789359747538,7.030002901876512,-3.3114217793341223,6.458220422666736
98,-66.0506465629289,65.63839939918293,-18.981815727771735,91.78111298170127,79.39332158527738,-57.14544829108006,114.53807879306513,-86.81008676564416,83.10532792437643,-24.08979325636093,-16.042368046066258,-18.82512051252792,-23.289067750775622,-4.045597756599429,-35.867413365548444,-11.446601569470122,1.6826039604138225,4.2627719400414055,2.3092553184841975,-22.960264403631918,-24.359383052940743,0.2729457345670193,-22.31718393539572,-18.969494499356497,7.608041218316638,-3.886074701236848,8.561253986111128,23.41701231849906,2.1742001317009843,-26.40407427612926,1.2156246693829371,31.336399269513443,18.222117413891272,12.020544041033348,-45.433113356918305,11.266561487262178,-9.319914360473309,18.820467601389666,10.726703783086933,-41.803470580730405,-8.828016826888993,-9.284383771864164,-9.840205649447654,4.221027914741604,-49.42219076553908,-6.720043174889938,27.14311694884484,15.561484185777147,-39.07013209721786,-24.82123982948841,-54.785304852061174,44.41511364886791,-32.01035268228943,1.5393742594135646,10.417808386976679,28.180484850788535,14.185258221589235,-0.5511351452409518,-12.760250678050973,-13.210158179698988,26.42158713306781,10.20198900904413,-9.138986031569305,-4.658403521924591,9.467220280778367,-26.800211010224825,-28.522874873144307,-20.001949107019332,16.79555855450497,-21.339356204972752,0.9219761223235826,-9.989573890123072,-4.684693658358294,-14.767713102756586,-25.85133760536439,53.06860952063372,-15.367143454516235,-36.902686664558864,-15.499597741185074,-31.311783906458906,-12.590504820566625,-7.078868865048916,-2.403102688741683,-14.707811464726026,-55.997501386806476,21.79750008812791,10.0617633185351,-5.219347149807264,-37.975179119373195,27.988502747494284,2.8823314674239207,51.27609117337997,-11.223484683245937,-23.21643461809804,24.91000506575622,1.6441267753273074,-4.2051086808966565,-28.217336596395025,-16.822448001529175,37.6905508771277,9.739992480908827,-8.067568827625706,25.643491941023466,4.728606258742359,-46.66297728192754,32.42973251538305,-61.79310308377346,20.323800334604346,-15.256195291779541,-9.474259061955877,-18.96238864283986,12.77137545560098,10.702744338880594,-0.5479269917154064,-0.7299182173504188,-4.8633986347657805,-10.892954287305717,45.371048391942416,25.970891241926495,-32.00528950128077,15.066135722590703,11.088471939114072,6.7059227678237665,5.431041408732026,-13.755518472017346,18.28510623299292,20.386069747041983,-6.268211793405265,26.290660639266356,3.7541570979060417,-9.326224661518356,55.41310678941707,-58.51781678278351,50.408206395965905,9.731464804220678,24.96192496825659,21.980016362582543,22.587469249263776,8.724414140785498,0.0947467948962114,-8.725336919910047,22.057781933897893,-0.7705540335328259,21.342004650849088,-1.9056072047183306,-23.212870425190108,34.17308097732492,-9.237266063930507,-8.021703037363523,34.04000255938128,16.906623864859522,-15.470386439184532,-14.428367460930438,-4.1985153981062275,-1.6475509060637532,11.689216057320404,24.67195772466331,-33.27867611615651,-37.44351049555307,-30.903259340139176,54.98772741735024,-4.588925783111787,13.66845996962024,17.96749205221381,13.96096162886637,-69.4415988344183,34.97922962281867,2.095386091953139,-20.166300936928028,-9.074178733635833,-10.654837818778173,0.29010000709581757,-1.114850132609854,25.67760469755872,-24.46153262954157,-11.285897364401198,30.197674816949654,-6.542601789037709,-8.959797109234444,-43.01659002440884,31.172038242740136,-8.342130774495876,-13.092818911754238,-43.25083010497554,8.861350648598933,26.042994320803505,-0.6328549857175496,18.686396894576124,-33.172044680129424,4.537106484222139,-64.5932003306935,-4.239326060921185,11.953263376002056,4.740099144674352,-20.63284497652023,-25.63353054495426,8.73266372840452,24.522201357553026
99,1.9911763628012966,-33.15197473494577,-5.302104088047311,87.8780844385629,9.09567919947561,-137.85941577738356,-35.601963683723135,-111.78798205283051,41.62149706248345,44.72498752683958,-80.59845956103204,-136.80699469110638,27.882688921716962,64.59551196868377,-77.48808083359309,16.05546339369639,-19.491277745165654,-95.5500996698496,-19.695204126223352,-14.844594867194274,-180.69601935080024,6.164523985726715,-0.11208952597908839,40.433841679508866,-25.805664174239627,-16.992058597017863,-25.528274474355396,20.768038160262613,61.41762009686631,-24.936348050900957,-17.412677652130498,0.2960370406519011,-39.40151369985839,17.053969930451952,-6.484544578968728,-10.046119202219666,17.5804578046813,43.861861284862364,-37.61250290700234,92.65830346436925,-18.340889540269746,25.561862037850478,0.9484839303717751,53.83486965106757,-44.80389383092112,-74.29200443247055,19.043250947577732,-22.6190951781115,44.58583117403846,11.58694704276037,-4.366877507541636,6.939985414632826,-41.11884139661201,86.1794952098163,-1.7989464017830172,-20.29774592955395,4.565258224196134,-67.95263264113521,42.5377115316006,33.094118569845875,-6.1868445036710344,-37.62241750417328,-16.944650780350827,-104.27958946015639,-18.632263771610216,3.5142939610223864,-41.991281324506396,-20.016784297131416,-86.26045191232926,18.94569677538495,-15.20202962034655,9.284811407951523,13.073946429896473,46.46270478727433,-116.98079273167869,27.409870935539594,66.63378795228951,28.098687213573516,42.239884180591844,-0.2285838293232646,-116.27565892274225,-6.0401290072224185,-27.000563926387496,39.76590625938541,-78.32274408162898,23.868098387532932,72.10985518253092,7.777362724929878,-9.699863539832803,34.62802399574723,0.47491385128885344,133.8808209798816,-66.04531771036187,39.16406309453352,18.463413500946576,39.47520501798691,-96.54691862063989,44.119024469126074,13.787479540409471,-49.44170968870254,28.283837585259363,54.95716693008473,-139.05027649106896,-104.21512869905027,-9.133914029123186,184.58592667580558,-15.201600319831222,-16.82556291531713,-74.2751931725062,59.885700456186754,9.715430770348563,-22.83664270753037,83.48364171119317,11.40772214749552,52.50570146159402,-20.09600968319628,-8.919764295905052,90.1685597068849,70.96626028987785,-65.8861891473901,5.24166700835734,36.08552666837601,72.96776747988487,-28.17354547004323,-36.72222584833396,140.4037225114151,2.6757505914851363,-48.886740351572996,47.562897137621995,-68.33635965491268,-39.000590843834104,170.7754629038647,57.25914073603928,86.43471393811608,-70.62244872515497,-42.24470609399366,-14.120802846202343,-4.302218769663831,-20.91192030081444,60.55670651584534,4.210753528783309,-62.51764357350562,-34.490445925508276,-5.919772133314813,171.17413760380512,-121.68535036001788,61.536375389466535,-0.41347500909697155,-52.88706587950192,44.10717146587439,-110.13469163034068,-6.253468837155454,38.844452967452796,-57.1037901839097,130.52905130857536,-23.372776887422027,-8.318730635056511,3.152614865161288,41.126328804057394,15.835655435271152,-90.7966627183522,138.41071625665862,34.23953904576521,-42.302612114376885,86.70099509848578,122.98918774293483,32.00588722648213,-3.6019587294077238,-74.66907243429189,-29.292789480531763,-13.197273146839652,-9.66709469002335,17.183361436075806,29.913563812500932,43.21881105032992,-21.95512465442522,63.69659283971448,33.881561984831635,-59.12811218193091,17.394716430758727,17.146010825952345,-62.39755567137653,-66.6711359763219,36.9659109668668,15.415935713598243,56.15999129468886,13.180928358406685,0.9248538627509248,12.906842922077203,15.249842249018297,-29.844808131123497,38.92738778480134,26.727343000588657,-34.195712966641565,30.265360496326807,-29.74784880515754,10.804301903238512,-20.23005395376278
100,-51.94754075495053,65.93411940618633,-12.995982034634926,65.67490902197947,33.0958017025615,-6.390753645727908,25.196749544112173,-11.875462137238099,-4.5323311332172125,4.109719525624669,-15.310441978800377,2.625861444961402,43.60539173748188,-15.350876988516365,-18.98320784546257,0.819409679774607,7.5562710476581705,25.80067626568534,11.869346496323763,-14.557943426811159,22.23479811188163,11.296161780968017,21.03198441879298,1.7253731336936746,5.622798253553301,-10.275081778914037,38.532259691828045,13.171530198289261,-26.176793473952404,62.09368200342597,35.30399751142477,16.930396225131304,34.73974161167173,39.53625810946537,-18.445898958055718,35.137604922409245,-57.834770357012154,17.83746782794608,7.689095475483747,-15.124932975767262,14.391719994984935,45.02996433989298,49.63949924227876,-48.82717011766296,43.53427735847199,-23.84163226333332,6.555139164039298,76.58084597587357,-15.364167387375044,34.64443906403832,-33.36718971526883,5.402698026515157,36.870280163052854,0.8524997453705807,84.58544701243477,64.11501068416781,-2.9963296598712605,49.24959063640491,26.092626799155585,-12.87684069070097,-18.098450013373768,29.668794875241325,-21.572431090721945,46.077024929342876,32.52934407039292,-7.1275410856450305,17.517273360303598,37.574993614695686,6.60011682552652,16.644077071367462,-36.31660004743277,27.109054717902083,-7.488582102082448,-5.824132678705115,39.1893099466348,22.733629666322443,24.71432568265297,32.88116561255368,41.024951450043176,-44.17879362692718,5.361856009311738,4.461830121449165,-12.885501247802145,28.446206729252662,44.0793663816019,41.9988948922279,67.42975478811299,-17.425648528274245,-9.095631491006628,-54.42881856177657,-37.03967596730498,-10.541389483197001,17.765949957280135,2.863797282335689,41.099936953141636,-0.2722117187672769,-29.73207641971384,46.00567443273518,4.037161315888705,-13.952897104960758,-57.58618911790873,-30.726897742202144,-20.79625965189908,66.98784659702832,-15.170867905869498,-1.266223393936859,-31.156133929871533,34.49755416312595,86.4254844886302,44.63984935846461,79.88855049058071,14.407018820685948,-0.39012282710843094,2.301171582251298,-37.64846425577509,-32.86687318283678,-4.175162824228449,-28.843425359217353,48.49872568571844,18.82834554808267,-50.10238887652685,-23.37998900361805,-27.727445333857858,-56.02794813198791,-9.373765167687354,-30.839142588447427,-26.288723380415842,23.157288974332157,-22.971342673626552,34.91440767599539,7.381959946488987,13.218362491765316,6.959192489391194,-15.341930953932591,-32.381190623825056,6.002742996965969,38.57093431977047,3.297388497756807,22.260228061014438,2.3619261504620352,62.26930483609968,5.464986500914735,10.88246015944846,23.3418987024525,-29.460411041709982,-47.62539478399882,8.427162377197675,-58.218204738818066,50.86242646011516,50.386590286443436,-24.451295504986728,9.054076008208131,17.22671924814316,-6.534070609544394,-6.252783265173041,67.25229820481908,3.2887345961678958,-15.004278592651787,13.537849194180545,43.71487528956777,-34.741860352361456,31.424073879020057,45.87621132346266,8.636255187983991,-34.47878971764731,43.572164823664316,13.373265367432891,11.399294509160512,-55.6142230909082,-7.384567564896383,62.57332174161228,48.255730462604205,-11.02486517155346,-28.804961861454146,57.28213610873799,-26.367700791974617,60.78885933756015,-28.17289967612276,27.657837432722907,47.85788639851293,-4.108458823545065,-9.272498267992841,-20.796307797579356,-14.99325301309495,15.336317083738837,20.5571481963844,-31.438236613819313,-11.872015108112153,-9.805369586299534,-44.241156123403655,34.10143952218318,-30.828437734181815,66.72712137650318,17.447881856098515,14.914215140786364,23.95866347786593,-25.14833693152086,-45.55484369537066
101,-59.43709383518555,49.27964588574518,-36.5057682338787,26.803854013466754,30.388442100435373,11.83891262594286,111.93768271844978,-67.67731629074598,43.34612973753384,-49.038345034683026,42.32679561499695,35.93085180254483,4.532306180596646,19.87277232005594,-39.67283664566739,-8.734488041573776,7.928907704067383,-12.539217202542577,47.1672391358885,-4.867753657004582,-50.779400625660635,21.07926292764622,15.859917784589733,13.662438998424841,23.4183834085152,34.10861644376526,38.97871894485109,11.539934105973932,-0.4244840128374726,-5.529803886131396,27.912306082850325,-13.430095299706606,-7.2908137749300534,20.231180119847032,-10.920278925840117,7.495220784199133,-27.404233417377196,25.025173582704095,4.39986039678436,21.70198250505626,4.149023506195761,8.984171114847658,21.065718674701916,14.327885793422594,27.523584845264953,-23.922367389414006,-7.47878145949068,26.984494604656398,4.558646027224935,-2.9401325806623166,-10.502787195899748,18.222504970138584,17.703832118151674,18.268925786332012,19.574854219192694,13.143366850628937,17.006496090842163,24.850308084181528,55.22290157562085,9.431428269449615,-18.390376717506005,41.51969703258704,-10.69696809912768,-51.03504374108579,6.49184993448388,34.77367070979966,-21.656915441404102,-34.06738767036917,3.094353115497002,-25.955832508316554,-18.13677682043537,32.042833237080345,-22.395283219646263,-9.583215436749052,-20.299264659717185,17.44634898877103,33.01633666881214,2.4676066226845803,20.65197608621979,25.48987641946481,-35.09243999770088,2.586823547821818,-29.040755761903263,14.03815460769395,9.020970845723618,-23.17893151926058,-2.0937095134287182,-35.97415745710223,8.670864347794229,-24.082411539174753,29.529225782671517,7.950026486675978,46.69865308897385,46.8077419959035,-10.11288725161532,-23.641322526768434,-25.62772869088712,-2.3681302239505664,-4.077515221893447,14.187233035695035,42.922127262726306,-5.924180653119083,-40.26415098200983,-0.20943734892409996,-22.846624287520946,23.212643557679527,2.3501545281956817,6.194299010452241,33.58895057241715,11.410672310061758,6.296330202679144,14.1982888592666,11.706441873852194,11.118362724909128,-10.282567190413067,-24.380829374177587,-29.53783217817569,-24.238153937697934,14.29774246451837,22.462675301438814,-21.794040838359525,-20.4816658233921,21.25670228695096,-10.012994585910747,-18.14898623174377,-7.789893077959474,-30.834993474218066,-17.256894512083093,-12.073685797142256,24.965976201091227,-1.809300674747076,-22.78619506507515,17.838667748032318,-13.777216390066554,-0.7976937269541263,29.204225739655357,38.77852612079396,-49.136376383035646,32.414856017898956,-8.340098753726014,-2.201777949915677,48.79132295196351,-10.564033903109234,75.03813411864233,-0.6062436988008237,9.754779630148334,35.75419914686666,-12.325361534591053,32.25436894721828,22.769927571390593,31.39803887117671,-0.2925992198977369,1.1040443354908909,23.756276965983236,7.864592058590444,-9.63251028094991,-44.069902844910146,12.760719643190193,10.758717636151236,-19.159737089780446,-28.78172076074565,-35.434076676006384,31.24256668083286,45.815129245175406,-13.062242841591067,-17.717622791914334,-26.668738769388828,19.512458903127122,52.2519980901316,25.518115804507982,62.11464602498147,-44.880599773009,-1.82880119668954,-41.82040842249569,0.5469831851085394,-28.04978913365358,17.656870821655374,19.28710507030702,-0.5110981033719221,26.270955692986377,-5.838509785443111,-37.77099198018183,3.1758135527481333,-17.081521808018543,-1.5876710452897262,7.294203912691123,-32.89374135004774,20.02712621586982,29.346519694654557,-10.991782093157049,21.445481171488723,-42.097775861880606,25.392382957306523,-40.254468343030375,-49.10588166761262,47.67621657530374,15.077807336879864,-33.817556045981846
102,-63.10197298536342,78.69543278853558,-8.812139243395318,101.21420740955547,67.73535720741675,-48.256216526150176,67.75234890675092,-45.56942943057799,47.714406811276824,-40.629482063615264,3.8748960955933867,54.42300645660581,-41.317089170123715,-51.55317105197646,-48.2754937750221,-38.42978259678677,16.854650917964186,-29.062121072286963,-23.971743777649603,-67.18991026129947,-60.054048346428964,-19.816741041037872,29.381001273349533,12.573967445666627,-1.943520375762634,0.7805831789384852,37.96326703164216,-15.571384104308109,-34.53392726562294,-6.085393129206115,15.53018518732825,0.09171073718653297,-11.990710954205701,11.029515488360495,28.874192783699954,5.449121442297058,-71.76227568570825,17.541513365400284,29.191023184523456,12.29974776381281,34.13985223422385,-18.048933472021567,-6.437300448484963,16.42241787739403,28.20691848740097,-41.21267669630065,-13.691580180719601,26.628480859542528,-10.405971573484905,9.864456585917585,14.212035578870182,-15.530761810608869,53.12461972126851,-7.098106553799443,-53.73281244913084,11.668626683981035,-5.525757272578105,6.031879413014618,-1.5566802633962205,16.261332821101742,-5.240777639133723,-8.374687697664365,47.099387615321135,15.130958915397448,-1.8608943340987198,16.731039377761146,-4.962984005680798,-69.54843394044855,-63.840541540967564,-28.12823217464111,4.036942783793535,30.317410983121473,-19.78765139119093,-11.851047760418725,-10.801866800101367,-25.16093027011557,29.514559726427272,19.3781431471861,38.950013484368505,-17.675601168220417,8.90947224968501,-29.962222192389053,-13.626905121709276,19.877367683045325,-8.99452444227687,-17.581847156423997,-3.3071221609947115,-2.7548107378610664,25.16605185221785,18.300640364318518,7.35587228678779,-4.815490340222529,15.728806144304789,8.386267565119676,-41.70744329013013,-12.674814371660247,-20.754761066907285,-18.609900396211835,-0.0534797934856055,12.642166008978208,2.818715104279542,19.0475372992407,-1.0217273932953435,-5.7365526475383,-27.132421868738113,-2.9617542838065836,-1.443823860268162,8.32866651181442,13.794607074478124,25.484754941106537,-13.08631757185857,42.91249714047785,-23.825545422441685,25.391872317572282,25.488599100698917,-6.2929592667683165,20.7322251683489,-0.7876635564385872,25.25258646241169,1.8379890115468838,-24.976670757999905,-13.414336198959095,19.469022223360376,-5.874968583394709,3.407480451675707,-23.420539606246493,-42.11937853128953,-39.38372825814587,44.06444273408206,-10.243899563446488,-25.549584824644406,-17.809558438175063,-3.1077706538314285,9.510551802571028,21.707008586079045,42.39041575418498,17.344026739590408,7.444474295348077,15.075768049250945,-11.641411764174844,72.2925978018156,42.047788500908915,-15.02639364447317,-19.218919968916328,-2.2596519024500914,14.256585596022136,-50.88535117141724,17.511578743879166,-46.07822360474572,-10.82671965568547,22.489526320882607,-17.80021184783231,-11.132749583971327,6.202006538817067,-2.4999751303933953,-8.542403154165886,-43.161722927821835,4.411100325904695,20.877924282013254,11.117009524167697,2.282777919647828,-20.527380244254353,-11.074134958076911,-25.307829235552745,19.78685910221698,-24.93282616989381,-19.64620580754275,8.481264919738885,-21.19269552570217,-14.614141057240452,-91.06878950021878,1.470842344263246,42.104689288267615,-6.032530914395531,-12.539143274546008,45.00292781560542,-28.91466974579864,-11.517318859432246,-20.68310645482349,2.799570197167199,11.538048197649589,33.34033182659701,-43.18618246883665,-17.228621375519793,-11.07274098443596,41.31967631356002,21.363375593251043,-6.472317754719963,26.40371583962836,35.00341437107076,58.03824843415841,102.6153684708273,18.3372846313563,-25.26367275351061,-16.444113020231175,68.48928858517873,77.72296151996687,51.833724153865504
103,54.81482957721833,-18.22866634169231,21.45068463612065,229.67010000831743,-45.36748653672947,-190.10151329651538,-140.49773201011928,-94.82130394288944,20.938077529968282,-46.73073587416822,105.07649913865576,-66.34048414524797,20.146661833172214,-36.25683841743458,-77.05800839112588,45.77078386516784,-67.01605722132811,-155.2881050364657,-104.78504543648314,-68.7186461993357,-352.75276861980933,-34.69408741992368,-171.84839044623095,178.0417513508204,-134.7664636508958,18.495516497811025,-141.7368061258937,-4.210403634126049,-185.24597047683818,7.493881482058164,-174.2494489479151,-371.27221060594263,-178.04625776127006,-125.28818628864443,-202.6970437604764,-132.5358975345673,44.351971699351665,-87.47545637434517,-72.90973755661759,-206.11128548758185,-181.39048520880294,-25.218843631053222,-9.771836953212512,-154.35718593972868,345.7132722042666,417.60772277156343,-8.686798655134286,386.19697590620075,153.0915693666544,-170.8345553270198,-78.25494256565601,19.650892348814597,18.616557307780045,-149.55054366059818,28.535042478280207,-18.173427513762388,-158.55789675466383,-3.012514857404046,-165.42217413748602,31.67688227676779,-16.92144309157627,65.73442979626292,57.2546763991399,-124.6880948087664,83.92759099209272,27.560046388330644,-65.83920774555708,46.78055052495834,-13.063664851428614,21.19587869664805,17.27622352621095,21.052226891101686,54.267900974056296,47.49313757817862,-22.384078391324643,-22.944198836033642,30.028971896769313,17.159361018973335,-7.535431919812167,-6.858692534591737,9.121491087878095,-14.250346257377407,33.11626015599009,20.590375878259145,-20.647490418259675,16.539829111731766,-13.914257222663522,13.028665477662216,-13.928840555947339,15.199871837300815,-25.099849144846196,-19.587745236510717,4.816003839982361,-24.72164917672729,16.44678979078862,8.979680061135781,6.575453080322667,21.69899727429446,0.25289454500400077,-5.325131197315874,28.71587152684866,6.0566620399274225,11.762613833456065,4.776673537520717,-16.769486596157535,-14.868849702258675,7.209339004365151,-26.183572985081916,-3.9027542772288344,-4.610124944974586,9.281934156576247,2.619482132538155,-6.784223452614212,4.4692614083436295,-18.25161080570001,6.573740635730253,-7.86176765221857,-3.292850992668533,-2.9045778808287412,-2.421078419452588,-9.950079050677864,4.160672383704697,1.6729033166210054,6.827831177672289,-5.197674109559478,-12.32950289758668,0.25062207617352605,-6.9728383962911025,-1.9739760066996643,-19.98102804645514,-11.101655547473882,3.742721737417035,9.70465786374735,3.2730036623573495,-3.58900024571173,5.419976041772209,-2.764694420343443,1.9198415016775228,6.272843743091345,-6.15168625117829,-4.7560224024938735,-4.76099996076154,-10.623163848470934,8.54253258135038,-0.9881853827076668,1.8582239537102547,0.08827111723954428,1.5648778346817456,3.9104308693342236,-1.3230941069580413,-3.2429005755782656,1.2122714781949364,4.553254082605152,10.958615759665042,-1.7579366886276868,1.0239329516459161,0.344231261688289,5.123296612507993,-4.033881528622662,5.669249398281655,-8.043523062251587,-1.1549697981080749,-0.6856070248014678,-4.387237637965808,5.750712779988407,-7.176702522785369,4.3167930930039,-6.955352376997322,-4.901528785086253,3.523423279131528,-1.3119084434406694,-1.280448849977629,0.9816751728099423,7.285411034520276,-3.4944573077455496,4.511603950425771,3.978973255471697,4.80864567203228,-4.328947692515934,-2.0169662924505722,-4.56535216084246,-2.6150015291226616,-4.939897159911356,7.988274527333212,8.789205161088143,6.488500764584653,-1.7865980671700328,-3.434093977447842,-4.897947807891288,5.501594450581893,1.4968419133471635,-0.0024298414832398807,-3.4794968761677367,-3.0037452374355844,3.620817446023599,-0.5435757851701029,-2.257227041154721,-4.426308721789548
104,-18.825459454830366,1.7028044214160016,-1.6719712266516726,61.212263009515844,33.86042075958831,-101.02839796268216,-29.72349682363435,-33.73866813623196,66.10555587488166,-0.25596528183212547,-59.33800338490449,-30.33536453040414,-66.34625286881564,67.1245904675772,-89.47345660530127,3.9100924185212413,-27.620063806441543,-65.1670572783952,-87.68692912057728,-15.889366808623228,-141.84830747169357,11.06290172448169,38.49279955185827,11.773529390264429,5.003422094414601,35.54807831720515,4.273904254148405,51.16930684583987,66.88004648984892,-29.360730078480888,-14.850829853311051,-16.83461806905713,5.252939248921691,-27.757298362566807,14.292405734014595,-29.74286800239729,-3.4979930767961442,6.0995577092090985,-55.52247950979296,66.70851217213747,15.893757304300408,-32.99705716946047,9.106852346257241,68.29016746411176,-20.634443480404173,-32.26451616313292,14.551304887622674,3.5214940629518234,21.93373798245397,42.89413783452422,-2.5810327668743884,7.692782640604644,-19.19689797491695,38.16769038693343,-46.936927461826386,-61.0463946375749,-37.261901914984776,-23.533295171701283,70.80215183232048,-12.463686449342369,-51.475379544197956,-42.64015662176613,19.6821762952152,-19.735032594941597,-32.58413850478229,16.664743757568917,61.16785716672414,4.698031096852374,-94.50340341379108,35.07574098139965,-11.16969501905168,17.879235127849874,110.21142908151657,-0.8849400932724221,-96.04519430552158,78.6106508901193,3.661476651879154,-4.237503328192334,-5.88640291517708,11.073306821251622,-76.8111196052724,46.49309251356828,-24.959563780589452,51.024350732127694,-30.544679622375668,-5.273500127301104,32.37483668406562,27.75273457286704,15.11198953879011,-29.234775849805928,12.08517222142459,6.06421455402961,-67.24314317184508,41.62868669298573,31.46232487239347,75.04661061142225,17.302781709814486,107.21190384332458,-23.921070115892306,31.590816056395564,24.410344521027167,-29.116755181417055,-28.33321982329018,-8.615951771367337,-42.26235255909705,110.53017265998758,30.33795723460011,-65.68566745391477,-31.145236403183564,21.627088191804543,5.2843586416151815,-83.3322255638047,-57.55243770493729,59.73851420137516,86.82042463068768,-63.60328783104267,33.95479358358561,53.78615843985671,-42.37359138367388,-77.049889236184,-27.261292351859243,173.34038165633314,-9.393913476045192,-32.33543589254657,-60.66471475292784,-6.478347656335586,70.29633536326689,53.11614434235656,-61.73184446444651,19.45985992889336,9.241996334418578,-87.42673961481348,39.382523636734476,-38.67377076133784,-15.188294555709046,-120.9256522056549,65.06671169673295,8.964942171173753,-31.79633198274428,-40.38292925510229,40.65291697577966,105.31489784782433,-93.75100774279315,87.03297627916965,41.19083321458182,-4.0421642050454025,85.91683654062291,40.95047592184186,149.5768314922469,-43.493931326454586,-36.764795955201414,81.47707246704528,-63.770245606252985,111.35989255665298,-87.90671577999521,-11.143014460068814,3.006782371647377,15.195410885765877,-105.13300372843689,63.14511502308602,150.72841838679167,-73.16280434145631,-40.39105781008522,40.64430984242816,-68.41578777129448,-44.19711837631252,19.23094225484242,40.48956721701846,43.34835792861138,-39.63383379911914,33.45539155526009,18.28597610318693,-55.28848021461028,-26.955792813505862,61.92228134661854,-77.86320144189025,-75.72473955706164,-46.36636132962495,52.400109306791286,-41.865264291270314,-56.76317996824737,47.72600405410359,41.07611346762379,-4.95009567234373,38.4359944091274,15.821127338581347,-31.159909585997877,16.671592052759184,28.10401765445693,-24.275692548152207,37.88165360967515,34.51827778841677,17.444679471620958,5.508445341353197,48.37290331231708,28.935219385099394,-47.25698387104296,0.3698454906375423
105,-49.9132306180086,45.92138790070714,-3.1593716429790435,66.89898822555365,89.59663066212674,-67.47417720375253,133.4183282652949,-89.92029852488758,128.40390269888653,-34.46967157549428,-30.47061881167754,-44.860738565726685,-101.97979170892216,34.30010959617145,39.75194634104744,-52.337421326632764,-15.61048569111871,-37.88714963595245,-13.085504700723066,-6.3052673276795925,93.27656547325762,-64.50322736145488,16.243978248197447,15.567173054977525,-56.993299557035265,-66.76029948681888,56.80059921466736,-0.9941058979543718,-59.556946369731165,19.523644346763984,36.950970190956596,-27.673196873637064,-37.08946639645339,27.998702484677302,48.06653625707322,56.85896074424277,-43.37989560905828,-38.117474596637045,5.568018364677065,47.022919304861375,12.542746330122526,-24.785220595326383,37.21168110165486,-87.31012671805286,-1.5099707914079703,-31.82172301538402,30.69026401446901,12.117325288712413,21.60171997889438,-2.565980828806737,26.418113589034203,-19.141349812994456,-29.893378328285355,5.4837609404914875,70.03928048279822,-12.608743222003453,-47.17226985857676,-5.290417547507399,-14.554145802124996,-1.0581621338823415,20.597797431259476,-76.18447452744117,57.24351636468103,41.445710342290816,11.084146702659893,58.392646145984,49.43389018539029,21.522445939696794,17.359582239673486,62.52412983533258,5.98698564828301,32.706399215154775,20.817149609371512,4.087407547701955,-26.51842139820316,-87.97444161434686,-30.00231018282883,28.36415598161014,32.87257168765595,-55.283586846407765,-16.749117592623353,-10.188137419338,97.91472064819986,-27.533061692531863,-22.063300696192922,-49.509770684808046,65.134758265812,75.50076253342436,104.02578429571925,-15.88442191408188,-11.180104174443343,17.925749800949873,-41.114932964202914,51.87132026161082,-29.995506528172065,66.07284585062428,-28.902420157401927,28.610586301722357,3.651382657077653,-159.01970547218124,-27.71832912022641,-28.539808879360407,-21.59446964231666,-12.565091295847648,-66.05415390474587,-47.734164762696196,63.9167354073073,-78.30523391976746,1.4052335782738865,-17.132594659646575,-15.698031159238477,-9.001929099864453,0.16026554322863495,-71.50972818356284,-18.613422302625636,-8.217023703263084,-0.009908638047388757,-81.54426945250142,6.113693573489649,-23.572886161521016,27.084018873467706,-22.194205425363315,-7.517743223384115,7.414612253124377,30.314459615440647,-11.945704783090026,46.39781122438612,8.864256362668154,-2.705737319702032,1.9507496226746641,24.218804578952657,-9.97847337055301,13.029092595938355,-32.42398426678828,15.023189276931216,21.00504241722978,43.61253609645547,-71.80019557174656,-37.513294971979875,-11.351677971354796,-15.11073532462327,5.115020342933118,-39.25168120922622,44.93041329613402,-66.74472768801041,17.58990854644382,-103.57268664396916,38.456005564939254,-4.89265416325072,-11.650918319069959,-71.05363121476034,-37.780572599734676,34.691268970196575,-86.03949983315074,-12.609710739268705,25.97697667465999,-8.367922648252428,3.4918222474100182,110.36637805788274,22.669018006551962,20.142443368975677,-1.8693925209682365,99.60610012952372,-76.01988466193289,-43.142966651636826,40.848256559440784,56.93493341343353,52.455973376653226,12.74307996892476,-4.724503446509496,48.54602615044213,-57.63340452717828,-70.85812135309247,97.13330165404774,21.841033446290314,-7.069890839766481,-0.06125400117305513,16.199098431604288,16.000485862360534,4.570030883664218,-62.33549688367822,86.60880032349546,-68.30830333475663,75.78747592812002,-1.796977458771834,-43.666016078929815,1.6855781693424015,-34.04563270536123,10.434686726250114,16.323087559891547,-5.7587408663787265,-49.32017800970608,71.82533442646844,-32.91364432273662,-21.057833821342964,-29.46846905645674,5.213948347502461,77.78862061347134
106,-1.9972304630836533,-36.86863246428491,-60.3364785641688,-81.72547501986745,-52.47255786987296,66.12294457642666,7.17751495061505,-15.872582887375087,-17.488619825833716,-3.586351242545853,21.83634621354062,-13.72128940613684,-11.896694354246538,8.409714536764644,-45.2760204766849,-16.382026683733727,-17.447195669881054,-56.64657338269753,-32.95207003449127,-79.99258009083191,48.802911672959674,-53.21244989772141,48.11782820400018,-34.69576851238973,-2.7167133395208807,9.755429532286483,-40.17634023455223,58.79951535597487,-71.21714242829312,-33.24884325195698,-13.52828718580021,32.00500531225841,11.803373786187741,34.73745019843152,-4.455821730602542,-69.94368261668208,-12.206871473817491,29.31719574506371,-15.003673274686301,-30.000742017649873,0.07353683082010548,44.03522468554689,-17.31508019368184,53.30365234634772,62.84598364255431,-17.372035361105613,9.321405920225423,2.1696557602010156,-44.70934477956017,5.031667059555509,-60.0787366605099,15.751299379466955,6.614045379610269,18.59491981513229,-4.593060166041925,25.8801188941409,41.79347300715089,55.645181376596504,81.0963609921272,44.15322434709065,-15.133575776304465,83.7457373079186,30.31887915088144,-34.64495185745308,44.69676384749467,43.97312337531762,38.087080893407695,46.97306608500711,30.66697788471351,5.636608244371271,-28.418220047684596,30.45181780770611,-1.910723897354433,-20.569139157238777,79.0368861084924,-8.98503430579639,29.143858561059677,-8.663386835181603,39.291724240380624,-16.674630157982964,2.1158548376771207,-29.458412787020087,-38.40266204706458,-13.268724535035796,14.639451055000707,-4.404429672151801,60.20884079747584,16.18735113022195,49.56212148283148,-7.670493369001003,-23.324286183170884,-33.96743812203211,22.23746149419193,26.206132727498897,8.725754346587282,10.290198740858909,-20.587916687409294,34.894060931119704,11.23203519250386,40.334698807416316,0.8196747867211561,-21.95057180372298,17.18682493915487,-50.024873960256926,2.136203481048777,33.32069068707377,14.067001129192839,24.318261465994357,23.634673707039866,-35.865620343693266,43.783649155476084,17.23351316050148,-8.74695727019683,8.517931478498898,10.277818630801304,-9.067085283537935,35.740266712447735,-23.495603765099062,-60.275726876102745,-24.36528238099897,-29.913012789864332,-31.02296696237153,-1.087068995401871,-1.8704437506482767,-7.360732071049363,-35.8096199704895,-13.570996671897428,-10.978361725871613,30.297192529811294,-8.564245008193893,4.723464876549055,-9.440597118330459,-0.33304337684437835,-29.26438779269197,13.835243913163916,4.039434467152697,-44.830852757166646,13.094783750559271,-33.70051383687551,15.807406297820568,-21.4643428190317,16.291847510259963,-25.5665943978904,-3.467776014675222,1.9012649199990388,-46.71771812820142,-14.14298083854881,52.58242330637818,-5.084336914159321,-61.1891404469789,-36.3915704572487,68.5335689710895,-33.427477130980066,-19.873176742337375,69.298181173353,47.786484860884215,3.448891949181306,3.342968079158677,-10.981849163478735,27.197940316238146,-14.451957517098377,84.37021565895105,-9.037092449515285,60.50773543617784,-6.316725854551152,20.27105996268071,26.699022350199705,-21.36260044388741,2.304876271839909,9.5277756739142,-72.26939263566791,-5.01107111304628,26.353930761048385,65.29415893559418,-18.45370960541643,-15.535325509897458,-62.331723394120566,-60.57873816585415,-16.398731599764005,21.343410268026666,12.539919816248625,-98.65535230621997,-37.92171816379396,-45.1544970060146,86.15009378361,-68.66718550919771,25.750453663137773,73.51607621331169,-55.70701577695488,9.398591519689363,-20.567619238957413,-88.80920560452003,-40.22245918037688,-2.8220290827491157,-82.37588314188984,-30.76936406056715,50.60030963272284,-21.160811206522776
107,-22.00863838404953,54.57567694010769,18.30031657267679,112.52899612476773,21.636701866304314,-56.01955840267783,-57.526802830410105,15.378408454897897,-37.725659119668265,30.048681853213925,-66.5731107867974,-58.27351130542619,12.651169066716967,-19.353595591417008,-17.9479626476961,-13.539335383739813,33.096779368222144,1.572162287285693,-56.052018923340185,-47.11153982033459,34.686780148338876,-24.148057928355417,69.744539678539,-9.062523347749998,-17.31742741154234,-5.686999465178312,65.4792144769137,55.75909574798845,-33.07472464903487,-39.27235216102152,18.86114868049114,50.104747901682536,58.800948533844725,50.88839725903941,16.832567879152183,4.6866695937995395,-34.46296349507999,6.865143612311691,50.115862187945886,-63.681454026159855,30.5516115009545,31.892152910870255,-39.25812866691203,-52.5576476914852,-15.882259715513946,1.2829370780608795,-29.32319647000089,34.3754482630957,-8.2543671767398,15.26156965276422,-26.182431825916854,-28.551876138086143,-4.428733619314247,-50.239572248286706,-34.43624703022161,-43.825185204373106,-17.283600747214155,20.12871317646024,-0.3919295630237052,39.22086112487252,-6.007525951717771,14.76561849822577,48.59238046769084,15.843297853316058,-64.66230529090815,-33.551015041066734,-55.36951960218951,-11.694412288466141,-3.151240083583569,73.26520426810508,-34.52897964856764,-48.019249435389376,35.34877154995176,-8.381962006988404,25.174126397934828,-8.119767137715499,-10.037689401419389,1.5437947374094172,-57.16346349663281,-51.49757136974801,19.437762087324735,13.586686000179348,16.833121513674566,78.76122779090544,-32.70798783027955,-47.1225646101292,60.57777303319855,-19.108159903351066,8.823184886541798,23.186551996167847,5.492747617331725,-45.51773044349489,-10.554751776574431,25.752570514249182,72.63738611053384,56.4800403412982,33.20679000676379,10.165657942195205,-10.587557792791682,-12.673592705543708,-55.98324499367147,34.99530403495514,-7.794782867604727,99.37381286714245,43.574583126650005,-84.00685517089961,44.78075841607109,-19.37708798334197,0.05430898557765573,-8.48839800430187,-101.60135900161306,29.322814200121485,46.54586370896607,16.938808844469985,-63.41500768553301,3.9533183556336784,42.412042842035746,10.45352365057633,-43.43596431663069,46.932439835981164,57.439472058206675,53.03041554048491,-37.43709628898631,40.01711562921564,-76.78252403797877,44.482302486950964,-39.8535181032439,-45.50100680442771,-34.464058515315195,-33.47503335913489,65.83405077929305,-9.711220133396498,-2.9428027906159366,9.260023775262063,-68.65365950154134,-27.281485233881977,-53.41866143526616,-56.27937043172632,-25.008364336559666,3.732849780797082,36.734137542241285,20.07276784224998,-33.366844269235926,-86.5364695762518,92.9768352958871,50.87112260329884,63.22257154555935,36.34904649110062,47.17433181060817,22.606041572640287,-11.582493160918888,60.035798457736476,136.01491344323716,-11.742907097759968,-44.46520087157325,-55.5234974750277,-92.56238874420853,-6.793463242462943,-16.51318960311983,33.157711079198094,-53.1202622008258,45.47881210568428,9.057035653658039,-12.504414544269512,38.082434128304534,-39.03343160579411,178.99151885797738,-26.09844108926687,178.2616163889772,42.58218512536108,122.7060741233337,24.8303844684976,57.37472354823974,-37.55490162822767,-94.95284268289052,-82.72950831986284,-12.087837728726809,-24.38304534455127,-42.83089737895671,-58.95450676874412,-53.80070348872972,-65.22164393267838,-55.72546189603656,-48.09409669597302,-73.1430971076693,11.20892922009855,110.54424848327051,-69.16948130686892,33.635705468229524,51.123367879528935,45.490944302682244,-25.212989650655246,-20.425328896329425,2.640378117351592,-10.70357009454464,-53.827525384305694,-50.05790068483101,-8.987325067158249
108,12.979359349425026,-66.31752413629343,-41.2847863330697,-91.11234739703603,-81.5135846345352,50.68976672559778,-57.85354606533296,-5.179162945508869,-53.935129284878606,17.143621078914908,-18.179592663918,-97.42948572975033,70.90738025892094,78.05052133137646,30.486292111977825,8.619886685865916,-4.923824364019606,-32.58963054607332,-31.15582667061863,-16.77062935359969,18.878135890143948,-21.51781878701046,22.385103299067342,12.845054374045082,-11.367795603840086,-7.447865693053113,65.19545761520146,49.08901991707113,31.56886186455649,10.007433114722094,52.85372869458985,-24.465025506853877,-32.300404074286355,51.79929704678459,10.689184588615884,62.231307585155626,-21.952542323043794,-49.22125777464747,-10.236808494719932,-8.272260949199195,-5.610209683513889,3.4027284917041456,10.207963709436566,-77.06450418197352,-53.730978864220944,-14.90519418294948,-8.826425091809734,32.48725059945602,23.860729450425588,-81.58888661608218,-20.72990777714625,48.31830104367476,10.38510661507773,22.3121463547468,74.43689691294838,113.30332213835248,-1.2380519833732644,-11.069975077867698,-56.58473201860935,-63.36994010513243,30.51224640844485,81.63577958585374,-55.42724442713751,-38.60887002998265,67.46359751723273,-102.52248212733025,48.15598559319938,-52.78328694175911,64.87272011616277,0.9373660461069897,-63.933137340515586,6.52526684321415,-51.46527300271854,-124.08150662502686,-8.447581870346452,20.155023813955925,-35.340932491765756,63.46603529188149,-112.9943510474276,38.329671375018286,59.79886345904729,144.5117271059879,88.99984790468505,-37.78281278791801,5.54074945875494,9.28373253831125,31.363773173567335,73.53350523453551,-12.36792386882073,-17.012204854372943,-93.68898704341024,230.78940749264802,27.396277352305805,12.623455228805359,-113.31557063618448,-5.647488192223281,37.39321582490481,-126.35679173604865,0.8167133993294127,192.24037399314358,61.64827009701309,250.05558228769252,-112.43065927990085,110.84103646407749,-105.43331304229723,-29.122043314087392,6.7287268289234206,-56.23421124241392,18.792364840473724,-80.55542529071488,60.01650454740004,-160.37497534662782,-13.365327490381574,-63.597236861424115,83.60900076145309,-169.34066452103832,43.2764546332688,-96.03425412442925,-84.39754968930191,31.114234161549792,-53.58491208298405,45.148324109751776,-14.195297775071788,15.365120732188565,-4.677211641321391,9.97564162810296,-66.99769104769084,-118.01811994612999,-137.7607095956591,-0.9227156871986285,-12.595190973471063,-59.44600277457977,36.55538938899923,-18.841977301143036,130.62538422625428,-50.638409915517435,-47.58917957197895,-56.143665976463005,2.344654652329068,20.96010925116552,44.99730689541725,-53.74424489901625,-4.918293162606901,-61.13192023129808,-6.961912367784641,-65.23793280748801,-0.34823327826418365,32.45213575579497,-35.159886643228695,-18.607934512447528,-17.225625522708462,-28.964414203904806,-14.806382444571309,44.42644619529524,47.93471665681532,3.5321906866853485,-70.54461408381208,8.68547949302737,77.20511036247736,11.460412602595907,27.78068582489448,-5.035220805131931,2.1223601313823224,3.275793294506614,9.580922038363813,-30.914832197266726,-6.659122107205989,-35.10366229447333,-62.93515051189183,-4.520004958820449,14.62611894887291,18.87046440343699,-2.151868693682823,-29.121410979978457,-0.9063514818152789,-30.664900785976602,-41.81947207516028,-42.086203298495455,-7.6885054330591,51.8937865678518,-9.77175357085177,-30.254533617507818,-25.792553675467833,-6.260907672280687,-2.033550356714505,52.766179364871256,-23.819995890193162,-13.755498868139021,-10.525277793966595,-10.111027647052877,9.271419713956602,3.7665991768301934,-7.611124491778542,17.24189132422589,-26.022433341772363,-13.704095715575436,15.279461573952632,-28.14774050415529
109,2723.465806552199,1679.2547858191315,-645.174704987843,-356.9601769809904,-91.68789876803667,-267.6289606388194,62.616726212560145,43.03399000085135,-5.096315618130623,10.244794278027786,-42.099198348295204,-0.8160710971901093,2.319447857950114,25.49255523627528,6.1595370026009055,-0.3991057027171623,9.846503122117038,-17.063760870202707,-4.773863701437295,6.411084635957577,2.3456630708652395,1.9091060334556271,-0.8299809133313283,-0.31991440171720376,12.771126676016817,9.388757181260353,3.621601779596461,-6.505974379043645,5.08977045393476,0.211921137741939,-6.967232073936156,3.8277774202574597,-8.310479813236828,-0.3381314117158578,6.985907405489201,-0.6558810048643813,0.7937455362883807,0.024251289635328632,2.2909574873502523,2.343105840781485,-5.530508226763721,-2.46862647559733,-3.9746781074932995,0.19833158520246336,-0.515017522987155,1.6373485348583996,3.7144905459307367,-4.7714179990681025,-0.37342486279114295,-0.8019685613902646,-0.988736782709613,0.9361271087672924,-1.5600850194281248,0.29673768566901493,2.9610407068424607,1.2451980407857277,-0.5541722695809242,-0.6992274110433596,-0.7034914621024191,-5.551165065911045,-1.1714602555466835,0.26243902614719833,2.4417874786133655,-2.381928252304813,-0.10140982940160237,-0.8224235775493395,-1.147314852848319,-1.1555803474887507,-1.608441748274005,1.1557542876937537,-0.3147901987844486,3.978382185279551,0.606428958826049,1.8196372672237455,0.04981016451186612,0.14024318034657499,-2.9503148707192057,-0.5134967740231042,0.4415979521287746,1.7193408213312658,-1.3137722328887933,0.7482115378864824,0.21554791429593578,-0.8495727155690995,-1.6179622482118772,0.28645396868394024,-0.4228798240127658,-0.8671386607788285,0.7702913956868496,-1.1110973054554598,1.2235230557728662,1.3938813574023803,-0.9160928080307149,-2.061271608497525,1.7309353674349606,-1.5266794484045756,0.5777344672159206,-1.9652428580596941,0.43102835862071176,-0.323277327424905,2.685541018047939,-1.0127068384194073,-1.6001854611096893,-0.42925213492727765,-0.666631279189667,-0.284583378034619,-1.1037481916189882,1.089037251692581,-1.2816628039382025,-0.008203965031037763,-0.1562850451752409,0.6519607371856965,-0.2468468314161294,-0.39491724734477496,-0.6290701584928173,1.0085376372682262,0.39387826931939807,0.28420385769700673,1.379363283946275,-0.43994131470466336,0.23514288902130775,-1.209495634248383,-0.290236288959544,-0.7366949695494491,0.05747211015930889,0.4075540065597627,0.4339127217472174,0.34555237173506426,-0.16170727181804634,0.6299582798078905,-0.5718449016239733,-0.27598737677168184,0.41049542607259704,-0.3908491065546156,0.27303336440792747,0.45279043203885244,0.5246807216980448,0.6546369054179579,0.5638228823105995,-0.04906712444610417,-1.0074924082363874,-0.8696774088055894,0.539272786603495,-0.27430827194618357,-0.10208738014339708,-1.3308908823720504,-1.49639488690865,0.301813351083174,-0.4582453226142924,0.4292185513274518,-0.30731605602842454,-0.36974080377294455,-0.5082784829146215,-0.09906009025437168,-0.23498667200621037,0.5673352307042421,-0.7215598083692258,-0.4253741528657642,-0.2980006651845586,-0.677546312791843,-0.09866943421524994,-0.42622221681812933,0.9414361782274684,-0.04143042721039625,-0.12878812604219458,0.8277718561426639,-0.5371788322705187,0.05058746366618849,0.11786019999007413,-0.10242022744491464,-0.25347697384951595,0.25374212577223987,0.682460225574425,0.08921617143704752,-0.10800091399406048,0.10828040497044242,-0.3638497705565537,-0.6135125791086081,0.8144750266115298,0.2853092098943462,-0.09104977642324952,0.8217664416385473,0.036061004910332595,0.080679540838412,0.034900088271667795,-0.13461609845794556,-0.054683980802888055,0.09863070424862252,0.07077734485410753,0.5895707208379217,-0.8230624027974535,0.2571827188035827,-0.1588130322855561,0.35617537909938,-0.07122686590126624,0.2738106848753097,-0.031057516910529215,-0.025739587975798006
110,-43.915318104942784,57.94573386459082,17.352927846673744,69.57104450837446,44.6049410640338,-43.849837623076795,-22.319107956481833,30.931905245680195,32.061538894751806,-25.71328765472316,9.045112377454286,67.82646992302624,-102.3106317875459,0.251239786236513,-27.743076835067836,-55.263759132506266,-8.741466844022668,-60.95957421410672,-59.33643526278641,-7.984453154210808,-8.92535648897223,-2.1377694400690936,61.66039317064303,0.07219633654008528,-8.533811919922034,-2.9676624829264977,-36.31631506800807,50.982712013554696,30.675792786951444,-1.4712923601169048,-26.663586829568175,-27.281978876948397,1.6857695262073498,9.342235336534708,27.93032552696258,-30.03671335823916,-28.95496473606964,-15.78188332756979,-11.508572567837861,3.4816186390348918,14.639712660093775,-33.48017475585377,21.08598864952502,13.538771313076898,-17.421219750220867,-12.45426892595668,-36.3799920123857,-18.345154349704718,23.691830322625076,-10.900618521742388,-27.12287806583593,2.2550439362421066,0.47156738805995335,18.86292231400709,-77.67093083387181,-27.38406661920414,29.50699870642523,26.839647483737018,26.16833332853928,-7.095126512009256,-11.66941504627135,32.814143657279324,-4.908785970605197,-19.39731728074012,-25.44677002723045,0.5505559567618479,23.675767177659353,11.690466182226967,-13.915409326418755,14.793185817242096,-12.062483148035602,-5.660222247790521,39.024262493264175,-5.559402015379454,-19.95744020264467,12.708054759870373,5.367948293742575,-24.262347560036183,57.30536482623643,-25.91242795135515,-5.525287745232129,10.796251790709553,45.72306033483395,-30.368615612192567,6.394156984404235,29.773449482135774,62.8927631314013,28.93777302030506,-12.815628930733771,-62.13743538189357,21.403181259765812,16.517736294433107,4.625865908164968,-18.683106669500244,14.986379145111798,-59.2012063314627,0.5006919898707461,38.27854234793888,-38.32545382146656,20.244671244030076,7.409786132202912,-12.341060087373158,40.056463218184305,14.639053168711103,17.047866415721472,37.81261534981512,-56.787861215279385,-5.661628958205263,-4.54500788774522,-4.5227690798926545,52.55387414612797,12.99475995123269,-67.10224614002381,38.72113895727051,12.39453499735306,-27.711543321504315,50.595271536945006,-12.34431849250619,-65.2753187804539,-18.081160776988284,30.871204623993005,1.2771802417908233,17.226260922362314,-22.817184932202974,15.528275429974821,-73.86721259454129,41.185369074354696,-7.842083516975929,19.57487092645234,52.96215743177245,-6.504722643630944,-17.04518797778725,-2.1718146615853264,1.9982816224134552,10.629447306327945,-9.68918767209638,49.81347196885287,-15.202064206792361,31.981178667566304,-5.4062975215523945,10.730184738398036,-6.107371211864881,24.056073872176633,-11.356803081861333,-33.3743410545398,10.356906185243165,52.14866057007061,45.86853788907881,2.920245178404896,9.277561685497517,-27.41821779151615,44.20527302533124,-0.9002113556616054,-30.94716363569473,39.339344389988725,-18.558859635314775,-21.09963298023711,10.41700536989165,3.4238208129011274,-4.676006682385756,10.289289042948958,-19.328801621144663,68.60119083452906,2.9590360458055023,8.264894713381947,31.285565929380947,-12.116241162630468,-17.437311859877116,49.78338609103277,-45.25785184251084,22.37155991522347,-66.94467954473099,-40.79148385178178,-19.146636994665943,-40.76968885556578,23.72284422331725,19.31186446101857,19.59345204211729,-71.55938091521685,-16.740033241768767,54.621820489630885,-63.182040397723895,25.687923993393156,104.36109503956995,6.818559710684018,16.65109100318332,-35.90687260787349,-63.5376830998898,11.873264387337015,12.112257518751811,-12.991163270927002,32.53997098178695,-35.38233593213585,-61.89587877529568,47.124549650320404,-24.637219153301736,-26.353055582350837,32.82811613112252
111,-58.19686713038895,77.68897303007594,-8.755747388557765,107.02756400723963,69.58146780879616,-49.60579295256278,67.78781336922302,-46.570209735867955,40.49892707551868,-32.709266530180315,-0.18898693977416237,42.42364095910837,-37.36573527909582,-58.86667437691587,-6.542767416909208,-51.57974029322427,20.735001727519876,-27.502330362049175,-29.084693963037516,-78.93488154503508,-7.062718495845555,-27.328616591351807,17.43615786065045,-7.487904377215191,-22.286411267462537,-14.47113007238716,39.604599359198026,-2.3272348043386852,-34.95381842918221,-23.35256875000454,28.74718250735686,10.827249280062155,-39.85169521422847,-8.70725298206602,3.888137590019904,32.635079992516395,-27.93900015150008,-4.5827234412666575,18.25705904997792,18.686515239661336,32.31571064458657,-6.147536886932585,9.219722159562664,-30.694201999466912,-5.659392339857795,-38.9692196207494,19.92294637566501,37.56864656038112,-3.5460207823265053,-30.3801701366438,27.73881848821294,20.384574455765225,12.791853973184574,2.7691496122389467,3.933484268881156,21.185201102589726,12.672723549272431,8.13818024714167,6.946526911953292,-28.53123225669678,-9.42067774742384,1.8360513898354953,16.45201661406568,8.563773751920243,28.861294272739713,-1.2175937500758476,-5.5029313083321405,-31.089705655547824,-26.833837365947875,-14.346085905335238,5.457906773223412,24.83669719491395,-15.31229796007327,-18.082212615805663,10.570374242146185,-21.6577976515901,2.012589648583708,19.93253993666876,4.5082147218179935,-5.250322516351392,-19.79571051680666,9.100489171663757,9.762410301411691,20.349729557474404,18.333209772130555,3.4158619446239036,20.224054792788195,19.056688899482783,-24.756388192543888,-19.862612785369183,-19.885383075236305,7.766370932392368,17.894872074420313,23.8203386884708,-16.774966804762887,8.240771786458168,11.776368211045183,-13.491653904891457,15.071131641411773,25.991281839990375,-20.167806170002276,-12.17571222372074,-1.0614843862843097,-11.080599551371693,2.3668383401625,-25.30925903856505,3.9969424008989183,6.99036496854132,12.246864661944652,1.3937037763789155,-10.662616059681909,9.67060572564789,-21.502218180493117,-12.332466359461016,-1.650270512154929,-9.53360153255153,-10.281832225211433,-16.125026384975072,8.820759233228484,3.2506168108397993,-0.3824812640145603,4.618928331053136,-13.394425291408746,8.97467340247623,11.079745914563164,-21.017431717460255,10.610249187254542,12.373813984288036,8.747848683223523,8.561106533880743,-16.11746139914464,-21.525493308876925,10.487865770966085,7.430427070150444,-17.350176499178826,-6.925109270037411,15.951935758529444,-1.1361843112091596,-13.601291433266596,-15.330619676871148,-26.629167122360908,28.812883049986922,18.108879080218376,10.520301388852603,-3.3490661408446143,1.0170914881904087,-22.8687698334166,-11.381988345480233,18.19414804962107,18.8580128844544,-11.418580224253086,10.957652851055173,-18.227877256561996,-6.06019282084324,0.8160884783895475,1.1822061926711402,27.486976556885555,-8.522863292527811,8.583103979762662,29.98649131663636,-13.230353067686295,0.7448710223253743,-7.284414162603687,-21.096634659950507,-0.6447445650952665,24.506029611012366,21.36169433180643,-22.79592854026905,5.636905092865538,9.37080302728615,-8.323654857689185,-30.519621964611062,-4.465260864963868,-4.319521721104624,-7.00242433805675,1.3132383201221347,1.4374684822407988,-28.405129802442815,-7.9567578840648014,9.199117222191198,14.666737516393333,17.355203598134754,0.8586773527918099,9.477922053845928,11.571923822417352,-3.323230432971084,11.907467598701286,8.112887254304212,13.411029692967752,-0.6960692045962203,-1.8752202304304446,-9.394926862242512,8.241693926489553,-15.85365554227635,-0.5908199453999577,8.959999008730902,8.91118406599153,12.161109347267264
112,-0.7796227311340049,1.9351878762714492,-2.2761102824323762,62.118792336754495,-18.896901646360003,-43.74448194300774,-101.4133982232318,24.296973192912066,-40.439553707219915,21.735020409457814,-28.68824990243626,-27.242076495109053,10.850976587039955,-6.104190937140361,-12.98522818841457,-7.473482403818304,-33.844376496035956,-26.823727870167705,8.846403970779754,30.182607468137494,-60.262592719139086,4.534631146578408,27.737410673919864,22.757088574563408,-55.32881135884496,-9.342692079079697,-33.7021542254952,21.250441488816655,44.85923551184017,-44.398773192140524,2.8578412127673105,-12.74026175106667,-14.064964783069543,-28.294755139273576,2.564228628176908,-100.51827429459323,31.428778035770243,19.571768191395293,7.329482561659544,30.411576476719674,-24.517056782160584,38.65285621929401,20.38075557634295,83.09484487259509,25.021611399670338,-66.32957808438368,28.459225560884697,-44.196521632759556,71.57677371060659,37.73225461401437,82.30438049443997,-6.366952464092913,94.99693298826608,38.84111256789993,87.95283533494016,2.298108966357019,21.601738497067004,-3.0756725792277435,-33.38171424339437,66.6339190857166,82.28127360995892,-49.32735613211508,-50.124478817958455,-6.285774072907759,13.560101342246572,36.64190522305479,58.853834069312285,-59.24472336318437,12.580110383945582,-26.30402832551578,58.31790026072154,-26.49354395744347,1.4957786033074152,56.22742380951935,29.231279108796823,-134.22021300103526,71.11039734885905,49.53492333726509,-62.69344608234917,28.910508731451085,-19.065075828686144,69.55066099747923,-3.3283868355524815,159.14527543014137,24.17393858637765,99.85427438991098,-105.41976504207096,-126.30705794689284,105.6690830015209,212.83899442183923,81.73654503009526,-34.15593868042817,70.30227845974265,7.2138849623175,55.049903383807546,70.29515424695404,-86.5304387770888,58.122673374323654,154.86926503621302,77.34404481835853,-19.946030387855405,50.48014666473744,-5.737287647853132,70.01545272121804,-186.5588069357608,-21.358779716235972,-17.993251408427408,24.27040364064326,-103.73241328238151,-151.2856995595897,8.282788781590938,36.092837786429556,-194.75694410854055,73.65185026267783,-21.02682024368717,-12.147409033379972,93.35270040028114,167.01188421509605,-126.30280062664536,-44.933729457519476,18.135813942083068,-70.45441457938125,-137.8817552211222,81.62402782996512,29.311752353433196,-42.90347916394703,36.38157253108144,18.62257915083147,-25.359937041297044,94.95739858346502,67.99374185388646,91.71879785407148,55.9290745962942,-16.36082642793166,-5.594691946593968,-28.265084131275145,93.62111608875261,-58.588986128643135,-4.959549151272364,-18.988969875741855,61.360896308126286,15.34343859594478,-51.523864471280646,7.118371299208847,-4.573788995846437,7.017494218280533,-20.76880896579081,13.221320625555297,-57.90426532377677,14.40698081504668,50.48143177261028,-6.21574340297134,53.07046890241911,-54.80109512524009,-16.754982581121705,94.10184668951798,57.116006279366374,17.839468268442136,58.977985728370705,-36.61221689126275,-7.51591304991695,4.748317213669261,-2.830784692849736,7.406069642079795,25.81775304146843,6.382438122849107,22.232754177915854,-38.813919568457635,7.040649863219941,-12.912283086682686,20.336870926198305,69.81937298615907,16.145498141672213,-14.735778906532309,39.0310901274113,30.698357372206143,40.54570274398214,0.5708502642189843,-51.20194731572328,70.57155144315709,48.52258540544135,8.566697756228267,26.840026453058332,3.0204112793858657,-17.824551442160452,-35.91355708740356,-8.938708709986724,-5.828576483487894,13.390698099061632,13.420108820882438,5.6017506297341075,6.089301760105698,9.044506748377595,-14.174288224133617,-4.877911758755935,27.136266141526757,-33.86821722090428,7.107023229123071
113,479.9265467315857,-825.1632913574881,-40.86723962153841,-348.3244436917025,1021.8620287282093,-732.3240720652719,339.0551097763038,843.6753892034574,-581.4644594055242,-938.8721273993048,31.486295282779604,-333.2846784097285,140.279042458754,132.36579639528316,-74.10708293544945,-61.829438390131656,128.11406755194363,-5.204402397034178,30.890056604903833,-42.78478699376402,-15.554992348354373,1.5295545954403797,-49.62297033399281,-33.92065482797514,-7.357374579027826,12.072079650654683,-48.106253665200455,-28.102347406006473,-13.699125189789061,-23.659766921908577,-16.662561276442563,9.908793801384963,-4.713589503756563,1.844073968521218,30.67785566594312,7.1464589453391865,28.580580420646847,17.36749944357603,-19.950721189068357,18.45767360233981,11.540826000957038,6.319887848568232,-11.280955376920247,-16.669336474022383,-13.752141590915263,-17.995093419287414,17.745635979944606,32.31133993593825,3.4817768252200745,10.99627357787373,-2.8623264500293413,0.24586537657410212,7.8991819717531175,-1.3395956145633119,-8.09607023908409,0.23190264178503295,4.673477313879763,1.7908536744502561,-1.75679554171602,5.279608995069589,3.6266269605995807,13.103812044113457,-2.8849507955609943,3.1095611203472,4.441860924888532,2.8554036450717835,-4.4902487879478095,4.229381419678586,2.327690303787763,5.318920792884324,-3.029602804931825,-5.55802292368006,-4.178734559929959,-4.965047352319158,2.5520840231174544,-11.240133033566368,-5.253585438589123,-1.4522778687207127,5.2477810463676215,-1.7715244835141137,2.048762076447947,-5.268809384895089,-3.6008384920585654,-2.505204324602526,3.4457748350228763,4.726608554221409,-4.412679817879532,3.800362712429204,4.946851630558936,0.945741195898309,-4.105244202600799,3.700036675878647,4.121049982145289,0.9104073548918586,-0.3188187917063958,2.8123124236215977,-1.3216256967198619,-1.295636055849012,0.5676937718075227,-7.905752636468835,0.8480111377995089,-0.4436043938088716,-0.6346989282228939,4.241433183459579,-0.6676305735904365,4.457209740002368,3.370302727499114,2.1818114588773025,2.609540659654765,-0.937819729046379,0.46056358933999086,-0.9034307320363701,0.6154496178733307,0.32585371021849946,-0.017150043078369592,2.9461474890300265,0.9724104187299683,-2.0464267842077515,4.748721938275907,3.15849309952482,-3.2328143872949493,-3.944370793291412,-1.5532513148384683,-2.0609472578227237,-0.7211935051806861,1.5349979139173737,-1.0804754392545908,3.931291297784708,1.7931240499364884,2.165870238055687,2.830823973998952,5.037202217453066,-0.8597791371114367,2.8911701953629745,1.2900240085942294,1.7072655438506095,0.20881942216485236,1.556349691581171,1.3381254228306467,2.406669841538552,1.9187643930393024,-0.022210821097411904,-0.7716367275360603,0.6795174370869339,-0.3901064116664402,-1.3595784030305915,-0.5290156700612034,1.3666976114798204,1.1271123367303932,-0.47321205846087655,-0.5859371340863232,1.8763876260613617,-2.378186261794125,0.048262883001225776,-0.8664801323098885,1.6472624366611224,-0.8424198309770008,-0.029597102583095503,-2.2780689093374935,1.2033931017189943,1.4021644683677326,-3.051328843873454,-0.3214178563308782,0.796093880381794,-1.2811973152023657,1.581734288368407,0.28453651753652076,0.120638546272693,1.935563179247121,-2.3270847913296095,-1.0928920751093636,-0.1843148752806414,-0.0898318155300823,-1.6769397494745721,0.12713862037624277,0.14628261408273152,1.2642587159454783,-1.2574351216410196,-1.700250406193554,1.6269304580740354,0.5243791712311742,-0.42976160174743405,-0.028980821106295518,0.09934920575245887,1.4984127758972139,0.8359330546030501,-1.8343303174443646,0.931155708488896,-1.9873813161056708,0.9887047447273462,0.010727235428850568,0.7393882422407594,-0.1178330108068738,-0.9158211498281174,0.01383058845642958,-1.9311552173145616,1.8268779797137793,0.45282517185760546
114,-50.77023371076592,39.28656922621167,3.2628177123417528,15.780005237392647,76.62606139920663,-30.166755886551915,111.40009306934972,-44.10898306449441,88.35159420853427,-8.434393650283019,-18.330618177049192,-55.45840647539883,-116.85494246330657,48.508729626750664,61.9632291577077,-30.433189980066107,-56.37935647832583,12.636953292009816,9.449051274098078,77.8077662879254,152.08456817007882,-41.97234334676336,-34.37419228835923,35.2947276728787,-22.405481474421112,-62.1388559108921,-74.97573476940566,33.590370863625445,43.27139560653635,-56.94483517244444,-28.374238384571253,-31.724037366642765,-0.21132356420705617,-26.16258007347483,-7.66782894167134,-26.765057386865244,13.154213020876872,34.97426010713193,-34.724313974088865,13.528570697393915,-5.827849845364932,-17.56255754778265,-23.86690649265586,8.242807623030924,-15.800473159207357,36.9825751486964,8.202385084559804,-72.86976885887417,42.32754285994723,-4.331512686418528,26.66784024816914,43.813551424447894,2.8093165957836357,-89.66847461526969,54.6815807497638,-27.125510193535714,-26.35370288092347,4.379174733827862,21.52320245649331,11.101776468365067,37.85074672195272,-47.185355204406754,-42.347819972247535,-20.783397408794087,18.652819530840432,-8.23282602512003,2.5028544328178755,93.03011226763188,0.7064211111340628,-8.621670575864524,56.1723627162162,20.214611813650084,-31.929967416484104,-3.7334041209358806,-23.955582636500313,-45.467500504899235,65.74213480098776,-4.1791613427868155,1.7367050502572572,10.914185418963656,-13.395659398721246,-4.33450103158922,4.293950652759913,19.443898235324113,87.27234035122912,-39.61082786481019,-42.28207272127752,53.09106252235703,24.70625160463111,-7.376095718913232,70.98826629217882,-16.887518040914724,-41.54037903828376,-19.706775541848724,20.265788307671563,41.555484260837645,-5.771235969027605,-37.28809291113365,24.489761337912977,-54.197019234217045,55.40036014058071,61.265467020419834,20.764736886624704,-49.44044617877602,35.2981766580063,-56.693840623186745,3.1717610977531736,-38.47086443055678,7.697849362434277,-20.316340514625033,-104.89847776081376,-32.0185017406227,-8.316566212060907,-74.95218188174532,87.61854200299518,-27.80679801391888,22.763090552685476,-70.25619339383694,58.735461439528045,-110.17155727181287,7.669761653770607,-44.41904874658142,26.28293670255973,59.02379452503311,-18.11472663593484,-9.060776103457332,28.639129839289943,26.528602018975967,39.169028548663604,26.862940847977494,-120.80437256630648,-44.22296166536471,33.6687445082266,-42.1221115874876,13.43396035961035,30.493032382745803,9.697679968108288,-3.9042520126778957,-102.53497646451724,2.0104052174752165,0.7376691961885751,70.91853928398079,140.43729621706353,52.08268346104783,63.915363654212584,52.385041533369645,-56.53518157473489,65.81702071106767,24.168145277054624,-27.922853586987294,16.792360397308908,32.72862463538058,44.98943748368563,-38.32602004836346,75.7431328754613,132.25999810155793,-17.21366259044284,-5.383642694255205,-77.05171574386227,-89.36853185644068,74.22092599784577,-50.632383840035764,87.01813346808764,-15.929004873696126,47.64862678304182,-11.653426765539901,107.04621926108051,-31.42400556324611,-57.37790644319133,-13.530095540854598,134.193889453325,-68.00468402811882,23.173928922348427,-39.34430492420445,-18.18684467370972,-51.4623109183101,-32.3274996926991,-44.13807418761825,65.81680379967581,39.902198840760434,115.97813959762307,-21.02797902815999,-49.556490369713245,-33.68731199705662,61.169129610561455,123.63608213392288,2.9801100049790037,55.281526173365584,-4.22749632948631,27.219135530719228,78.74643964957684,-10.030679177487283,-48.42646022356961,-53.90293768843336,48.27866449495962,0.5540055439413236,42.552197456168145,-53.96660408485256
115,365.5303484539473,-173.7363652701527,139.61350388923256,561.862944426348,-342.73999571410525,-391.48095179878965,-357.5607247957992,-314.85739732890625,-159.03820507392547,-301.5625870297631,1237.1081950924042,-254.22504632926214,-256.3745943915485,-64.1083140817485,251.00945697998014,312.53958636663435,-208.03199526526961,608.2779239086569,-164.88615545015503,-146.31742041616164,-48.84681676042461,-173.22608027388534,115.52846373755501,-47.609562068009964,75.70809412166598,-173.87649977916746,14.860626271984177,25.471476209470264,70.77987257341354,63.36478995404302,40.85667985285396,-1.396676867351614,18.113221695561762,42.05018799850126,0.1479912064172879,16.80871363403717,-24.058550459066538,4.14266830949444,-13.800298349557643,43.037572836203005,-25.809626355791796,-19.552961189226576,-4.657412783203158,4.304331251145758,-41.24456400034143,-18.724421237397003,14.782912447378834,-52.289949581199025,-6.28469655766305,5.123692095157958,-14.888988954679403,-7.217376136518835,-21.004350951588343,28.884675865915305,-12.742471204013096,5.021986239654957,17.663508110145198,15.554568734529571,9.193797375574414,-9.944680233205911,-5.201721905966727,-4.113742727723087,5.072504402460422,1.5620984420185702,-8.623192603115108,10.064907145322408,-8.60000030653662,2.7416596471314585,2.6891724612361725,1.0119790942859073,3.3124963291703615,3.5329125591315096,-5.7200889360805585,4.55305001714267,0.5624014943633258,3.8009885019526837,3.124165451070895,-3.10220663324351,-3.2849808879021176,10.936651469733691,-0.7898002724874634,2.417714589658905,-5.906291134827452,-2.116718030346392,-0.634923752581563,-3.4774006021191752,6.003649546923695,6.938529599530535,11.961856842100756,5.347119201821161,-6.348230586956541,5.573939069150419,-3.198703587092308,-2.0346193751136092,6.8309937138007335,-0.8119787781504586,-1.9944437870855651,4.802308924835769,0.9635730378405367,-2.953119168932461,-12.778694643723217,1.5016172805967263,-4.568949564469866,-2.6698051823971465,6.037508188595522,9.416104576308909,6.587284789505858,-0.22782279273100947,-2.257454347074332,5.860268095571063,-1.7294097389179592,-2.686925551462966,4.574329881067444,1.111593643911687,3.912837885306601,0.2721608541211944,-1.4466990770113013,7.810442280402655,2.3269317259250437,0.3404495863010605,-7.142184700191296,1.0110523754877883,-4.149549337035053,-1.281952877900193,-3.1721915399743965,-4.2169717749992754,-2.334180614831155,-3.063779015812117,-0.6355947914572501,2.783072129406253,2.4460714809770634,3.184184093047981,0.6276426816547215,3.0347197778127333,4.347074902723612,-3.321940587143227,1.8984730627703317,-4.60365139834393,1.8516744541575123,1.1391288863976206,1.4424878910824095,2.364262034930443,-1.5791272531740637,2.4234851964663955,0.79456579451424,-4.249938271587213,1.3396069401833928,0.7365287015569684,0.47092292154624826,0.9093784788111485,1.4767364433261483,3.133125672082244,1.3902289604047744,-2.908061142121385,0.18970455925139973,1.786302385411127,-0.32422379863736284,-2.3518008867262616,-1.644649096676226,4.677024730428169,0.39099887826867485,-1.0299724407263167,0.08650192968579873,3.8077288693965965,-1.8915465679256451,-3.1734306265566805,0.21998914663476876,1.5210607092433586,-1.6585273512051621,-2.254899046619516,-0.667480417329361,2.59987723990818,-0.6393676086969027,3.5097470754694062,0.7491735685892495,-0.0716444068058506,-0.3710558555545235,0.2093681387872719,-0.746130751747628,2.723101102315335,-0.25049823475008104,-0.6242938235201141,1.7544733994853638,-2.96832714692871,-1.0271754256246406,-2.343982893756614,-1.6835260844147464,0.11671409931390553,0.17008108991576543,0.4824480742358468,1.676299748840355,-1.4712210685917149,-4.125260418576583,0.6246799870765054,-2.15052940574858,1.6235207231298419,0.13053960579124124,0.17007874220492325
116,81.7686060841905,-191.3125299381775,-49.96323939013641,-127.58403938290954,-144.2544913694755,-16.806319467548608,-144.39123574178353,-20.411865984681114,0.9466158991270597,-12.780833711184238,-25.980840622518112,-16.555571154955416,-6.235845833677165,41.45884072134012,19.41904206690594,-69.81275578833652,22.99827055843684,-141.03248839104697,-67.77130998259034,-58.5312295153191,-6.301257462738648,-54.483949503662714,-26.167876818135017,-4.127284990235726,77.74721221895689,-24.780670899645106,21.70528003223251,21.519940969949253,33.8336019772146,92.85358402029074,141.9449491566141,-30.74161659738745,-94.61939128343789,-112.19149042432511,-4.355975428263189,7.609564893954338,-60.34605539743188,-107.1360406873991,-91.70312620800087,182.7045355221657,-95.27113938323943,-137.84105611966254,48.60747589056101,-30.933542908249642,-93.79990609349096,-97.93234097663668,12.859656283521293,64.23288251251556,59.99658657369321,-79.96744190818615,-74.81306243183064,-14.167019867990065,211.1889107704859,-51.846940959747975,181.50498236654846,-20.80758526645253,-24.73253084801929,165.68826912625914,-29.072563556223432,-18.803546532283033,-43.296043914041555,-86.33029346713434,-132.79110225101903,42.294643107679576,-29.79583362171869,21.694581526589676,-173.5811625980811,-79.754096657496,63.83057260254659,42.57764362053739,4.574857231368191,122.18137183477417,0.7373947808151626,-81.79325970654631,208.12869680609268,198.56437323838674,-101.27770315270847,-49.466884721460936,139.63007510226208,30.294388882719527,-161.70938050357907,-135.72949147358426,33.467697331443,-125.42140282883476,-42.69356191993439,-109.83945818769652,-109.02578165528419,-129.77412523843117,-0.8271534647563663,-39.14115246352772,11.319672251541304,129.29578655768285,-163.24412501132903,2.583039996744588,80.65147608610486,-32.62624068516588,21.846230472527367,58.773485230024924,156.9517398863471,-28.67237366389129,111.01695468391631,11.28941337263372,108.289006185467,100.5720182217614,24.333003018886117,55.531305489821584,21.203675194353217,129.62609265909404,-78.24129708502782,-1.3261610437040552,25.353180300614802,-38.868288727517786,15.02473569886322,-27.56419988195816,-105.69510294668214,16.41781648226473,-12.490287265767778,-16.1249153639917,-29.68196040449549,-36.930389323810815,-8.69504884875981,21.539675824450864,-67.62447260570737,111.09888454331042,-20.065027674359246,-17.86996821338885,17.769617924655176,-33.0776505175675,34.629262701989234,21.49549301392462,16.63287310804826,-58.700740618252134,85.21238272936222,-17.532778690954316,-20.671775770036803,32.638462101988225,5.307800291208678,-11.457156382443602,-50.71559330925895,8.67332573649987,19.141305480209443,-16.663283420794652,21.481867942004875,-24.480791034270833,50.3561330450491,20.169980276187655,7.691340669375958,-6.858485493864647,-0.38499296043602205,28.66387072650319,23.897042649912486,-14.28129860204033,16.465266943496733,-14.372207982887721,14.806831475838372,1.8765927148494563,-23.805620681871197,9.938616654532265,-13.077782282333995,20.483918633018433,10.654072661762141,2.1977614380271167,-22.184118246184486,-16.60353807046621,-2.7128056926568354,-28.922283153353096,17.44508405313838,20.753883674333498,-5.039681466019007,-3.9317044706916864,-33.34465632835993,-5.7853339167257225,7.535915928191668,9.735252265200245,12.085601010545089,-18.59442105574893,-23.531348784485292,-13.880464390935519,-8.652087127615234,-26.15358987974118,-8.703600653792124,12.921166697084558,9.823794470331276,-1.3284269581250072,-3.7643638073962506,-6.303536847990749,7.058334925828821,12.110783989890995,-6.216679077279345,8.354886685628491,-17.24772140759084,6.337596721031304,5.216695195832648,-27.43436438734869,0.2577967794648176,-2.265269826416544,2.099706642067879,2.3372735108503604
117,43.20741347544766,-36.195381489944005,35.744464357200016,156.51364376268342,-22.738364580430375,-146.54223515653453,-206.42560426800623,-12.266338677791838,-39.23771447612204,51.83324403288079,-77.30553987685347,-22.648951845061514,40.62773866420685,-3.2489401312174397,-11.213471550447698,-69.19719610329787,47.021885930166114,-160.2611411534817,-41.206021572863925,-23.674636677773975,-23.310132769172828,-27.824563470891025,24.31533496248788,74.79188645631577,-17.108082567886232,-55.520835520007076,-25.992966177196166,-23.818519742571432,1.9669929432280782,-14.789624621931008,-8.762587747689356,-24.040882817517108,-62.444778585909944,-31.081458859869805,-38.24315078502476,1.2061444563407275,-7.873150126890331,19.495586660411774,-23.57335431766567,42.93069577002585,-62.52393191401725,-14.307159420671145,-35.873698266107574,26.2516147302246,-54.229361973614814,-12.339515085030623,22.804780590053873,-72.03797631552023,60.38069057731025,22.68680486554347,-124.33042367696216,-16.629298349975613,-7.426058308373257,18.9597774674198,-60.74538193592708,-61.40467774321411,48.13276077036002,0.7355242478245527,56.382312102278505,9.056153965351626,44.14171619898309,-0.6928616803387383,-53.850184212582015,-44.703721580562885,-130.7898281861649,-40.464480629323056,-168.7914973352127,15.93483608934815,9.155583354607494,-20.059999353452987,41.36213487496342,4.786713001351851,-27.371365773249256,-6.566407199886437,8.87668204995002,-37.33470128399723,-26.065085797173875,-22.778288958060468,32.231295882423424,29.560446051267643,-74.16502859715521,28.329698948672558,-28.709227321425857,57.970871649047446,57.729113777945685,65.61741903026159,139.57796439510165,38.751676185542266,36.78522585851377,100.68293051775676,-34.204132449708354,23.924832139605954,77.87743635031664,-64.0290386367348,80.99355272076858,-32.986327918802104,1.90929545995681,74.32885038598926,35.370426724999895,-144.20743297221986,-181.36157543703877,59.17274589421175,-128.34340411699614,9.95604061247233,67.39030261341226,-36.44109549591765,-15.790995626522498,18.376818501977436,-46.01746540590182,-26.596667633600536,195.82896294896676,-29.677105560239358,202.69661616732787,19.546717118937277,125.01895425067687,119.22388485237376,59.060019121778296,20.433180615975488,62.33033704217313,41.94614583587321,-98.67989061897165,12.933994735294348,78.25635476297624,135.69799569306724,38.94435500324652,-105.44690015549322,-139.41584956050784,-8.786911580852847,-64.1619087589373,196.99921866335555,-16.364918062079916,-59.42721650107823,-154.15175156666072,20.648291937149896,90.12375770473834,-41.92620334525873,27.766264093896933,27.009880331695992,-67.24577671922917,-99.47276166815777,-42.55627399182341,34.15137209559411,-55.583480187679264,-30.886528423605288,-6.3864071674309235,-9.502641452618807,-55.620363357717814,16.742689218583667,26.49523614172775,-97.2104007416205,9.402103901460247,-79.20551564145703,3.1230587159694996,-23.982520343139072,16.99816360980102,6.600920475995775,25.57998758117619,43.665849389151404,-15.113866252428958,16.434027562092734,7.071040201235361,-13.04433240024549,-47.14453674534787,-9.522990632538619,-7.661124810104409,-43.89001132091749,11.52860196091113,50.24999847931298,1.3737413642769685,25.666967078155224,28.538808662081877,4.676162442922264,-14.838945059383725,24.87324769542451,-37.19805608214457,13.420927794647756,-38.49951321650483,7.712725919687276,-3.1060131096391945,27.076820118120153,12.008593519203579,12.396603749020787,9.970729510490438,7.415970083877665,2.0807284117946656,-6.678404159559037,-8.128802671189957,17.149974743336625,-7.598993899384828,13.659980316188916,-30.84958790353177,-5.3742830681659015,-3.927010915936987,-5.496904404192815,-3.3452119727967986,-23.93136731938536,7.681001104240885,-17.33759643835199
118,129.21019309352812,-106.78557131299074,50.5113848505075,226.9593906904242,-82.2285950690639,-208.75089142262163,-164.13980483346495,-194.58212293607912,-11.537798587604623,14.954405144531044,85.65759189793935,-143.46949234470938,85.51434752776457,17.392784234765553,39.09383352682754,-3.9033616817687915,19.14808727736944,-171.94117318306894,44.23879103246632,49.88611412294746,63.200429699909456,91.1826321452667,-168.9449498809608,38.88121227495192,-209.7662411822206,201.21674379087244,30.44317241132493,35.155793366971864,-109.70403945002101,-249.18397496952127,-135.3218251318604,16.024793666743168,-204.5011313311716,1.2897781584757546,-221.10912859174053,38.964420473252275,81.47094509148766,92.74279107489457,-159.35468720786915,-63.19324771611174,-78.21088122135052,13.891093515515852,30.012243622581657,-273.6877494260049,-197.96717144495145,-158.7007144394159,-136.1303393593003,-56.90347799784737,-76.61723969480133,85.81914140580908,-117.61870686425668,-181.6171189502516,-51.454641301962866,-66.33462921027525,-124.10536500598384,-62.910034057825605,-226.74449283756348,-176.98773300840259,309.18411052100726,-183.7948840091621,192.43702754566468,-10.191769165006354,-68.16219611262274,207.50917841604868,279.35017474553445,19.39603776546771,88.17958279737518,-67.49681590331842,46.43440270772784,-119.68157192780241,12.079741370192984,-15.122674504006438,-18.9167699625946,2.2230693087855253,72.10957482774825,10.392042802623441,-60.31601767947736,-29.444589246425146,42.861813543822755,58.97432423350992,-16.587179249925505,-3.0233449004047426,9.803985612423729,76.57103971997596,-49.4212330907114,-43.07679505187592,-37.91709168256867,-7.072551655175085,49.27625812318149,-67.70238836548668,14.87778283175056,-51.86744890367349,-20.57006111021073,19.844296993498116,-23.190934903516023,-83.73338834751777,-17.804318840501818,2.93881994951649,30.668733126538754,22.415957975754292,-46.25288273876345,-9.105310003542595,31.113432025865205,4.813481258671189,-0.2261111701021803,18.822381693614986,-9.8789294721266,17.275087032386423,3.9153543988045145,-21.715806809988013,0.7812657251715289,-7.318051138466171,-32.28015835314667,-22.010998213705875,-10.12305815901423,-14.134434531809124,7.66852046912712,4.6081015740453095,-24.07651865249812,10.009320104903942,0.30913636626178387,-16.892844406440794,16.8079711452231,-39.12544543940697,-12.145815822437294,-1.9555849052621261,-17.6977380017056,0.1647279410947196,13.66979412196065,15.503327821316823,-18.913843229833358,-5.560075342978105,-3.4143786702532055,3.798469256299419,-29.063039046091944,-25.091087023868322,4.806861488761611,20.081089876818016,6.761929458018448,16.094633748185306,11.598226093115594,13.488324621073609,-5.283639397744747,-12.028546829578707,13.803252045347554,15.223377553494776,-2.122338401954642,-14.151261455726308,-3.654355202495078,5.687100790280119,-4.570724514954757,-10.963781795094864,11.856753300700989,-12.259336014102125,3.231914844767956,-5.638909098702052,-18.616463135222318,3.7448718377817674,4.994315373921667,3.629980936715587,5.232258494563418,3.016317697605076,8.708890200553151,8.18119081031165,12.209825950627849,0.24670427979533915,-6.363676266311462,-3.231141550347504,-4.530205828853626,-4.314318084755656,-4.1687558637486255,4.389054731380128,3.4420001422237765,3.9097655230631316,-2.873663237506989,-4.901479883328154,-4.585626089738776,20.100012569328843,-8.176220351640458,-2.4361428065897157,-16.72411326087297,-10.874604463610217,1.0841555802292409,-7.55015146160395,-17.893418414846085,-4.921060201297204,14.636020484353743,-8.211293924770276,5.685510707902504,-1.6356501391073608,4.387836328419162,-4.365836171385622,6.2628088033539715,0.2099013719346634,5.218984194749328,-1.2541528683407166,5.810494084419716,-5.902026323296109
119,280.72583795185324,-412.22963012176933,-104.14003191841547,-183.39458335189238,17.44211253114666,-58.56971772722289,112.2735157058633,-58.114255879225134,115.83675289808338,102.02509501961373,-105.90604674859536,102.75895588525096,-150.1850299137376,-438.44289782063515,61.183216532246156,-91.19362961083785,255.57184709152992,408.22877250339326,-199.2762295118617,-245.13827259283485,97.92182999773375,791.9421478782965,91.35987692895337,573.013630737667,131.5612585385021,-27.444480010633164,-216.06386918020453,354.1051454307205,-274.36289477735545,83.71372787887555,85.83375470777602,-80.89005136144313,-122.95697138331154,91.20086311686507,75.13326666305134,27.50600123027025,123.05480941163212,17.47972120534237,-82.96046536350455,50.22349635143244,59.67452725024395,-8.947202913220858,-84.33879840230504,19.747448531367883,-100.70387470691956,6.4640246246735025,64.40377669666013,11.315603646077276,8.107326046641166,44.152180058047456,8.291740252922578,38.871647769638486,-0.8414697792680292,10.419810076239456,34.693244546934984,-16.41956241052694,-2.315714794189192,-32.90224851538017,-16.090292746856843,26.486641015696982,21.58813500407062,-10.977032800221115,-11.025724888714755,-7.136634710298838,26.191745098562972,40.26032522008849,-1.634459319498565,-14.830370733711321,-5.968108509466848,-7.8871948491983535,-1.0337893928231519,-17.070313868327887,-20.630655782196087,-8.938189900896765,-12.995416301477224,2.133098059567696,-37.46404819999946,-10.814062300172937,0.9141086922527467,14.933301593612928,12.048310343492343,9.132409993631937,-11.20216209400107,3.2258132942365902,-7.6336975416149215,-6.462358808492845,15.158855355745617,1.8566550727316795,2.0476762625994644,-2.3025275504649008,0.8296094764594679,13.59335275024171,3.5121156311612274,-8.870030763751346,2.6549149000673467,13.272103816707824,2.248727843112203,4.566196314789682,1.9066762680836404,-6.0472539744711105,16.954627630971157,0.9604293574979781,-1.2409461376963842,-6.45359101207268,0.9355628543349775,-4.656966712232996,11.315591510751393,-13.273341071077715,-12.307090978064895,-7.563748545744516,3.9416769242924214,6.661623596099144,-0.314570102692999,2.806878889015505,-1.232382521226462,6.107913086998974,-2.110142078030294,-3.3689260198271427,-4.047138878831251,6.404963439569287,-4.1371957197686715,-1.6405771868628463,0.09144279336029859,-5.035495748372375,-6.179334915898597,-5.082692782946782,0.9344898430376717,2.1891133810256207,-1.5799154560141626,-2.4271585807867333,4.807018605853533,3.426647935342897,-0.7813474960545591,6.779069997847952,-0.5459822033581538,-3.234029219514496,4.567415027515866,-2.9459640120616815,-5.892078348030321,8.854130793650668,6.2868427640317295,-6.505395309023229,-3.158978803587738,-3.340710500108736,0.31881197828755126,-0.9733493983849432,-0.9726670650384825,0.6750443740583982,-1.4723518534451228,-4.8165673564816185,4.498669897015085,2.2227694801120355,-1.6228748748434447,3.885533259677843,1.9873367385713796,4.360784697221283,-0.339046950037911,-1.3931273617853184,3.3633299425816987,-3.0543739806281267,-2.1281053616073637,1.946162301155507,-5.858603874505899,3.9793263326006167,-4.7572652259954795,0.42091529185749693,4.712838998919323,0.6269098654249111,-2.1364776380412795,0.0918180157224735,-3.1787155884525773,7.549064303391057,6.043083344697396,2.376895641876183,3.63103681075086,-0.28637722258682313,-0.8188672504948965,1.8646763703992395,-0.7299744069968042,-1.821804402781906,-2.412597098261035,-3.4357547270251496,5.045235439118792,-3.364018698457661,-1.3897859612321488,3.612958713658894,-1.3265710374023985,0.08489928342726216,-2.2647713565993732,0.33179559159151617,-1.4499676061614781,-0.1701080293593959,0.8476972624645245,0.7080456175050946,-0.9308626158926805,0.3506868536864129,-1.4526075024332132,1.063279152002025
120,-14.793285906337744,20.769675295994215,22.089902038261666,78.17077772280648,-4.951615519076647,-53.32136033744784,-130.27905873068374,56.63233266414299,-36.246497081113226,37.30450814246781,-68.98712231263617,-54.11802546788533,-14.813187708826751,19.377630025457385,-10.547685104297084,-25.707918061671627,13.523837919750303,-34.42334135118444,-71.11761408716964,-27.512724067770833,-16.017108437680903,-9.42007452610946,77.8057193714938,30.30550134491309,-19.855954603312053,-20.62111819864405,23.58447657810601,39.762757201307174,18.137123933754758,0.5222215664362171,18.62924139388285,-29.318561805924553,-4.427170689865313,31.824964758605677,40.65008291317846,41.7831212024023,-56.62225473269287,-17.257423944608824,-8.488291167272916,-32.7992280101121,9.536049578271697,-19.085085384060314,-0.21243975782903535,-15.857538572596518,-16.649422187113597,-16.5202308663682,-32.77031923254229,1.7693869837109593,48.24228375910327,14.684696594227102,-52.51913639627608,2.368696901349064,-34.65967541748298,-2.60671776876842,-47.2551332247929,-4.041529030808546,10.701205552030892,20.61618762641753,32.37914754964923,-29.853887903462187,-33.24461235538654,24.57444418891449,49.91860542062003,-15.626894032471176,-24.939375302048948,-49.081901405063256,-30.322859644057306,13.630408187379585,-25.726382297369316,-12.900052617366276,-13.581239203132142,-8.787263824775279,-20.974178215418824,-30.418348649328724,-14.387022625740446,-13.922635267711957,34.395340691181694,-52.03548490866609,-6.619098525816546,-26.24600203242874,0.10318856582950592,45.29798237806206,29.1479588120366,3.408157136807822,24.8833836271557,-11.73495135355048,31.069346292505575,12.014339372741963,-57.04071427738477,6.835880698641988,71.05980323509415,-20.374415285345787,-2.3614605672642606,18.33318402727489,48.10895914882263,-62.547088824112514,-47.96279940986588,42.22669671488523,-34.36785104768291,-4.162197118542978,10.738150885457735,3.5555621860708384,55.268189890765136,12.287279982438513,58.500275084134145,-7.095522759862553,-41.576888432582436,5.811249704914639,-6.115644571085944,30.155325871808635,-16.731766978016804,-29.673340885677224,-18.172809417138268,-5.7788046323630695,-13.118901055293406,-44.759196208573705,-14.448285481401305,-35.49547931504617,-47.38353562891673,-40.04621333424911,48.68310406405221,-5.206744811274198,-48.46815955323821,-12.715842079596198,10.0022046467474,-9.0775601978412,26.246937016226568,17.665875567119983,18.194229037261856,35.303963097695174,18.49828673930351,26.505985655637843,19.223308915009337,-0.6397142244967511,52.43346429594019,-3.7436618380918576,-34.27690114517224,-18.241424113965454,22.99734367838081,26.182051342233397,-11.889957474262562,-60.001964826648106,35.13202448695598,-13.996679353504916,-51.77913742857865,51.922911464961025,4.707128059785186,14.628576932889905,-26.87629549726974,53.91773922854863,35.08545593257046,42.314987083235344,-14.125863492168635,-3.237266136934804,23.890556426084586,42.07126098300697,-28.20882676736365,-2.00276598002932,3.0243520381260893,-10.96908999510131,-44.58865276188871,4.142291566922585,-19.76925757851474,2.168400312512051,83.47456149491002,10.958012290856248,-50.9186760223972,-75.54268364659859,76.09594588095088,16.99890552150537,24.815399530976226,33.68015707350236,8.819208641438284,-10.004715246067278,95.04516213164327,-2.563095628598809,-8.867288608282351,-22.248119102509676,19.450163693700826,-1.7670818714958263,-30.1198166048891,41.78083429586978,-37.17781225441153,73.0219758413917,11.151172302389108,37.895009364811116,-25.445008393131697,33.3681293042388,9.863081173866991,61.64313049440703,-6.726068335821225,23.88506572707032,65.97646181263134,92.14653981155952,23.88698186876151,-79.18727411768654,-4.819428546212121,-11.450070219413016
121,-53.6351136746766,67.46401737354651,-10.937353103820612,68.86934562497615,31.32366197255036,-18.961223347262262,-8.193035126217481,5.520475441720235,-42.408992494345476,-5.655181967887562,-5.706131825633804,32.20295091527247,33.878768477510256,-66.46236495439369,-41.556102189609966,-11.228091708690098,-0.316034045196631,-15.906270405515752,-30.55880320324457,-13.573608104296287,-52.804689915215434,-26.774012665113986,18.696686652254467,12.54000861313408,22.906824896656726,5.574592151287419,-44.11177695197111,11.936095438751503,15.925732223215226,33.395469334554804,-10.026597671661694,-19.129127429350294,62.489082322879234,28.341413751309766,-5.770063704149319,-36.10953945273934,10.955736325134527,53.16639530494508,-11.877620080652827,-35.995340478298104,14.100089577375448,49.75255779291726,2.456190930277834,5.319603452583818,10.78751039595913,23.458953421927387,-26.32845700234325,-50.01114365956585,-38.92172715024064,10.331322515232849,-5.426904422431964,42.68758611351701,-18.496995293604293,2.680357401944286,37.33215156083729,5.797193701122053,-0.9224990757103222,17.114567293631595,27.340947269114203,25.242632453679125,3.1753886543427194,23.69823316568558,-28.28520088578725,-64.06572056532468,-5.977906212360529,26.330765835830757,11.11338754225931,40.63651751025705,33.24198582944468,1.8570894805952776,7.4893789002414985,-31.021280537753885,-2.1939613796235595,10.313427054591573,55.95930612859424,13.98916498089956,-13.329854609101817,17.83442205032735,4.975738902222139,1.4261280801649643,-6.956210785809076,5.137295111601098,4.836871232621412,-13.881419076511303,26.238268338695462,-77.75929035787703,13.947803956249755,14.427562832356603,9.158594870191697,27.348550197570756,32.25761064162754,3.652898083611775,25.94387043413807,24.641933970478487,29.792603441730392,-34.764645923463554,-20.963246972215416,-61.14887320406454,62.65846141478687,29.171309564897925,-21.90559506809842,40.95710912187866,20.31116356960224,23.14690004064132,27.81911121783085,37.045916123419474,-34.11956975312202,-14.994605079669528,-15.615423410429898,-13.027742852710977,-2.970625674885758,23.945468493976467,-15.722201968420455,-38.3547361029883,26.11346992028208,-8.940555457282667,37.89559860793603,25.43861070702024,-10.839960362782962,-35.48254110997891,12.31146765919858,-13.943248114895244,-18.048509653333827,10.740927538998125,-18.769136734751378,38.583624517445244,22.450220960859493,2.6367926244158495,5.634313745478748,-30.50946665773384,-27.63611622565884,2.0971153403016234,-1.4415848351708576,21.275159802285714,-23.48584521768805,24.218563745583847,17.16543570212912,-14.209694996916424,-32.983826495000116,11.059808663419357,-9.19956862601368,54.651016012917175,33.733782126206975,-49.70950704507468,-14.714839984411388,31.94705267045621,9.129738898903582,30.00620809397795,7.713203312472903,-32.18014532044727,22.261298798748825,-13.990736425671747,7.9986989644636655,27.589657442752603,27.137331298509775,-64.44861052008595,-57.1359962573086,48.2647207416674,-11.011534995863679,4.913764997335571,29.300670746608333,3.703741199773247,-8.899974979758886,19.79911088081771,35.17987870139766,63.10291849695468,-28.560049967156328,45.10495391741418,41.12571208209827,29.57556579571368,14.492725983431157,17.954911605573223,-36.758561132150646,-9.195793738637242,11.019418906013582,43.974936600256655,4.148385141723236,91.42167767484212,53.251343394821845,2.3291744454252923,-9.254472328882702,-1.3140697046514658,50.96925101821658,15.63150409645705,-36.03083072324699,3.8144809881741892,94.76852845618438,-70.66894833311187,31.606198213909046,-10.61967277862956,-23.309679989583145,-8.369564634178799,-32.48740036223756,24.05215390343443,8.797930309310823,30.56719442931976,47.75314573479066,11.993437554086626
122,-9.362012961554647,-32.59585598864845,-54.17743953637534,-100.57039849240589,-46.96602822367833,63.31092115401787,-14.989948710652994,12.634606220492069,-27.207904764064967,-21.21489677445509,45.53682925370915,4.897133657636946,-41.01906342345696,37.7479087385804,-58.4851723377233,-28.555862193152176,-14.405884150697249,-68.45010791038256,-42.49578537240306,-17.691156248107294,-25.33134732106864,-25.876370480713987,71.88843120741045,19.273009790860716,-9.143905720838866,-16.69958478202715,6.498565719814942,63.006519932231384,-5.399988016308059,-13.083645924185669,0.8004429799102082,-24.752472844401993,53.589507163347214,8.042670090448045,-0.9665583557423475,-31.173744612185274,-43.94300011227817,-6.092156373921264,-37.03709002511495,-0.5404935750736819,29.973955935980655,-17.748976150681205,-18.8911918501008,11.96821505823637,24.662243625439203,-3.570445917489316,2.021798207258147,8.390159966683447,-32.19657954166134,-41.55025226795098,-20.66161701451227,-35.54663831959671,54.15204291790548,10.39156645408138,0.40521600340619124,20.134584551709256,2.078618682356338,-9.526644083959194,52.157802958232956,7.9694291938587325,-40.43873156195071,25.456407490359414,-51.23171170409267,-22.5027878892157,8.785346620776599,22.793220448041886,-4.855640028419665,59.625968531065304,30.08036648993736,-11.69430495831993,28.00813109642104,22.446002483037695,-33.062703883577534,-0.11756577309556274,37.66756136580143,-6.938848430743634,3.8879170167347823,-32.32023658308133,-0.3078291253870249,-36.857198276139414,9.562881345976239,-5.062814681759295,31.536209121185635,4.469410852267152,-18.00995965455524,-60.99286681020661,8.331369570036276,-35.007074737896865,24.98047837191438,10.691111185767195,40.62556661759485,15.196898815305365,-54.97132151282749,20.938059176404487,-8.81556701025778,17.169863981334142,-30.84939932786717,56.107216543269345,-40.532331024077244,53.59611184570082,-49.69442661589641,20.73803591254024,17.10897855768257,-35.86776655374746,-0.6945419291163234,37.05164887947311,19.546050345598825,-6.050928673690731,-28.80241109753458,-2.5353326694521696,28.800337582231798,9.421978047387515,20.579577800704982,-41.5919823122951,61.90659984571675,-2.5735058174636056,-7.916873557616443,-57.25736352431424,-51.186202323572225,-40.607300257489015,31.57706578631117,-67.63458937165267,27.42178836385642,-11.254172375778065,25.855034578610056,-47.578209747513505,4.7172616126749825,-3.062793434895423,106.12683989526175,-42.61552135698121,33.63248573261141,42.84706498709643,-30.903189610285704,2.4971381403051107,36.09426507522897,-64.1574809785907,-50.104964741395655,45.53836377790236,-3.548652363907606,-12.728777113630905,18.85636112113121,-33.26742170384325,-20.43647080904736,-50.727328496307656,-17.16997001179965,-20.206005665952997,-14.217502884987981,4.9419143562498276,-19.462055437732108,-25.10018126338266,-51.05763197464107,-13.787141297948402,-128.5263357640951,-4.964845529366306,-76.6345083228436,7.56769579887824,116.20618785506413,27.433053195783273,8.839778178119284,-38.526823565018844,-63.74966401847184,17.1447514968641,-20.24706995642828,-30.28794104267718,-83.94371226991197,42.03069499159898,-0.7134572714194831,-70.28224632094908,77.19187026220544,-37.467208553736114,1.8803981331107342,20.708994337743324,2.316914181304191,-32.08367813894433,3.2859725162060784,-21.50512401321719,1.4678348670129293,9.534202100815154,-19.501530598430783,-116.06734957691235,90.92833383640766,-74.15048351379335,39.6928706493744,-61.41369031158345,-17.90960412129038,54.248284105011194,30.187784273486457,-96.93667612149208,-44.19741562595943,-29.01179320296519,44.75074736953545,-52.75925668534988,17.589003138035455,126.62622453574477,49.97785472076981,58.70956914721603,2.3581742730185073,-29.490044236054366
123,1149.6650799488689,-512.3026405630603,70.98435378859057,688.147195884238,1155.427535377406,1502.3182953295081,-585.6795122997521,-308.4083247202638,178.7932430285382,-175.54984552714615,-37.51255391926991,-110.67179059681314,3.927773673813868,98.39148090044817,-13.368092329206464,30.965921795998472,1.2861493720704007,11.697384906991434,13.958632443912936,-71.49301012219303,-16.661637741651894,21.422224931336213,-6.068184549748568,-11.699309924788944,24.857058403494673,10.290560928127388,-9.56228359636653,-18.41085702850044,10.244648853078512,-15.802163226597617,-3.2641135957641305,3.7978736599109615,-7.313757557810215,-10.19343301588575,13.03125086999317,-7.08885336239705,5.67023133610115,-2.583441530491623,7.460445004448658,8.605257932152558,-6.644797426954672,0.8527863415871431,-1.3889723577481283,1.454099153717951,-0.6814980143472358,1.8709609362223958,-1.5045064705062412,-7.986862801760237,4.7269696277438795,-3.4336156062391545,6.7735103756400585,0.867728208094682,6.151526645963593,-4.160009759071773,6.052832018632011,-5.692675944390441,-6.664390272735201,-0.19156480652159957,-4.265797913434804,-0.021181326057335248,-1.1956057973079854,-2.294946006223151,-4.981826621194822,-0.04120524094827793,-1.7353992802944829,3.672174297396319,2.203369221836616,6.689695543880719,-5.2399022976969585,3.690165315002454,2.204645969208521,1.5961327053080496,0.7037676434237641,-0.5770223082965193,-3.893741205492022,1.5240916216849827,-0.2664123391175405,0.25114354909169956,3.7013755122048737,2.4977092191687484,1.286555334468376,-1.2823816557370105,3.0948222510120686,-5.5847304308597705,1.3135577503669897,-1.5253962853308476,-1.4127723678307018,-0.38524199375878543,-3.326382173784528,-3.0846522709227324,0.30318261634317284,1.5177957878647739,0.3759384628307234,-1.0342369097544089,1.5726123605785707,-0.7628991518016897,-2.341553865484685,-3.028160250599355,1.1217972485588599,-2.032850670047954,1.3497305125860337,-1.72498560477842,1.287611580776462,1.1851631877908577,-0.7787302413104273,-2.0149765662054815,-1.8956965466425504,-0.5291566345471665,0.021005852642367873,2.346268142390444,0.6917279327159611,4.214036183601376,1.7369401777964315,2.4973519169564065,0.033806486948348535,-0.5918077272330111,-0.3814496766985145,1.5076629993004278,-0.9538738307087743,-2.0883950615032294,-1.5182103838972034,1.8043759974918823,1.0298852200844868,0.7182788348341822,-0.20537989408446522,1.05055307153131,2.4635021872172618,-0.5801039613858623,1.5972200160373022,0.05554326589278272,-0.01617193477879386,-1.1077708243442963,-0.09301353577106952,1.0678413721567948,-1.5778986938768085,-0.30035698407270256,0.45280916998282184,-0.007580355964662722,-2.1409506997453334,1.9717884974532942,-0.03942786481828975,-0.7608175808762421,0.5430118039449632,-1.981660788407572,-0.8203917942290773,1.4387029164786875,-1.7652596483767409,0.6029829474165351,1.341540666572939,1.8195124418647501,-0.4008593470458963,-0.20964990654418553,-2.2252229539012918,-0.39780484963392176,1.248027350048674,-1.770247410289194,1.4872048904781523,0.8649922968438222,2.1030270509955367,1.9272932772493054,0.7495043666892698,1.0253553006612333,-0.1381116751237949,0.6299834707827513,0.16650408901245095,-0.14110520712234034,-1.0168263826683561,0.04188565541918704,0.18943002162497713,0.6272910431322793,0.17396046848988655,-0.5406871341052831,-0.49651719881647904,1.8098487871061992,-1.0438285625023962,1.04391832868491,0.4383654899496927,0.32913036111088134,-0.42941307008110274,0.3540129667092512,1.258289185257679,0.5834395155382155,0.05932379658894327,-0.034962773093156985,-1.4759475942744456,0.7831578007969766,-0.5245493712749171,-0.9366448808658842,-1.1216805894268331,-0.29691931038269237,0.9267322999631239,0.3830214178760109,-0.06577911822909388,0.1990596441321152,0.2519142144608315,-0.43655602551146844,1.0410734697520305,-0.7268593844704487
124,-39.73153919649157,41.512446948890585,7.831484865177108,46.98210089465361,21.231893526681578,-24.364665612479158,-69.24201451481717,60.478263549217225,-2.037127870182741,-15.503976336889426,6.062189131984957,33.320284158699444,-79.7069818473805,2.1661380739641887,-16.42980469632939,-52.03325462436683,-4.977225469638421,-63.27692570382468,-48.3685576613526,5.7518928887948695,-14.882967092468148,6.792574651593663,62.332252148775154,3.4314407372746465,14.236824022628085,4.470170070064668,-37.49447890186117,56.14383082442084,43.484034587521876,0.8796842709374568,-21.802651655372863,-23.60235051967165,36.76557292616975,1.371725574004453,-0.16773777140370238,-4.587342709319091,-26.112097382911543,-1.4806028152891826,-32.090225629460264,-3.5076993611612854,-16.052653530424873,-22.625015804444114,33.63373731128259,3.7938176986472434,-5.884220455604309,5.447968227221458,-10.342733789245322,-25.215340892440356,11.682137713191002,17.1697099220162,-20.61907565800376,25.548437360077894,-45.57825288269535,10.428578995094977,-16.548564295196915,-0.13770004405161096,15.225886485217737,13.462663491834945,7.6926331150296665,-26.599927498792898,-10.697240779383431,23.312079743615932,9.432442577695928,-10.22680403355064,-12.10712269473579,-8.065287330383157,-6.535337163984082,-10.894635300721259,9.947324291428801,-2.1627006863291864,-3.8705557394499297,15.91755399655726,13.674642269513997,18.136359778030346,-17.458783006175146,-22.66855651859692,12.13429565668921,-14.352574553716522,23.78260139009512,-30.87646490105687,-33.5645179151502,6.163118668647481,-3.7043405874233826,-6.211332039409941,5.163535011665644,3.534360819801335,14.918426367651008,16.644791178004343,-38.5053633808407,-12.896610863487156,28.637137121713934,-9.954407294149238,2.061073390446081,8.951225633178238,46.61410569072597,-37.16779821862416,-5.49318297047418,-6.764371617106286,5.117105175938769,12.970725819506557,-36.70285654688446,4.9960124828309365,34.2831149154692,7.537099820913248,26.89811830347603,-4.1449956697957075,-36.32825016132649,0.5393444637168239,12.921254297662845,-22.61953318022835,17.515089616464177,6.2275773824453715,-26.440402482275527,-3.9506391990865835,4.867742013071735,5.973739474253077,21.277531818207493,-21.011465201079965,-29.37475454477966,-8.127559880779225,12.895467773938076,12.271659206740745,14.99409459808821,-9.299629283302801,16.009852832177835,-23.20816041989866,9.550281670174002,5.001372219275881,-2.8041373263612273,-5.8917667894447545,10.016190269656377,-5.212489917370435,4.290093517759352,-22.646239130867812,-7.302464087705515,44.117779103555506,5.750904363095083,-18.130718714950195,34.26389313511412,-17.008457205148492,-7.7141445275782115,8.903118910005215,29.680487216143323,-31.035420734012813,-18.212397745686932,-4.322200387212654,45.51618100409717,41.00897711856376,-25.803842000039257,-15.964204527970315,42.233308106590236,27.86960051789759,-12.164038728483858,-8.183550276112923,33.305147439858246,22.52801624376217,-23.26415371935858,-0.023247084131634288,11.031249822883046,-5.537889683534512,8.65596240382565,13.532798566989793,-0.9472550481933122,12.674334266555997,41.96317092867381,1.149721507079739,-16.543307691510865,-22.21710625913496,28.084171843659593,-17.51108037188889,25.64453814076376,-23.80169897740356,4.097163372108923,-33.59181197772225,9.550431461989318,-12.068390136862458,13.256816139550866,8.530965226271913,-11.614895134857274,2.8661967078371715,-10.480548160727384,-20.56455397026812,11.248672716362869,41.02037123320195,-8.722236842984861,11.620738883786263,-37.98872504162637,-34.505025002203396,-4.8903192907208775,6.631251810255937,9.10577119078996,-8.335733162964713,15.35136989765805,13.260148769126783,-2.58907135467123,-18.736000646024358,-10.026027292487033,33.74265238092048
125,-54.438986926789156,77.15142515766587,4.613425185910415,106.79281265537841,62.42752088041683,-45.09664693751554,28.744908494171447,-11.17840676143637,40.22107668936367,-23.77098027831859,-11.393969534619295,34.38373607067868,-54.58339031619519,-58.37690204854641,-5.143163965954943,-53.99632463455895,17.718273120821095,-23.50331848097361,-40.24254443497621,-70.96456418575596,35.225000714413945,-23.961626632781485,29.833832151236752,-14.407505038880181,-22.68556298636142,-8.682286420147125,46.52858092223833,23.728264073151376,-57.12795791492604,-9.457229056776772,33.57366126561371,29.913090837826505,3.9040496935791125,8.249269671186289,0.42465095561608923,26.484632271646348,-63.24101893189531,3.918105666685146,9.203282785432672,-2.3280889939815026,31.07834199402679,-15.000437405504972,-3.425720914935055,-47.695397990916135,9.998996328878688,-42.72608207261257,-4.207827322580569,42.6016970990037,0.014071440952422853,-4.429525629317403,-2.167418937815384,-7.094006282205739,13.427171269773332,-21.799136960356535,-6.139329839659406,-4.448375469658028,5.491667527919874,14.560258575311376,11.771681589546176,-14.523340347422886,-10.470856694687996,13.719484423091991,28.084330324610264,31.323649608604207,-4.221803378700614,-11.678162438895175,-15.325123651163484,4.957516701060107,-1.3400005731778637,19.53426294990191,-22.3488605061925,12.604934022791623,16.700343871387474,-16.79802038430692,-4.125605408985233,-16.833130643316075,15.139708478226881,12.439983897706668,-10.859378081552485,-18.476740901032063,-13.482061220750245,-3.3038464792207742,36.03842603206457,6.235358667560289,-2.011116010760884,-4.9905369867506435,13.175756592171867,29.0479899143946,-11.330968567461728,-15.550263403914528,-8.272958991534516,-2.6902749471992853,-3.4354297947302452,18.42466175720071,16.01069239360082,-7.672716021870562,0.9009168735568137,18.639547964899506,0.46406644741292635,9.380838262982717,-16.563512100940727,-14.253608672579942,-2.6666862837904644,10.044866173614066,-5.455529827692027,-40.599376843892856,-2.70764290897532,10.192545806178508,9.944947048236342,2.158603048344495,21.203567002070578,3.915650323683789,-7.418323841116641,-2.5730138655302146,-14.769923621718611,-3.4299682373246183,-12.726913302192063,-3.3007593438683545,2.8558960468596224,4.735426709289927,9.239922826432114,-3.5506360238733965,-10.36517238037055,0.5456055417814921,4.107327083909676,-16.2183113407025,9.51049749490649,14.125072973708113,-12.71018830892719,7.998050079777289,25.962143640479265,22.65009140862826,-9.939962654021576,12.798910132178344,15.21492014321188,-15.532703374894556,-0.7231804234637597,-3.455339582040258,11.43969254768268,-20.71818400009567,0.25360399268052414,1.4820760481625945,-0.30129484480528046,-5.847589603540987,5.590535509187539,-12.696768552221892,-4.848092704367085,-7.78633666667211,12.884957710396304,10.936201214608307,9.396792053709154,9.713156545156705,3.2023553648816248,5.51358845454219,-0.048398388325972375,12.844355485969903,24.291625823612556,3.860609954916695,5.662357950246433,-7.503039265696196,-4.981547839017205,11.693799811776083,4.582729180986374,-18.011136025254526,-11.792568710489768,10.479327810552343,-9.953311860137465,-31.534889742968964,9.582343645808534,-7.075145214606905,-1.7074789868385163,-17.575710221394097,0.11750932152338661,1.703834676550843,13.746135677257802,-10.13401335326533,-4.16808700154659,-4.92902797411907,-9.048354739611241,9.763833006696894,7.998543449486285,7.088226448652232,-6.323102598515583,11.45553869655458,22.991209086444385,13.752204217269194,-15.453228357375004,15.251680688263374,3.9315461016973714,10.815792231187874,-16.368797540299138,6.063838065229582,4.513076096177669,-13.280866745296947,-5.619627728007834,-5.662478939854195,-9.367987668625634,2.9830271156215487
126,64.5192127061207,-134.40615043969163,-55.997444256356175,-111.8221223380968,-75.75609046433739,53.19064300010337,-87.34250765159311,25.59161673537544,-2.6619943993546564,3.8854490304384384,-29.236763534136607,-2.3054582180195506,-57.05968803167835,-28.284869593408438,-6.306609107237155,-58.13706475862656,4.675803050857558,-61.57244687588201,-144.1785166133363,-69.58411219678544,55.10186472819689,-44.63200642280929,-18.958934257216132,-62.22504032307611,28.24839945975771,-1.9013824540301776,-32.18050435037586,42.207890743118334,27.651276453547865,44.4064971286672,46.889736333908594,40.83686706765278,47.383342340205566,8.659102007697303,-31.452330079899916,-27.523533585880326,-77.17367767660213,-58.20703678151922,-76.67291767481343,-29.37770077205579,-24.16125024335237,7.389573270960117,59.29391668477563,-46.726777765824046,-46.077522205788924,25.818167802451644,-7.813423028588449,34.858728114560485,30.6121960438516,-2.6100249616324676,-83.1817817301739,8.212292956131716,-5.2505391269941395,24.32679173448262,83.92835709007623,55.89340491408958,15.466351298314944,36.621266749834014,26.10070351209321,-7.4412578918629535,-4.3898611077430765,39.89732348962317,7.289339545436747,-9.651848407663461,11.932217825008776,11.850736098737636,-5.929722613994208,-65.02558067726943,-9.537287096745194,-22.105735203368905,-36.2405417273673,-14.766745895105299,-14.95265324597786,-34.88950625319535,3.289201230881209,2.2389154925167416,-11.192805532442552,14.563907428669925,-64.80896182095198,4.220343266266374,-11.495444476950754,47.27590446006119,-121.8417185331653,-4.189419440048993,-24.39732358730108,-39.366677561328714,-4.226831136719588,-25.029395167888136,23.251998150879704,10.76076448087729,26.073545870837002,-63.65289052169337,45.10216575150796,25.92944552809508,-34.594133249809985,-26.173490879919658,-15.186368073678649,41.571083293650275,-63.98679024254322,-0.715567777485044,-17.681083427049998,-28.98428736020559,-13.16477812532258,-43.15157408488144,-20.99811433660878,-46.494645304731,78.79693618965172,20.834587176273804,-60.49054067615576,-78.24628556977126,-53.79838871587771,-30.59699494767141,-52.67551171493671,-37.14075102438219,-3.490319033880634,-0.27997418085199977,-31.835922352207447,-45.335202909076834,39.705412416081394,64.38877119095052,53.39676967669141,-27.3917300894108,3.593182730713745,-52.204471078420404,13.021506594855024,-5.534172132386654,-72.060818121523,-52.45019004169145,50.94211716345119,50.06348422771915,-17.411929200827245,40.99584819107593,-78.52436356854406,-53.54509581207168,48.28072119101108,90.70128987666708,-3.175440469024987,46.143605193889066,31.668581771420502,7.56158076579563,-51.92675603883124,39.87654493003259,45.7705988323161,71.96327200885474,102.95760008048805,-129.91785271428822,37.73679567518941,12.40430907643425,-93.66834854644276,-79.5362420641169,-117.35829049094251,20.12581529464902,70.3549859422893,14.353489046642265,-54.8448709691377,81.49489171344221,-42.67598655923122,86.96118009346566,-72.82970529188076,-27.38170594339736,11.729608243145972,-73.11592485797827,-1.9438078226120128,-61.766892550735264,-46.313392694678384,53.74677843511504,12.946248612731768,-41.972776678717715,64.83251740512057,24.19815633090384,-92.10516241523517,18.37184587252695,-16.30286448411144,-23.841190551003304,-43.8274594825355,-57.803303153916374,45.02737479603642,14.055966685436733,-107.5441726555692,3.314872582655615,-61.954767382219025,71.3977869490778,-60.69615392125014,-65.42557895632888,126.28156512737274,38.34267751377719,8.964461630045557,70.64154289253241,44.17161673975321,-45.501942797241334,-0.1107807369253555,-33.5215962254216,-119.52378226736626,21.65573746627498,41.19637454466108,97.33099602180454,-73.6184207678266,44.06930314954832
127,-39.50840911396828,60.19262486079042,15.26801099804222,105.14582944090894,54.23531862318088,-61.997278040003536,-47.71122350766759,34.168372278564355,-9.057564868134609,1.0041433802142858,-29.62429770024808,43.995878131865545,-53.442614658985775,-35.32751254779648,-16.368753650699354,-68.86780803600558,13.45992110394215,-50.556258036102456,-62.063697571894345,-32.346645493042566,9.182653712590591,-42.74168318844531,48.00655702389465,8.863508168783394,-20.101553421854828,-47.39524635760283,-4.313630348998726,14.234492297930723,-8.365650739812526,-6.870619718099926,23.05202383973554,-4.512777358723942,11.707768820241146,8.500922035666234,25.509598902682367,-12.122583727672781,-8.266033642460314,-11.635747185242192,11.36880895160334,-45.845564659233396,10.828197964706959,7.281412878459847,-11.949780556708292,23.415301919511773,-12.473659710162863,13.299332728979183,-14.694205515953483,-3.8080206423835605,-21.97956797108626,-39.013418858378266,-15.441685650446297,9.380359719963256,0.7850451574133895,18.28559225059809,-29.18853959549613,23.118569874190953,8.513934332216417,10.717107662448146,15.81741302932663,10.876563589523201,3.9119381826782775,22.08004488540077,-8.646443672652893,2.8358596359843355,-11.041220517741982,-3.6176952344036146,-15.67054162571145,-6.998014493380608,-21.128016547944608,17.455978835847777,-12.057976123550969,4.862372934425311,10.018711255547663,-25.683757418965264,50.45118822549674,7.542037905770943,-13.773263375098805,-30.415608620257704,-37.23718789626793,13.97600108577027,-28.377632062192795,4.1130638480659805,35.007264348210725,1.6805701183573278,-4.786849059463384,-11.253626529166038,12.968180250704751,0.6706378730356952,-16.528542325436135,-31.02164800951894,7.058767636771776,-5.247860740715161,-38.905532801700346,35.5958663113874,19.866826963174276,11.082055541881399,-17.26052316240423,9.51420549717911,9.235772195431178,7.043381599516358,-82.62604364444265,-15.19589678185707,-2.3300730793355724,-1.288606777140868,-8.50933396299279,-17.918194923645622,11.51652578875275,9.932306709035126,19.967278889762454,-2.8666007433791436,15.865484162240264,16.50070554072266,9.957521616211709,1.5260004131737013,-5.377474329735588,-13.667967382958354,2.001861785513664,4.793561255491203,-31.837656552714964,12.410583673852512,-25.42596187538785,-4.794839647378209,-12.42716673387645,-24.588493368561817,32.076307743241294,-14.806457597791134,-11.106997214085707,-29.306574695842695,-4.153397629633567,-19.33721997849692,-23.203820423682586,-9.127641359485997,7.209972518761398,70.67720101923571,-54.534064158154365,-26.69242197454228,2.194088325503798,2.1277897949128572,21.724591860329216,-5.0692714087637345,-23.42892320433064,2.1081509049891087,-18.810597363698477,-5.514877470041947,13.386663466486732,-13.826964852675026,-10.99269894881195,33.21636692089719,-0.9915936154482385,10.780011609633226,4.3972575711048005,35.054811071816125,-12.955578852234524,4.174702750997801,8.135805404435269,-5.771375320374998,12.401809629007532,-7.614254169485752,18.265411834821005,5.920073900489012,-5.603246665009569,8.399499729748365,4.073976879949223,-9.541375555528546,-42.1393434177911,3.3549226814131163,44.88236954759009,-30.303703839976315,3.309619470616266,-6.6566553203950845,-0.026543106198053223,-18.325004824059764,-23.787079762445572,-33.39648777308425,3.085258831358005,5.477706552699525,23.092524655314904,18.4702906042086,9.548270994954878,12.648962160961885,16.853906489675126,-16.069151064511335,32.36232931895573,-2.350025336886808,-43.98509519985824,29.837112442029692,-32.41690475015555,-5.131924880567722,13.285132781879396,-42.68714663224828,-18.51390078755742,-35.34772331413342,22.195281693270427,0.6249980398875246,6.152081659491156,8.268761430673209,2.655082493430317,46.30291921728575
128,912.8621713681764,-708.4196897609565,77.89730994754296,1286.1855232186365,-1052.2705824335842,461.2037634025355,1005.9647157783132,771.9819409232605,-49.87606418961168,10.520890527315817,-170.8281459650248,-48.29624507234534,-37.5480856178854,33.4635871398472,-21.628667361632754,5.892569334565027,-73.87382249099396,-65.4567798648598,-59.07982072486477,20.66076299332986,-38.6775907450946,-14.123282688628304,-15.18773574842287,23.425543361553657,30.47101518862623,-2.8346936436008425,9.512155818710594,-19.380622663705527,12.539906045985845,-2.375807654424652,-9.925888480948627,-3.518832435870685,-2.744908844237024,-5.201416386789613,-5.820258048884625,15.922034292465293,-1.9849547799741116,4.748824565201301,-7.183975651306406,17.4689072349317,-9.88138517247307,0.6668416513395229,4.717148354335068,10.330804721064627,-10.214559287176844,-5.664667855725181,3.3304646473722803,-16.954079701589343,-6.648020171300625,-6.007355375163504,3.7524067904687706,-11.388478115603835,-4.077873377320596,4.68008560454452,-4.454295527724145,5.570102103687666,-5.177203030653484,-1.2514391291804294,0.4789715285542422,-11.44907170191351,-1.1470991747313126,-2.7298093176730593,-0.6858081397689553,-2.4304206998972373,2.4460541592124327,0.1660912286748184,-3.8771077770595124,5.767290087536448,-5.151418954399401,-1.5424547759652074,4.463879279231726,6.299411987445084,5.645278943256854,1.0990843058678434,-0.4952069801858624,-2.3844538845664505,-0.21053530714274005,-0.18584224365794455,-0.8748670674208472,-1.5659444357368852,7.044279487721029,1.3582632376848331,2.8733851921942453,-2.4932668752574756,-4.67981923735167,-0.8333752011823492,-0.23411135382639348,2.2430004164374067,-1.1802196629842914,-2.8245374713138114,1.8096926590781999,-3.226423616560925,-7.844628903107717,-4.46210604875033,5.826718429545981,-0.8856454635793551,0.49318937249796146,0.5098834812471111,0.11922727002373246,0.5515396204309393,-0.1080484530717234,0.7922463498751163,-3.040492276150576,1.4780061457674734,-0.5162838507497671,-1.9164640762837055,-1.598962664123468,0.8156354926960168,-0.4518060881953335,-0.901705118098469,5.819817229236029,1.4858064079191153,-0.913991527374066,-2.354233766098173,-1.3993496441272075,0.22611272820440004,-0.05079093466240947,-0.4486756835177481,-0.9598224535732924,-1.4779126525049617,-3.0355361705415245,0.5437767769451707,0.33364176469411544,1.667409588764877,1.1512445301759584,1.7754671120181178,-0.6553338859680895,0.9109486624643642,1.0736272596538066,1.3234460187966228,-2.4459056978547107,1.1679663475375288,0.17299824344728354,0.6714573579010166,0.48163371256567045,-1.7500509715347925,0.1447126642522485,0.9291294651007571,-1.3573744840165811,-1.1060616596193125,0.3750823265613171,-0.11324827659354963,0.08255906514043088,-0.7972086420435822,2.0578911564772318,-1.562220553142948,-0.4590199107864936,-0.33970730807372895,-0.7108639134130772,-0.4863070808665323,0.7569258505354093,-0.11582909230064242,1.4456821100424708,-0.907804292096239,-2.2451026973928228,-1.0252026593785097,0.022060305584283846,-0.7037144367847201,1.817400886382357,1.1472597876079322,1.7371304146993873,1.2194618972138556,-0.05824254489013614,-0.15503677397053872,0.8848296811103165,0.8267793669410599,0.31871791981549746,-0.034778334164150326,-0.5258404283968217,0.5966704708194417,-1.7333236393945362,-0.18796521145510492,2.148213242136394,0.5958345622178025,0.15999034458083577,-0.3295028807685536,-0.4478686086175288,0.4356312812882246,0.4878882142065351,-0.3540502779558765,-0.9309313412992362,-1.1794826388462127,1.1328427857833538,1.8220219633058725,-0.18117360545681538,-0.43587682747089507,0.6464588902561985,-1.2460715760669214,-0.25126342508178645,-0.2748525212014853,-0.2946284012689626,-0.2774361117677935,-0.3466899069922915,0.4966634644515908,1.042521954835244,0.56883174955465,-0.1003384916197092,-0.45129780473833736
129,43.47837829603077,33.611453260759966,346.39863271217297,-26.92310029555926,175.91781264729485,-84.91166690154922,231.56804986473205,-67.54851626739986,187.2943985060737,-50.969016498588005,-86.7146162000689,69.64854224350529,-185.9379382939422,119.41565756962261,793.2301866380061,10.70283812343606,58.61334978419546,-183.0182608045156,-152.1234423531259,-158.87039538581337,-145.83097384987667,-26.516177729936384,217.79990605008496,-87.26001302045162,-182.71675500127338,196.55062196380027,411.2534508944649,194.12403552811136,-216.72320788364163,260.33010951997954,-364.1263472151461,60.31024026242957,208.40928677001043,-165.86035224317592,150.4939552244685,11.535817195499062,304.4690762280073,-79.27249961026334,-202.42267382717216,120.82248670210389,32.57453554084555,58.83985401400893,201.82410865875005,5.374252380681249,95.88609665668828,106.34211993779226,28.685991890313534,-95.06318709474252,-2.5820188473312684,68.92760944965319,-71.44337096904759,-17.672947988855373,35.86025291867656,37.273439505799445,-33.68958083810355,70.68373627341883,36.145273806313234,57.32504348878029,4.843832241570236,37.93176156192986,18.53369381551805,-34.743217226761175,-74.21431905617705,22.49555636241152,23.200770012631143,-56.639874444280515,-68.72404896766575,45.969082120109675,-7.858000047750769,-9.19975161978656,-11.442466244597075,-15.95388415340155,-19.9432727864251,-1.2110463541491072,-15.223571755551179,-8.629237565727149,-18.065203894307242,7.344480580670601,-68.42547193690919,68.32885172931354,18.64495221877826,-21.443727066515905,-4.497638184880552,13.493758559254077,-9.837851478965309,37.75276189758785,-24.298840030334926,-9.45952153857918,-13.099598301158252,-20.606308975876992,9.561990274859523,-1.3095621693169543,-1.6813963361434165,-20.98232128062354,7.043052621221896,-2.5969307081142246,12.161613512510783,-0.8897121532375917,13.69266319545785,5.423958937963847,3.996687381220717,27.665497524456633,-8.352692381129744,-33.46401115206323,11.217305517383226,27.53387148172306,-24.151097646047827,0.35216668266192386,14.34604302181626,16.29654796302695,-15.347139912853551,-0.5732815665090313,-0.7125537459897068,-1.738260808831965,-20.219894132309125,5.838516582532777,-5.910967016739013,28.776208758675114,-0.37527527185595266,3.5433436977798776,-10.624379144447865,-1.1122285068877282,-5.05688654279309,-0.7927823839615236,6.235161376338928,13.818456731899694,-21.159678334023493,-6.125285996847383,-10.331954416671104,3.0918767813262282,-10.723805239977922,9.247780635652244,-11.285852125189434,-8.45561282602819,-2.7734775643981564,10.293968977826356,-1.514865326393755,2.5969542387815183,-10.111306237529416,16.17600595602656,10.795560366422713,-1.9400680941102049,3.3030556965184443,0.8662848462446471,-5.435788253701672,9.934821389488219,5.218404747267172,-14.922597580004377,5.425538376598344,-2.650360090957159,4.9222522320087805,-3.3826491254241104,-6.826427629614201,-7.562442591714082,0.7492795054629651,8.0675072417682,-5.811839740106663,9.898463927722853,5.692319460948248,0.6827493610633955,8.00101429612582,0.7240935981397827,-0.7055460085464642,-2.2465156762244702,4.64573108942041,-3.5158640782313144,-10.60101152503979,-5.820297941089006,1.8535100330940957,6.518230197791841,-3.0667060280687104,1.9008425175508847,3.7876572395429804,9.911210963150747,-1.090716941861865,6.637674977908167,3.7156851800507384,2.257957702706956,-0.5514993246259039,-5.089465033018746,-1.8646424767896108,-0.8045952576971228,-4.340438224889947,-3.665380657373036,-3.0479351505023073,-0.09255426450597903,14.27274725060057,12.704632219789902,-2.036211353218989,7.3508576576793825,3.567995401893896,4.764760060911109,-0.5232783450162113,-2.6700249565261593,-4.753634419196772,2.4001473647501586,5.10211730016173,-0.3206690835986588
130,-52.23494916622879,80.15008088123976,11.4563848781303,87.60181948301175,53.79843245511605,-25.633448335351865,-16.765892673142226,42.17707778605022,18.665143224947826,-18.83884877252928,-4.58145561367943,72.69371722799093,-70.14452477680909,-62.247782919801516,12.219753874134337,-67.26403819833342,16.74971784547025,-33.10478942485579,-33.20790152614547,-32.37030617875803,70.37038792558862,-32.95970310827219,20.167520342531198,-13.579912249790699,-8.301795717579008,-25.967959510099554,-3.5202105969467525,12.182120882132207,-14.428842193005396,4.218043723097332,14.763812920379818,22.51726366147694,-3.3984509272814103,15.857319051754843,-23.17152378722699,16.838626708109356,-29.653862816536435,12.946488100887736,1.2531831473901391,-13.982818493782133,0.6242190803394624,-10.227987926383676,-7.930704951150022,-38.10233155404816,-24.023997616528803,-14.319760258572584,1.203897447447087,5.739186294605245,-25.910099707388582,-21.32620835037816,-24.543854851038276,15.92443909451,21.96599112300547,-16.868656374283834,-21.034051925961897,-7.193998747742988,12.31365798284101,29.055068781205165,-10.415914577771776,6.282504329644543,3.993913292853826,18.731616984731755,3.175144608391774,-8.206716989597417,-7.6705288658138135,-24.495384955251915,-25.77822335823708,22.61994648159728,8.215563975464303,5.295128775318448,-0.787941999075841,8.474889502009427,25.270062056893337,-3.232397055166194,1.407400451761398,-20.704047864041236,-11.621182851794394,6.187887788070491,-14.525109294956316,-11.683293286505318,-14.007549929381405,14.87929476614827,7.879610853784065,-2.168757941013257,24.75047059215406,7.610728997513497,15.143413971179076,17.99474248515911,-5.18602607447398,-31.00226360933637,-15.026548033518434,5.312824116391399,-4.1207905182957845,18.01394215424682,22.177394926703844,-13.107305795412524,8.409909035793302,-2.3187123510940046,20.728481933891086,23.705601873812707,-45.64047883081758,-7.389749860762972,-3.0899752182811064,13.355334756964977,2.512218136303812,-33.42197165871939,-0.36949899316610724,1.1469970544515036,13.756331509503221,-12.370822926031918,14.721845319704,-4.292226254526526,-6.390486794417514,-7.640821509456759,7.580014588315148,10.64099560744694,-5.862127157179308,9.820166331186652,-0.6977355936363893,12.686410398150029,-18.852964143164996,-2.8612495365304276,-4.695957730287541,10.143109665164777,-5.35515924447416,-8.692276223816439,0.910359928026518,-1.7373384992132173,2.386152583810113,-1.789731069256584,-13.404953027661167,10.614645813867785,15.12095269898877,3.1758751018293,-15.580427661696472,-1.024158886028481,-0.9002198685073812,-34.94519218725689,18.42639579884336,-22.685693457141234,-1.7448039258179409,25.62013098026094,5.860003365792951,1.369627440284746,10.43715240105109,-3.6285957941998244,-0.9502416108740153,-23.08918610548796,17.3400971797335,-7.098379944933175,-17.204044348769038,6.770447638168242,5.023673455167108,0.3573633030385184,6.12731062277265,31.772112010088495,13.861562777140293,-14.05353559120026,3.3052543771587803,-9.440533152656455,-10.725647749438608,5.897043823532548,15.788091207486385,-12.55965872105841,-8.36824528086099,3.1255036474150693,2.0380107844846096,-10.740739366939405,-0.205364178486786,-29.35949567290238,-0.4834495762444668,-9.97155560754023,-12.663029600592399,-9.854296490518957,-9.354905607478742,-12.07030602575795,6.2140445700734155,27.350910490144077,-12.564537024702418,12.665275796324297,9.080731967779554,-14.254012660984264,2.0937544927329657,22.105552187440065,20.53832323501633,-2.308485036665227,2.3302554609702626,-7.775305264911965,17.600988214592828,-19.894524375369627,-0.5752077939194051,0.26368735121459386,-1.2279637084425354,-6.735197126149375,9.39923142659835,-7.235199404394086,-13.520055732949862,9.795560792150335
131,279.25546987867546,-416.603302330595,-22.743962802670662,115.73616109086836,-231.09238210390788,-376.96277920547124,-292.37823186785397,-159.1849833347979,496.5036530192413,-453.3670893761008,-346.9577777683049,960.4228045826738,431.58481548364796,744.5831697178623,-155.3742635804256,176.9705244889853,-60.04668606776055,401.07840167906704,-422.56208038727425,6.2719038841823025,92.72814441615824,-100.58203330645324,10.239253765064744,57.06343006334337,-91.24093480584683,40.469499750077496,-86.56029932436978,-39.74613181053578,-71.53171324383794,-64.39529327285463,-13.116340459051973,128.43558349689215,19.316179544904717,-11.9498513979534,17.73949573524022,6.421292135433941,12.954405104495166,46.63130805565014,11.692006650475497,17.44576198714092,-26.401263361925533,26.730425022520365,1.9898337636950747,-55.90280731735886,33.46364510124237,-20.59003717385879,48.051273769332234,-3.8564545455437225,11.785146099184953,-4.724439424646878,32.675904755591155,-11.73368884004451,-4.221653099985176,2.0587499964831126,3.1847722039532815,22.671287026784476,-2.6922415556293844,-38.686614163132056,-13.782195916333215,13.907268368927456,-3.499755323626753,4.55378173851048,-27.9758461956045,-18.24782981555537,9.491799589482014,-10.212561834902225,-5.14405776613665,21.765567301414418,10.732219422006638,-6.3040272383729405,-4.723563145433585,3.9046392023069627,-7.174535432731536,3.0194596820035255,8.59875362546152,-18.468074752733948,3.527344105245775,-14.8737281614546,13.658663305617257,2.1271817262253347,-5.533848198234425,-6.886128463788655,2.308989506527536,5.9975316138951165,6.863632706910702,4.746147981595714,-8.572472522383574,1.7302052268160177,-10.020737156430709,7.877141634541023,-0.6779806194330917,6.877419196973454,-3.350218922849531,2.6831751945777125,-5.684670273809836,1.9830129354928174,-10.367754055750128,-9.106113894813607,-2.388825800520509,-0.8238463584229658,5.754419845105025,7.351359973213708,1.7101011958482701,9.713379724245046,-0.4512274410218089,-2.230329996263759,-3.0145899706602255,-5.709553257202709,6.497927856788297,-0.12390617737130122,4.373320762476509,0.9004554335067988,1.3003994613329461,-6.083317737055616,-5.032325055867633,6.128458130998534,4.552124721644665,-0.7957012337916474,2.46638194160506,-2.4924075722505394,2.687004643451392,-3.4025189865395165,-0.5979259065858504,-3.8031986221024345,1.4258532740674414,8.35539622934457,-3.8440289699810704,-0.8159520487809647,8.76600931804554,-0.6845087404120674,-7.90718084976231,1.7818995792427081,-2.1559702536485994,-1.7391369383873458,-1.8538793031210394,1.4464430017604826,-11.86719290964983,-0.3690551542290096,-1.8619432441043684,0.2644255034210438,-3.7293018067254096,-3.988878416678569,3.7725533252596968,-1.9734311660717325,-1.0966780999210133,3.6329786948195517,-4.478159756910974,3.5723052694935054,-1.3134943506003345,-2.700076838740081,5.73923106848482,4.799020155147388,3.6079871678354913,-4.323686060115124,-1.3715144595814843,-1.4673493814599834,-0.7250512455987957,-2.12036381055411,1.9494072113280865,-4.318655843124073,-2.8166562962797297,0.45627705000136076,-3.4818701473466187,-1.5403857291243002,4.304631805553237,-0.5655896843016155,-3.2987661751615662,-4.581165188763256,10.008623062598218,-0.8520785138891371,-1.5405265582238856,2.7935296268218845,-0.5160408475585958,-1.9423423901126198,0.08080983930686877,-1.8090276015006954,-0.3401330827670865,1.3745874749194273,4.070655815404228,1.4817225805028345,-2.2049015143611452,0.7644997752409616,-1.2368345322106684,1.275043399071723,-2.338518195251936,-0.2461321564724755,0.5784476538072754,0.9997850347416033,-3.3852414100149613,0.09091322720348494,-1.3780525865621132,0.1628012713249758,2.3770793095819274,1.272431282836843,-1.7019668759585176,-2.858614815703642,2.2868731312090436,2.6536588578678204
132,-8.7490906220386,4.036358895496468,9.981531927369875,117.03670883581809,23.49245497919539,-105.78134696000163,-6.906802187353745,-86.48177427434715,39.019248730418774,43.86510924821537,-114.40068995556766,-162.87463555670152,34.39036592544073,47.302202474370844,42.95064696529345,-11.22243724641776,15.62526589984198,-23.132787555385242,-24.584173100137026,9.962887876192173,55.34976993749079,-57.863306946772596,3.2376502450177655,57.941995913392155,-38.044917606204535,-83.48126195269327,43.95552469000129,43.96913945831181,-39.13972362639062,-56.872294120882145,12.804051041816232,26.780924870279936,-29.618337415645037,44.89985008656317,2.8087870094797225,22.098465167831254,7.484690982960127,-14.643779076389801,10.754582881056214,-16.996024445670354,-68.52908415072544,11.902998123943263,-15.868860175067672,-28.009652522818957,-81.86242633232317,4.664972562197709,10.777459420571043,23.43365806805503,30.697737276754058,-54.42672141501394,-37.87069127530337,-4.965650908867565,-21.21589899931041,-2.8007028656000927,-37.95641293011701,-2.341949927531469,-4.490220925997415,34.192804872114834,34.80052538627733,50.60328431927229,45.97197683615091,-11.236655026659687,2.366095035106702,31.329525311387393,-50.255530005033904,-13.53845960790501,-43.79246830940684,-2.959988182042536,20.98407932616134,45.386112125462084,-50.150816192397414,-21.02218051324484,-21.868836109745217,9.14541418468924,7.423419745288996,-34.949675971188526,2.46039970936397,10.594369367943688,-35.25322743726883,-60.19187143909759,-36.17898973535467,53.530662716239135,-19.57435177967737,-11.114352688818164,-33.158529429604364,-38.52426514472776,11.47667853230848,30.08153779139059,5.991248445199226,68.80272790548675,13.215514040591714,21.203708358540162,9.420273617207359,36.64811890624097,49.83195024853673,-11.532033959685256,-32.45417092154339,-37.81077786536491,44.33638177645553,-9.031037357638185,-7.897419429442154,64.87000626361097,-38.302519517282896,3.6088057230972344,64.2029525580473,-14.194827243271584,-23.9805704097468,-27.9790109873369,42.89543917744293,39.5527004995049,-87.09056001120359,38.58280991516475,31.23196099711125,-5.5611541554826935,-8.281931110655794,-13.561805102438912,-16.352379684431103,2.628130993157585,59.01366741895348,-36.11947691966259,18.655333343087083,46.11078929261877,-8.49282064864823,-23.85122654530404,-7.965459337129703,-9.100426405333293,15.400135286863293,38.72662345021452,13.252626471600298,-45.887060468046606,46.15313627752058,15.756678406174025,13.755319968989731,18.126063306018096,-20.049058289551038,76.97230978034437,-85.14430662615774,-73.51701416299478,-13.009312603740298,-35.14208498827868,8.991709728605626,-31.684427096144137,16.129819494959083,-23.160369220555594,-13.16299606564314,23.27424817365886,45.57232282949887,69.492785760784,-60.98331546731018,40.04412986989028,18.983561082647856,80.68930729885413,-51.40644553369784,-25.358881377601698,-24.25546552805918,46.365087782136236,-3.229233332467466,7.500144937063125,-9.243882443670197,31.39975758179751,-85.71318877100234,-74.43771310710328,8.959919661662145,32.908531149616266,-73.7013880663282,73.26522266013562,-38.20932738053275,76.38032713665149,6.032772960339728,30.64812267503403,-24.785971970273444,-0.17850784028982414,47.45109006740975,-75.3399473777053,48.64786389869003,-36.402076853160835,68.33295037184796,-91.74721879606761,-13.761540253118303,53.3763953855578,-12.171654744688082,85.18982771716831,10.479746793668756,49.967720898224954,-48.67978614632928,-37.6137121932002,-110.91642446715413,58.85122799244604,22.59823730802229,55.908841185757396,-67.66413055489207,24.668636893956506,-89.2420973444839,36.92725339332214,-17.663553982284075,53.67237803504366,86.29626632283095,-4.995131750874666
133,232.58088851887177,-321.4733663672947,-64.72882923273089,-63.291262979797736,-108.76204019576215,-131.46879671413515,-161.22742130553723,-4.558230588730602,100.88515815140114,-82.98738496210555,-156.5878822170488,83.59291358493567,-73.6080923740876,-92.37855325965029,24.105425721280195,-86.93334665448462,38.83457838702643,-43.36094886147326,55.0077017251041,-159.40758185562436,101.77524246552805,15.203258100752219,158.68384885901315,-85.83106140794312,-21.381011568363558,-161.39704806380703,421.0022390201866,35.666862442050274,210.29829184320369,-122.12540815008275,622.234542269866,-317.0351885327177,106.16334904677137,-47.827113118975035,-336.3545874421911,-387.14774515653266,446.85569146918607,43.217671357337096,90.31339660626224,-99.30039179511164,45.98197190633204,21.53259433352362,122.42264965338875,-15.221014642051818,90.79936989011681,-33.24493639575687,-7.973638121903941,-1.1058637808160992,-13.221986259824334,3.094164279205012,19.80665048240072,26.774894291000074,-67.10766849012776,6.600149994920708,-76.7414552168005,25.944943879119645,-26.243844844399884,-69.75501097842304,1.4749794827051872,-70.4508999732403,-47.90164672064872,-83.52651330100039,-1.484869769643625,61.97925598433136,-18.346174929152152,0.16779011534914323,-36.75971759386552,37.774165709839025,8.131529274601998,-16.961629768923963,-17.67461333409344,-57.52166815284754,-29.47273621354905,-16.260863637724555,-29.091655997841638,-0.6864700375068107,10.454943246612737,-4.887176532128804,12.757504488155279,-67.15843429888064,45.66053320486314,-12.95926586216148,-36.09124857076428,-23.650453239667584,42.449839134156136,-3.865726739554432,1.2161182163297068,-5.548739453373361,2.183263812381825,-27.11606475886471,-8.531103923019518,-5.347537555192451,-28.00023108633492,7.951659506772663,0.6078478895600113,-0.1168075786579803,-6.6626805812654,-23.43075336070093,-8.95121062738161,-7.332317338747654,26.70960739791489,-17.084494051492893,-27.934625543031384,-18.053494270730713,-10.67434486499995,3.0563134147729287,-3.432440221366258,-22.851208078232276,-13.400803011558896,21.12948734157948,17.237929047541833,7.783029656319805,-24.33967549814612,-3.975147828777323,-0.6390126013521615,31.298328143312045,10.185498047334645,7.10276899189679,22.492857867757504,21.786211485649744,-9.136146302774206,-9.587604563085455,7.7550061343883625,2.028266807146566,-6.018893912176022,7.6830502290402265,7.396740774260293,-4.915600855027609,5.986450512371061,-3.9073285076879634,-7.3390863961017985,-7.563116206017598,0.025738783745787697,-6.023332786569117,5.639052083710555,11.36635867909633,-0.255317408264915,13.513529928634211,-6.953678869001933,6.531101585716162,23.626443922294143,-15.909983173466768,-1.3338661384402615,-10.305872728462223,0.66930095563771,-2.2701375400133728,-9.921243247966881,1.2651491427286155,11.266681052659349,0.4174492662864404,21.348311002578754,5.119860301846638,-0.6305132561920308,2.7503430654226033,18.55292994916574,4.16090553304612,-0.8036554551567183,-1.2147327117447555,0.20062274128827862,-4.553438548816088,7.307493888912684,6.694618465700555,-1.8955438926276469,-3.1706856939010124,-0.7014439472590377,4.851982088291053,-14.666409882733578,9.034269723185622,-1.3687933403999317,-4.311828316502788,-4.915774295244205,2.1793330877036863,3.6117733654736046,5.301281209506435,-7.152970728883876,-1.692102104975851,-11.327275868339118,-10.118745262558324,-6.461714407467963,4.209980791281859,3.353393699906637,-10.560522146351369,-8.08803867995937,3.573837022203927,1.4550802857615535,4.197715081358944,1.62773286228531,-1.38439899356537,-2.3449417176576923,-4.202630179150152,1.6784027894673241,3.806360847412429,-2.082368578503428,-0.8931462773133789,-4.312580718331362,0.011140136605190643,0.3417288262309379,3.2374609838592487
134,226.04705335584293,-255.54216601078895,82.92178441947306,240.4126800762644,-155.27518341615746,-297.9562077044177,-303.55709553296305,-152.2423912163345,38.51400990773294,-84.84952003504716,220.66284239934916,141.15302824616967,10.980737740247235,99.93404175799051,-4.271842300492408,-220.32504283770083,206.97331339289562,-384.3008693570715,98.8014245371765,197.8061924465825,186.0287907254181,176.17573709936113,-111.90337210248362,45.90669315869674,641.4463694827997,-68.1494574288408,227.67980333859134,-28.22365315861778,-60.924324190503306,-104.99751940442762,-325.9613624377125,22.366873676359532,125.59491120356098,133.00029731084868,-118.71964184566808,-100.08381495503588,-1.8071785940638758,-429.9638713707419,258.97789675355074,195.24229336142702,239.48079762175263,251.92251822246675,-142.58060377699422,63.909635101500356,15.692377889866972,7.383147327516821,80.2020075682643,32.18049683876755,88.0585789377104,-75.1622437414342,-36.276962523116126,-18.40487960267547,-7.086553037551388,-82.76395823558883,31.047794758390538,-6.856095032958307,-47.34402281672182,-47.688704554152146,32.61257351516255,-23.583187751868692,-2.8029405266245497,29.363903797098214,26.542806653185743,18.041563017747976,32.70380867991381,-19.40751869315245,14.421823865766338,28.227761504396195,-17.275554185060834,20.056204562785076,30.31284271019645,0.05707105151181979,12.301196705596695,7.209266769394113,16.82208289353819,-26.000685906911514,12.084621617922592,4.833755363031358,16.23901498111266,-4.696938938978666,8.187710551376616,-21.545520544439043,-6.86066823988567,-14.534904596969305,20.49977299391438,22.75200599999731,-12.153914636058952,9.548615706683583,-22.830424845499973,-4.442980050621207,-15.533593355205085,-1.137614317756184,-5.732956193933618,10.941968753247853,-1.5479406343764426,19.686205212164932,-27.48008027034512,-10.36927558056025,9.285742935091157,8.507612697938518,-2.7532374542419853,15.315245897302404,-8.050147492921214,5.654118533391681,-15.4927566555662,12.829634106550994,-2.337748881822709,2.2935838175310272,9.261158601590394,-1.024421702868895,-8.443472154949152,-8.529300122776483,-15.819305652496398,3.0309984189454307,-2.1599717719058664,2.3683802669816894,7.924975805187287,13.54331845624652,4.1064427330036635,-7.59101324951435,10.99188753862665,-6.523455141650265,-7.137474924301323,-4.8205912993554785,-18.313751961574834,23.287491501560332,3.4496601381620438,-5.593593661641078,19.614129622857792,7.974447013323718,-14.725976944827842,11.16628354785976,-5.104120299584732,-2.9894979020186874,1.55195468446884,9.689030639109696,-4.172942970320808,0.14439910626784158,4.65481114107649,7.330310085766164,-3.566828339106951,-7.6671469109464745,4.153986917271721,11.296551615513522,-6.590227509373635,-5.056295801252972,-13.95554298336468,8.665795126258592,-1.9785113786631245,-3.0263643132465754,-3.7485882431366964,8.893984582710745,0.3318788748676833,4.726436895212117,7.2730123099157655,-6.437054602815671,4.167881435185366,0.1665845208287,-4.606467287365437,-2.1044950647771232,7.884182542131246,-0.16341158247936738,-7.89762071874401,3.6092136617517214,5.976709321210556,-2.1847608285080375,-11.01062853650883,-4.561450499317826,6.220557415627688,-2.921454516082229,-0.07549808189222107,4.54801147237967,-3.4121960775513878,-4.943213041221008,9.762250669462263,3.1334988880498376,0.8424375041618718,5.255625477297991,3.119889538986198,-2.9832935662888684,-10.449943580697642,4.429667101989218,1.1480154040076533,3.7117631397876183,4.796650087751223,1.390846394374628,-0.506781887306734,-3.6575316963842552,2.1809106890811156,-3.4179507334695463,3.5740695200985035,4.253989172017702,0.8629919486620327,1.943102964866958,1.096302226005995,-3.6242878359516606,3.288593661675269,6.774834489501287
135,30.23834132201341,-82.06435317864528,-45.31752050598747,-62.07379048411503,-63.850869963279955,8.55924718126496,-26.000948463860958,-28.673050440680388,-5.250516578025555,31.125499074466983,-40.06836157246663,-104.17359785192892,21.719043668104344,40.07372602617616,4.518339692589149,-0.03623611306374541,6.212826279530378,-12.962761522663254,-81.0679056339193,-65.44094480798901,23.667425557625545,0.8850099852629176,0.9941685957290558,-69.99662711062052,24.091286153080983,51.34248450960457,30.370733008386928,89.06094212698798,5.536611408664576,-15.426497174515164,56.19275691833443,75.96446599390624,-13.921230065956046,18.99348565485142,-46.24784736605984,23.000579830081183,-69.95153109199352,-16.014704997628584,-36.75375685002618,-43.995677842679974,13.3132872506391,21.20593381148497,35.85554839936425,-25.37751114072932,9.130181858998435,-44.29584556873035,-28.115072037280427,8.10412329598418,48.513389816553065,24.73664618029778,-110.15097077312699,33.4422313994331,-40.601004821945075,-4.3913178012391985,83.63527057553237,29.84200119926678,-23.113718135263216,29.000582710385235,-9.71955334414051,-12.280059631017119,-29.90766005565462,26.45177211885574,-4.500103379871691,-46.034957355391455,6.192434936025288,-26.73810049081274,-19.763691197381526,-19.02107012186449,5.953061904215099,15.748518240874528,-35.63131724380796,-34.87706208689207,10.947655985048032,-30.471235911180628,27.289317135845504,-0.035376801029266325,5.160383995131639,9.446116789718493,-45.82173358443674,-11.145008732158349,15.154358789869544,87.29951288933397,-66.50801674553816,10.36316884262264,-1.0867763457322763,26.902710139748606,38.615399102794626,9.452733842959288,-37.02867116627344,-21.67802908600507,-41.90162797713279,-21.917726873323343,70.14749574093622,25.945053911292547,-6.0685686724775225,25.470971374225275,-43.997430102082554,48.19568310004607,8.020323591138508,-40.17040253306653,-4.652810391587602,17.432931656408915,37.974863354597886,17.774130789980195,-34.11387026534972,-87.00630973785432,21.814021666726404,34.07263846658872,-14.154823606458654,0.3985527548397721,10.508615556122074,36.468022795029356,-16.361467635127095,18.42889091981111,22.450544376207922,-32.566103630151886,-81.06260293503853,-31.34736988280866,-18.56317465718059,-9.126195661186612,20.73357245163421,-12.321562122228446,-42.659568071794645,4.3602799780746535,-17.84044887230272,33.348617812217434,-5.469264530899195,-23.934819509860723,4.092182454571051,14.021811366232418,-9.401349506945966,74.86199608801064,-16.848614216771868,9.550759842966643,-2.806449792987396,-46.00537026662306,2.1197720969481013,30.374095425354085,41.02560626172125,-26.96836412562198,-6.281414510287727,-44.69927983251057,-64.72225559774294,62.64826365329461,63.16559768267138,-36.19211971918531,-22.73680671112293,-70.12039342303129,79.39057325526873,3.911965255525356,-24.01168190952244,25.068110414329198,19.91697650940696,-23.625576530922817,29.217732147762867,-46.104069675107816,18.63190006238677,24.74195106139399,-34.4921113679821,-65.15749432926164,34.49615680057527,16.934021997382832,-21.747453584600844,39.200270191436175,-26.797289997291607,-29.450771245155078,-84.13319564751498,-14.072850022297091,9.978935522914407,-69.61935966516296,58.71426797034823,54.235764832434384,-1.240271648814018,-21.40087372810564,-102.00158718846322,2.323494366825802,42.958692215258104,-18.237690994774805,69.68111250224202,-41.59678036301816,72.79383741572993,72.35543015676403,0.03453701077290855,36.64643080185525,-28.980927658194254,2.280558750372728,64.95770557689576,-20.5509253214434,1.3890315493969552,64.81096008301785,-11.323702288120073,16.63339401659819,23.482699685172385,-74.23697676750987,4.533655735554908,-65.44270425343944,69.7132206238756,53.50644120972463
136,-46.04438216172863,60.64444457206789,13.568668075212106,77.76847460901348,68.2567669770888,-55.994117861303636,-11.282962602918776,34.31374895302658,52.80524836542656,-56.00883669031802,-13.233632807385277,83.09631143318354,-70.67233521340066,9.517716310860552,-41.221447082388416,-53.050844355157146,12.763252464377315,-70.3406290086925,-85.03818077232836,-8.180655016964588,-3.527173482593819,-21.414362874359394,31.64935463054244,6.064683286940914,33.78682487625406,-26.954333656974956,-12.255387728811167,35.14944655614912,19.207422733914584,25.18308455635708,-33.26444837755701,-6.380343326988917,81.75509575989489,48.54848705988981,-38.70890138345497,-10.884265306891356,-3.1051323943206848,-40.86632994377306,-1.389900083203998,-6.268795871661973,6.458587929328544,-35.685372982570684,-25.853656534248415,15.635840142462225,-30.029869798912234,20.31166889091167,-29.161490369791633,12.832890698404356,-43.25573864901763,-33.37258436552069,-33.418622838559195,13.092216063127951,-25.552998601620555,14.774556153197846,-62.73702674025543,-16.62306107935107,-15.389299586273506,4.081131461936249,14.115822333752261,-1.8725198516546673,4.9767840416488065,-12.32631410302604,17.412274276623023,-22.547611705231397,-43.96596362678058,14.192999415266076,-2.926251130644357,-38.4561209809449,4.492248154591278,10.047020381519882,-34.62058061408281,-8.988604803138514,32.21867270890998,-30.6567994541947,-40.45890967248537,51.07505384172608,-24.99009643646268,-10.245391661772318,-46.958744943525545,-9.707750791935705,-12.324290357226873,31.141837898098615,-0.8640735164306171,31.568568247854135,-65.85915684339263,-25.424035489207725,36.51068172931962,10.602649376609348,10.595993270345925,-25.234384089607474,35.070658090660885,-2.702282486464316,-31.761163208246494,-5.655019043915763,-4.525547865885302,-28.80570420954055,52.2512684319478,32.13855909494477,-0.2248879035588617,62.97777778318429,-39.20645195668627,-18.07637455909615,13.364891330853668,-48.98014714074643,24.5173237663478,-15.607391963310505,-7.489658402756382,-31.422087519372884,-34.03605608283488,-8.275536046541921,-22.92807036474725,-7.104347937438399,-3.733487807937374,-17.03736838096085,33.55971813746415,-29.068456250844957,-11.591851160888293,-41.91133978412529,-71.22774583551995,-43.13177820123185,-4.132518354405265,55.848316866166094,18.708362857900386,-15.114554912509384,36.595092293611216,-60.25981943924236,29.82740446291906,19.84324790764985,-53.749270021713436,-66.28612389358648,44.283521747323135,-33.27160794545599,65.51503264609416,-15.828558239923053,-36.64988069907898,-68.26344400259096,85.71827240277962,-38.02520299819593,24.09756055444084,-29.093731279420115,49.387147615732495,55.78910987739797,-2.925104443131978,-26.474544393614963,-19.34261779692438,-0.6145772008495104,37.62079732890923,-50.48599679383919,24.761969530372784,22.227689716105793,25.853421565616156,-19.00172448134247,11.46030929512984,-47.04594453512232,-5.7401370471859625,41.61603093029323,12.866002665667455,-15.920912876386232,-5.624806421732504,44.48413837132842,21.292281415073592,29.270632874072724,-2.8121129711286934,-66.05335841120645,-39.37544550709552,17.913793249195624,-30.12012950987161,23.924592698735157,-56.91336786719084,-16.688795079221748,16.499222608395545,-58.18608177293606,-34.87063191181657,46.11747975956584,-56.32556750473254,1.6324454287679642,17.467619760155436,-15.279954699369437,7.511753067091478,40.46139554044956,54.99619910529853,-10.853693769188531,1.2591149361823641,-21.825657020267055,-54.769084568775455,-57.06234390498698,-44.02809770285964,-43.00511743680477,12.806381463349563,61.134814238239855,-9.355524152405007,-35.339181563609955,-65.95916235021984,16.874284845353014,7.139709650409824,43.942075996877136,-78.11877194584108,-30.20291812457688
137,58.9129858746433,-156.48234863637046,-79.86125169151259,-177.9707088746789,-36.412391158111305,49.283322626277105,37.57192940057605,-25.397662438682403,63.899021674654065,-22.068500238735353,4.9849103795490795,-35.6475199716709,-160.21185658276715,-21.89502540583027,-33.38897702803942,-36.46036649206369,-43.84876849498528,-63.452485047370516,-148.4202549404705,-36.17920867481607,42.37371266485266,-60.20089180255124,67.95818684383497,-69.99324780710309,15.523294023041396,35.36814325437103,-32.08103902234943,63.03685974133971,-43.93908254877456,-78.3646805929402,7.679688270503021,-28.47694745054274,84.98432351583956,44.28514353149142,21.42126977616484,4.359173241600804,-47.27662852427338,-27.221754187187294,-35.01657264473479,-152.71357350449586,49.015477812561336,76.146675486561,-80.05544249113146,-55.64459784658153,0.9360102605802608,81.2544067532112,-121.30860900414207,30.9179946372746,75.3032487949543,-16.735009867052074,-43.556724552204464,47.76827712420954,58.41797711057442,249.74620072383013,-10.276691332906896,27.623343371837418,14.934539439314314,-194.75722099537606,124.09093858288749,-72.08739719841165,-68.72345748360686,243.68603259374314,-138.49767366890518,-54.086237829499844,-268.0095600344561,-35.290737226729895,141.51428354113173,-131.66171028267388,-46.87490834748519,-171.72401529021613,60.91852425622329,36.75488066585529,-119.91334975378133,334.97262855473565,227.23154214773015,-87.06167448112761,-15.56074303173446,-2.6800236155162613,-130.15480365314667,-39.57399204504278,-66.08504487887271,-51.24250423968573,139.06020708921196,-67.00675677198147,-40.666795242126994,52.20882513732823,8.450088527412635,80.34413105126718,-8.838017045069419,-76.35454152541912,55.55023830715222,65.0073435249024,-162.8529142749199,-72.35863279708745,-37.65874119447391,107.09309014926471,133.64219230404302,19.167371525410758,25.80128557257614,-81.78345432992107,9.464048899284068,-38.93900815611407,46.63094338986008,-26.219034074507732,-44.07485831055619,-77.5090370238173,9.927085356771396,-23.07816286488293,-64.50283480170083,22.43351137084793,23.656818113412893,22.147264533874658,-28.422592096980313,9.317346216167707,-33.68613047819341,3.5390589126602388,-11.699831866265573,90.76515120434708,31.26496714946623,-5.261389272906316,-69.18175914634723,26.486922487520648,21.018487322255343,2.628033919171012,-12.182737867423306,-4.85489513435602,-12.878847749236034,8.291266113408497,-11.167782460906324,8.431199830907047,-28.406648919838982,9.81568926166647,28.234624829277926,-35.04452863899955,16.061082676252266,34.44553431576425,-24.442494812531002,5.922978988397995,-7.569799316115408,30.481876077586907,25.840521444616268,-6.883519181346788,40.39260687791225,12.715925035895866,-3.653351798713109,13.319089122789824,-8.053754153680577,-32.058440302840886,-12.860055625822122,8.542541943925935,2.104329840832143,1.8726289559534508,-6.6806697163129725,23.725927915852992,1.7141743031551717,-27.13933263098807,-19.035548472712428,-13.444528125418483,4.146649874313493,0.19123105105781496,-6.473605794750309,-3.6939081331288985,17.817543136981207,33.337710722991254,2.065110891795911,-5.909609136345515,14.213849496512834,18.583696296173148,-13.48286007760784,-7.1315490899467315,18.96139044986739,33.827899378654,2.2629126994922344,-4.2980949273193705,10.564580408334189,3.6662988264705536,-4.945330316453247,-1.984649493631408,-6.317206942029819,6.601717289776764,-0.5503951952091939,21.5794364838934,-3.2193698814557723,-8.12325032129278,2.78295553438738,-1.658913341083664,0.4222585507300477,8.510953865207155,9.496039907999343,13.01157681222851,-2.133375177169213,-9.714336443322992,8.066975942145163,-22.185972838976355,-2.1255376932250414,7.4783286243494995,13.18548685161051,-9.141689913833163
138,-28.853879973229454,19.782790914295468,-37.66045358371848,-46.95439015360074,-30.262433655980832,82.77567183858766,-24.14305980409749,38.245863474568615,-52.631235871729444,-20.318600421965193,56.75095120738523,32.663716259963266,4.734620428031696,13.228166080287917,-40.55455858684199,-25.97661720168351,13.997368949199423,-41.03625525932568,-12.219303862236762,30.122868655185222,25.05850085485631,-11.345742876241108,65.73159831137887,46.036536532930455,-40.5889565935164,-52.987430824901416,21.12173345757524,78.05268042076808,-18.642320978702873,-13.096117359775857,-18.74363403386309,5.904023328979546,70.48699090224915,37.491851437547425,-11.647616372669743,2.5183600052210053,-23.011672313860704,29.066227876949807,-24.82741329211539,-18.55941674095209,-30.69562149763313,5.934558515312088,-7.576343912781271,1.0392104950482308,3.9772580048604818,9.433229813950838,0.15030149721691893,5.895036570383321,-27.509941069083027,8.26127881342689,-18.624390403354788,0.35134892475233437,-17.509997994907998,-25.860042023799117,-19.967654221889475,-10.618952085261997,6.5952841616287206,29.258770742965993,10.689660246631716,2.186603100592275,0.3211258620769097,-3.0377558124908544,20.645213749407276,22.766636790596564,-15.482349454405641,-11.82654280552582,-12.289357477166062,-9.149952853327042,15.974274978717345,16.572016393371563,11.213815518483552,13.737348784379694,21.85826084135588,27.54572707604774,8.656944300918253,-12.779170959578337,16.929151692938508,19.360902838181257,17.67953283527846,-17.62593961139212,-16.716838996574886,1.6163841287041254,-29.059062542607595,12.020156910172993,-5.171296044721455,17.026204788372436,12.862354967450532,-13.391418660433121,8.140829443797244,9.03032159144911,20.75543312336762,-39.00880052198293,-16.309807846791866,24.85383789012043,-3.9544657046270153,3.5780289643765792,-13.829552229758685,-14.163042029303416,5.02550683384783,-10.9314589822041,-2.0517467339494604,-8.718351628861468,24.197110728354783,20.08795597165628,14.478094747761329,10.59914010264589,-17.93671673603955,18.184509067615192,6.996478496523324,-4.0207048894928805,10.08142203213812,-15.075720119532384,6.206020953035252,2.4348928992845575,12.46356938321289,17.73775557443416,-0.7495800688136479,2.4093641562953114,-19.501263638050087,1.0668158959897913,6.814156836453482,-25.55142225400662,-14.502890549593744,-7.456361648589241,23.749989256756784,-22.223458044471663,10.544699881619957,0.2916237065648073,-17.45387585976453,-15.883074258061956,-18.740079064439232,23.664201967331906,19.615275352226877,-11.860727645057537,12.450346381025147,20.056206148506043,-17.634542251554375,-17.986876763231564,24.299275080859843,3.2413017457873283,6.618050795558102,-2.650351935585675,-13.586498694018337,-6.081419808661704,8.376604003894649,-0.3211177871279236,2.2695022952029458,-16.84927102885787,13.914682486629747,-19.42462796122919,2.329532133551479,-14.029904628627335,-12.232840340272945,0.49527759340107047,26.995668983547674,-24.049723766892214,15.837338552417421,-13.388192350732483,-13.098535856119225,-12.98231783224398,7.91214504454722,-6.053857983761919,12.636479944271517,-6.872347931094945,9.533092427871352,-25.871907035848835,-3.35228098596669,-25.8368323663864,24.506026619902002,12.936787576029063,-18.44925964448726,-0.6265501666196154,-10.173418467324458,-28.765065031216917,-23.483918028938856,-2.778914996442223,12.26921921915098,9.918735013052277,-1.5263272056050745,-9.08982117955906,11.121885482402364,12.772835975013834,-0.9346827511357487,6.161919028558024,32.54657304355221,42.24477803115002,-29.671458198338538,-3.538341292525266,-1.9015158475699718,1.036407906739488,-15.943018696889585,1.6030305367578752,-0.0893764291258762,-16.729649791489443,-27.722533231170456,14.816712690032174,16.476236636288103,-20.854182302303546
139,-26.41182105153805,-6.9242533249264,-52.947195842522056,-97.91560519560467,-56.16781493109407,93.26618512471778,1.6736152034599145,13.430273521473977,-22.089308400634447,-28.10782148928575,61.14767563354884,26.982844877468192,5.469300876460365,60.17423869280267,-33.202816369956196,-17.457381223074236,12.078984047221738,-50.23022633310895,-14.877789012992496,25.90559198133496,2.578261209436868,-10.318371243130997,36.506620079451274,29.161091944327396,3.2115849023765692,-6.450796543868397,-15.254025180660014,66.47176027861124,14.693836645075255,21.070719023314645,-9.698638842583613,-26.239230747915602,41.23045545081681,-15.057091888986312,-10.50248022578645,13.379777958616557,5.458645240612583,-1.5572197763367646,-27.4230063133773,28.57287998151837,-27.355410012296,-48.27858208376199,18.364166545661426,-24.555254013414288,-29.862573469287533,-39.05858741644005,-9.22318163591701,45.40148703402487,-36.77429931847083,-12.532749611802178,-8.921725469841146,53.30914946736008,-15.091241694832673,-21.666429241005776,-67.14845468301091,2.5242603270003285,18.896142227170827,20.560945275260323,32.54931302653621,-7.660261235053653,-22.21620717907141,-25.744344842687447,31.929050445828214,28.96224592074408,17.085915751191592,-47.624792449412304,39.658366506794785,45.03030553437477,32.45495208613029,38.764971548283036,25.552976823184075,30.54177291330314,-30.86105708140238,29.12588123675294,65.90249091252527,16.713688059692597,-5.577086923334686,10.596857275659913,-9.877905794543246,-29.57205733399383,-49.655267510625634,-71.61236234084161,-63.880427888621846,-17.752315255028094,-20.936673652661767,-28.633906821924565,28.96383782471557,-15.97282009625837,-73.4725969813634,22.651834477768567,-66.29091653172266,-59.60952207146115,5.7734926712413035,-23.61347254509418,-18.475598824716275,9.729362175405486,-15.54607824431393,75.81220768071708,35.896862941615545,-20.97367049864473,-35.05145837596189,54.31312897400657,18.299447133593503,23.308969286717854,0.8018292223084498,-52.45011218112796,12.098220327905196,-49.65016341001417,-8.104987673612145,10.341144143166678,-44.76589638214237,10.386904653955956,1.3220197091092833,10.37716237139523,20.0946098971959,21.508878509790353,-14.098912527424913,-23.680583534309335,8.429954251871628,-95.09068630960378,-5.381556149402473,-87.31607872885975,12.675056144138749,-5.54277459897514,29.57280673115137,-87.81745727997159,-14.589309893862714,42.65759305540356,19.330840989038034,-41.55507622014042,8.60620523863216,22.839370732414455,5.740718813831846,32.17528934625322,-23.33697949929676,-26.077733852953305,20.310872140131725,-104.02590162770211,-23.469080400986556,-46.33207058672458,5.189076902973245,-26.855224134875282,19.090192680569395,50.75087422837316,-32.138724271990355,-23.72237103974141,34.83884409179897,-41.517386289438186,67.22393488976465,-0.1612411263666776,8.062417136755986,-16.583378452987773,36.55271877958208,88.45671798246401,45.408627849706576,-47.76486377283184,0.9457637211183678,29.925122005367054,128.09657160470775,35.367423556515654,11.00758403353049,-1.0655561747318596,-41.09444520466401,-2.046638911140721,17.676311216117107,-15.97089117725749,-54.18642043443377,-79.65175107295913,-41.4647712315226,-48.41334007796268,1.551864661789501,1.640662164742234,-4.510662472125807,-21.482738739353632,-4.76764577405739,33.177616122951484,9.729798865723323,-61.8270220507777,-29.11367602772807,82.60010082251937,-5.36298229660742,-90.1971676542599,36.85549874939502,-37.58396630847657,4.986632223078006,22.524590422731563,-36.87128544634262,-11.313455240070502,-28.739955553359835,-4.224505470531373,9.556152985491478,36.12028750756525,-36.49587521711526,-6.933554535688685,0.7790521708211269,77.80105875748262,-6.6311334929065815,36.621665055989354
140,36.17230023834486,-118.15790816110726,-65.20912260071546,-160.9173327065936,-89.74709100621227,55.01680342603837,-46.475682958435726,-18.273022766901732,-29.30387367537309,13.61546451015256,-2.360443661331143,-104.24643165646538,-23.842806380366767,44.68595002223143,-14.092908727653287,-1.5527397803668608,-46.377924131113474,-82.99333800299188,-99.73440131787726,-57.72430563431794,37.05364121345718,-22.283850014257503,66.37237062912597,2.947434814944369,-44.153334264623986,-0.6619505095329297,6.509804016405652,111.12810379359938,-35.012697216246266,-64.7837234320913,-7.028167520307578,52.88582612761951,-1.4982395402211812,38.171685088397766,2.437243558538661,6.892530293250739,-29.290592871691018,-7.7246204735839,-46.6354889318223,27.17623814973405,31.822585746815346,-23.110055571799208,-44.469634078377084,-32.953480719207604,-36.82528098784131,-89.35455094183187,79.26099290761994,87.88828470475922,-11.283351765407884,-126.32720061343882,-28.704344456585126,-42.90192097102609,164.83665609592086,29.67801977896859,82.45921043753913,17.795845744075542,73.8176823681399,-35.492103704850614,-102.8393714254166,-133.86199560661805,-126.82448293002766,-14.79513320790088,7.942520464081267,12.56415487435584,-21.34644860578452,-23.775916867433413,-36.30189998887352,-23.25486524039147,164.2813869942839,-181.9969163993425,115.47964031437867,108.99400727489711,122.4125322330816,121.85170220764046,-32.23508013870294,86.51434791172254,49.42504866526931,143.64929186344511,-47.45109345385821,-51.60587449346034,143.09516257647607,71.89044151302441,81.47597897128907,16.80546773226819,182.2385022424181,-18.235434638577413,-102.45611583842974,-171.95856393819844,76.35860551871195,-52.20059321862783,-14.541815065071718,-194.31939235386687,55.02480326996207,-21.24335452143586,-27.079813536547462,-67.01938395646027,-69.60988921839693,-25.150618511758598,-94.76796779930496,-20.921199467491228,-53.81858186345719,-20.351672876555735,-161.68093171871448,63.55459447845043,138.55693238808672,101.8169862538798,-32.91870422409054,-88.84062973696734,-59.248720657883915,34.371474696414055,12.186773475010165,9.389250722122831,83.74092311888555,-67.6162793731422,-16.643395517083725,-68.48211277296224,-61.871138487402504,65.86714710100848,-92.85352540794698,-89.71232111759846,46.51872970832181,-36.55745470188449,87.86512648141942,-44.625707110127884,128.0797230583301,147.69736861675327,24.552812069412404,-12.983235648310856,23.65033949166529,33.554713616619416,-13.43364211883129,-15.974464573541267,39.68330386650764,109.52511517769685,-6.631623663275023,21.93939963584995,-16.212984785256282,7.474259082473088,-17.325303374505097,-75.9139917816321,-14.027377878053786,25.51502355496408,-0.37716966072437885,-35.829490810402895,20.146984220186816,-18.023446224512234,-16.154744308069333,1.6130848930087667,10.584735460549123,-12.523752708517884,92.44999860384425,17.333931238025716,19.227720170167977,25.06832045407452,2.8937521068123933,11.681675535506368,-6.780802512038154,-17.33208463419045,-2.10106513534559,28.81362968412515,61.822516665208454,7.236035047634818,43.98994437497936,20.18330036437821,-43.38788566504618,-22.54100326977882,19.893027289303078,-5.273384471005315,-14.64149334400761,1.906209394572818,0.5774701656574857,17.687666302086928,-23.369938056184697,13.738188696726782,-7.148342042678529,-16.21790030673269,31.934612624821444,-9.802059289442525,17.99195443253606,-21.54776738679709,9.277369595849198,23.156331315928664,-38.57339311767936,35.03765776256695,7.764174036306326,-26.317370442038904,-1.9827093911842888,-8.628981333705507,-8.296563267522206,-0.24739195896673472,20.118400830113686,2.3507663434728867,-27.93378819780858,-23.471066895472525,-19.164513336104815,-5.561912398831829,1.6649424710310317,30.68763243592695
141,0.4507839475296851,-59.37944239541733,-45.511842817261986,-115.85885259687574,-80.91932159757752,77.7555472407959,-59.21512516718076,32.33301956534802,-24.70634912948026,1.845963672001219,6.228010060174708,-26.89552049143531,-9.150137281180394,66.34418744302889,18.309593198108892,-17.0911785921115,-16.400844658202935,-65.04983917782285,-44.43858968925275,-64.78709887425902,36.3896990622274,-39.55236931385195,20.604994683934326,-17.40758446633955,23.441277158898387,41.9509615911962,-32.979285885883506,51.64152644061893,-12.76806526589368,15.872982664756961,25.52690370562886,-24.743023863675564,-30.96370190885151,-38.41902638075797,-11.614030064110501,-30.76686537853872,-53.34825357555608,-59.42344207527017,-55.34346253769612,-3.124407563934314,6.59646693328318,-72.7654529851009,-14.113191391001171,-31.088658762219634,-6.718129392212247,-60.60272262701229,37.14830171703286,-22.05824938188724,-54.40643505838833,-6.868540682004688,-50.262957280732344,61.25680533571393,2.4984496643289673,4.855047244938729,-3.995987589226194,-1.6572305735928061,40.187401587010534,-7.898839907866783,-17.847921964789425,-33.38261031194194,-25.162078607523156,-4.897746627980003,26.263879237036974,-33.03931792239789,40.556017176864046,11.150159761824055,-2.7070465907471375,6.788753197589828,139.3413098568626,31.023879286668272,-17.574411689707855,41.215306350923605,41.673259151045094,29.230297984900506,-20.92293694256237,-38.26722723036317,-17.898953338788097,38.46896827252763,-16.565723362252694,-31.585170571603346,-5.536227339272982,-35.81649095514519,-27.20990250330958,-23.692414910429996,-20.547517725916393,-9.809511558435855,6.795490598257163,19.072783646260962,59.91002048760591,-34.280096446164656,-49.6831995533621,-2.2320943595886895,-24.750675058058675,30.819139305364512,43.631965810724516,44.15383666008716,-3.3746814532502776,93.1680550071802,8.241843745160848,52.62353217159655,-29.995172311384614,59.03734208774954,-10.019547427074741,10.345884465572547,24.021183944904966,-27.995638169128917,79.82931621183366,-4.997692959527693,42.854801592588764,5.962173208194623,-64.1076704584907,6.164847550519542,0.20087320169698342,1.5562495053340655,19.182191244983255,109.27311859202605,79.10007190382845,21.82341083367686,-62.93370460836432,7.431898742072246,57.12575585881794,39.17604153503414,-18.807586417210516,-59.482309345101726,-34.74961144534759,20.423671258604596,-87.03583259400385,39.60230836779832,55.64443983090984,-18.843470115365268,-43.38235728196538,61.14346045612528,-90.27993305431828,-101.59869967628856,24.20598835491439,4.434902832982052,114.28449292147359,7.0998458695279085,92.627068236781,-28.425239915844866,-33.30694398615094,1.0083767534645887,31.652380510575497,-16.140794895994254,-27.837104549635733,-38.20317922046377,-81.56903880053028,6.72556891881479,-31.902295299692863,-136.36105681393488,-52.395713686751456,156.5767777717652,-85.35160137055927,109.01238572885713,-24.825600340478545,21.338157017037503,-131.35427493716483,-111.43675341571142,-31.293678698420198,-93.75727155398864,-103.83915192900895,-2.7837237014256973,35.72232436497114,-82.58686904586818,-20.78250724106823,-41.80290658390332,-18.37265721068549,-19.26966409842273,-87.16868577198679,3.6710783387908177,-4.4676156927652,-27.9969057815447,50.3412741653852,25.61628138102743,116.64583805373499,73.24496504759439,32.784198088124334,-86.67892275017844,-12.159604700550316,-15.7664452963427,61.152126833361145,-38.37006455293195,79.23581667924762,-15.727161647560557,-85.18677973295101,-20.21027040937543,91.98567191028452,18.589509618734528,114.00177963447985,31.845752759946723,-15.544781727287022,20.276237552249135,45.69051727368525,-26.962910281903063,-17.623227915718743,-101.06768991426985,-24.44804546323277,-59.692487828856144
142,-40.85783170653586,47.824591548447465,1.8415157497881314,59.17354222734377,35.843347905370976,-32.72185335383082,-49.24050337269283,42.331443106430406,-0.6320080491922342,-13.321587689602527,-15.06641328541879,45.813110935789794,-55.49195575166173,-25.965320825955004,-30.89547756771107,-58.89086795740012,-9.135901370379365,-40.27182728658845,-44.580268449887136,-4.913952942423324,-9.105646843332682,1.7609027499719978,33.429532133475185,5.826460159214688,19.12886193512883,-9.720679191188418,-56.92297761548992,22.73114956832139,53.65500731445419,-0.3237634485106594,-20.69169652343236,-42.714078700980686,21.10594808989809,-6.134758666778594,-0.3693626428845552,12.98520833747532,-11.887274451695832,20.883662191410547,-28.95921234547263,-33.37770983246898,3.8526165308212517,-8.980420193628396,23.394414708952112,30.94060937665082,-59.73323267521661,29.866841040746014,-0.27774244423679134,-33.12118625705219,-53.10936954163165,-42.605629139312015,-49.7370957825601,2.1665978565500956,-37.598155528707515,9.927059988453722,-26.507231110758696,21.64558253093853,10.129416517669325,42.76869757258335,2.99726678720975,-3.178475117404753,2.527316716300663,19.961019636200266,20.98842609636646,-55.59282019004171,-20.190265551660595,-31.828413920584985,-58.53436832550909,20.279153306208375,1.4919255047520832,-27.471279236924286,13.469308991248425,-16.63115450096818,-30.898108338653994,-6.091179367720567,17.362789475532,17.810910097867367,-13.334464551972221,-20.74166905961628,-9.608325868834921,-32.44687122520314,-8.765015635042959,23.87656219397442,30.448749563631214,-5.383638427586013,27.617550417674096,-5.744680720858847,-38.07715534983796,-2.571121099236229,13.983294997678792,25.339802301772128,22.750481820458837,-24.327433035990975,32.962094133529384,-6.0138703715074096,22.63902555625532,-18.519019214479947,-29.762028672922526,-19.438652107891993,21.81173289476264,-2.2709871315876975,-53.73192452859092,38.909876487013136,7.52681704639367,-7.105610571865216,-14.24159192019319,16.83655211860373,2.3787722806159763,10.905693571356244,9.550542094507032,14.236432916729758,45.206963684414426,-33.69843189836234,19.87735625792557,-55.56951131947762,8.361163145225602,38.572299554077645,-9.50526635183684,9.058012716859137,-2.4114622095295433,8.75517382609996,13.346523518683705,-7.238059918699635,-10.850766488783291,-12.080396995616914,-67.0362911206577,-7.67486099941231,-12.420697399460465,40.7311413325163,22.94733935185964,-16.450576998900196,-26.916953730484657,8.902442682126624,35.84034586071541,-23.03432975101366,-30.504772658704752,-10.884936667324915,-16.143700013675456,-8.117678769368498,-19.189491222759795,15.520801339729166,-52.007773468643485,42.46089340601785,9.373398794140531,-6.345462439853678,5.810997452810645,1.0599165155918209,-54.92330156614762,-16.957964249968217,19.120857610498625,17.542023159492206,4.145529261532582,1.4460822846303454,-2.3963269155623776,18.5998012689711,13.685271811375877,-24.06141596034726,30.560899795495462,38.313133303053434,16.828251859069407,-12.189405717893543,-16.133944765136253,4.657683820258534,9.275759245301563,6.985402674346394,17.000404619385627,-11.63325486933276,-29.616716673613382,8.084748491525751,-17.65045851615406,-6.25332394645945,-20.262431683859806,2.5831121332718348,-3.107294662059083,-15.854244193572566,30.407012131733524,21.429947058885478,13.834900964081314,14.088495717662552,37.588964109026385,-21.907180330545,-8.543607605127411,-39.367913104999666,5.16897085862194,-41.90456985528339,2.661273028835505,-10.358612192852705,5.061978547884739,-58.032986220586594,17.940524814511992,-51.138001611734055,42.19244172044549,-12.739386634236283,7.487979772472065,16.7497429517855,10.457903603853104,36.732738397298135,-9.99450355833573,-21.50807648514121
143,-14.955563947275362,31.990513683161684,25.490781095000695,109.68301007412468,13.234953745117455,-72.78460310581826,-119.17137004088399,35.416205372346404,-39.75026341869494,34.55596700765399,-59.218482986965654,-24.027516783472848,4.793684254483688,-20.01374478020259,-1.2780136052261186,-57.20048719170841,29.375000803930046,-59.258332836536894,-56.739487217786426,-32.792441934635676,-1.6713329926206204,-45.64273565864034,47.81358698165912,39.83920113176389,-21.83717562380559,-72.84105225105841,-0.17008326644882743,-2.0763565411446883,-5.539081363820914,2.2221860526372765,3.1582747668081095,-5.7850232555940675,-10.047935807729367,22.96883389925087,1.5447221197974577,27.822282691748963,-3.5430631237253563,-9.176431692746263,21.165512703528552,-19.78277764016274,-27.345361173724076,-12.846887704902047,-32.664138767620955,5.867486684342406,-43.98549286838749,7.89897906363181,6.147828417105765,-14.133893060815142,13.529810731733079,-26.545388008488594,-47.776574726695394,4.03975886741022,-20.755202993938408,11.226258918344815,-40.695140232950166,10.078895024186806,18.919975796804824,23.59138750710797,27.078282947143073,17.13803474761554,-5.234258461127957,8.646672565309078,-13.357492646589048,-17.1740586215083,-39.45696240824853,-39.383695094019096,-65.56547879421674,-8.95518879477787,-11.635182114580592,-31.212939691385383,-17.14678532377175,-42.47370499168081,-22.06494503518863,-6.997343013405807,-5.129470511356484,17.69155461883645,4.9657798135923645,-0.5345243016761207,-6.603020149288032,-8.174869117895724,-31.520524126292692,29.7758174335068,7.9042044645671234,12.003502047475596,-14.426766911540035,-33.045641244579556,39.13640733618232,12.604979991209705,-0.025306057831830264,14.05656011165011,20.21858462380176,-28.086766799747267,-7.566089748464376,16.669032993024544,12.527539037653197,-28.48957197134218,-30.670572811283325,-20.307122873961223,17.120628300987903,12.798335854897067,-16.172593201131168,26.61302727348714,15.51554519857171,18.68454592881354,32.959677771818455,-19.053767487158147,-50.83154879807297,-28.981013812655686,-14.956402632089674,-16.624080574041862,-35.9559032000976,-5.253769331783562,24.979041839622262,-32.659740887794435,-1.2598897832052682,-7.101062401195858,18.988229233101038,-20.41166684741799,6.315365699631856,-12.950084487984785,-21.011624566335584,22.425600678729424,-13.912305578068535,-2.9771088001667456,-4.552632740418752,-9.627494603582473,-9.490137513894904,20.22648581919446,32.82235968475773,4.877256203950709,-3.2264910282620933,27.290136920960627,46.07735539078757,10.146371490511136,-2.7141419118018986,12.83640604567031,-24.750793793150002,-30.346739172929496,8.701741343755238,37.32564439359673,7.599015569752153,-12.17930617264592,53.11714210031186,-24.74351490807087,-30.53868177747246,33.68672422716624,-5.911040485611973,32.40067001719953,-3.5350352534255185,21.924079259503383,38.069985079031134,19.916534877084658,1.1195656936503855,-56.63385267122241,-19.790265235230024,-12.034696904745795,-3.2488267562331075,2.0944037985655344,71.64682825751859,-0.4783792598930413,-42.53224566328741,-0.20455473918989175,13.938940312754848,15.949915921478949,-25.505842044568,-19.31691583587777,-32.000299284645095,-3.9595878768924613,71.36700273244037,38.461544670618714,14.170380383898584,-13.815034159280163,-29.24583390152198,16.883556357646064,13.499646242217473,32.132633271055084,15.076223591901487,-64.39572293985002,6.996805681163134,-6.384013068617266,-33.672550151044724,-52.70423121254008,40.072444431635695,-38.4931720669188,-13.180869276369691,20.440129235434664,36.2048840119412,14.047739875650471,30.874392946344187,-34.051467750253366,-8.050544713189858,-2.6883230193663765,48.477245347783466,26.797208628690406,1.181372718909926,108.48517863732259,-7.951376533440312,-0.7540668946012692
144,199.56612018821465,-227.12593341033013,56.73788020036203,232.09048990639627,-133.42019862828815,-247.01965410328205,-298.00599821769094,-102.13946420092171,-53.96457480922408,55.09767555994793,122.03179644209146,70.41859280067752,63.823466322815015,14.582795926866867,8.583591507923192,-200.9855340342665,232.4842394730596,-293.2107732960573,125.29031071606084,58.22411780309098,154.56574540396812,-24.94048095378418,37.85794975799092,53.66512829851491,505.730164366293,-98.89745430073265,133.12794731756637,-91.53957229606745,-80.09616541644036,-14.132229172212627,-28.455069140821106,167.50101392741928,-31.637536947118743,-156.39369837424155,434.96855233942006,40.10791618711663,91.45643568511602,489.4052146638074,-207.43116195337507,-497.90959901294025,-162.42556383625407,-171.01201326940094,188.83194675482724,46.98468378314821,29.5983805409457,-35.10064601795221,28.840952870575688,86.87792251379672,6.8451520844905644,-38.3064764901887,81.18009216203252,16.719204738925313,15.049230239191566,17.720245335571974,47.25033919731895,-23.923411144971528,-2.2836631627040114,-73.72626707610632,-56.763893008161965,-7.226400451905512,-27.776976185921374,-11.895289717007659,-34.986486263376655,-3.361532709007694,9.138056245680007,68.40497984022075,6.177981854871209,-0.11960036678256965,27.408370335995787,-0.10335406145796067,-28.782086618215835,-1.3234357659613414,-2.7170353388563724,2.4436845965224947,-62.50455250118274,5.514604729266281,34.18347247199395,-16.283310988149037,6.765568301884491,6.1046744961029535,-5.415769383854378,-12.150521046730768,-8.349824011761186,-8.671841313769105,4.352181654263299,4.035383861155561,-14.450264413996711,11.765067228808732,20.59064357051551,4.762407938404574,-10.973469681559312,7.446408308389171,0.6148478688757164,-12.778406814881423,-24.563734986404036,22.867922224620884,13.921225687215935,2.861667026815832,-9.102663754982709,2.6897014412082294,11.218168966983063,-11.308205238422008,0.39013654317167457,1.508076860334146,-5.086663528200873,1.466585359082516,9.32372821717742,-8.081741066974656,-11.21015201011913,-5.021759017753949,-17.360351561743702,-8.727640990679896,4.822231653502607,-0.4551200705757533,2.5807998466111046,-11.23218906175493,-4.092004839399507,-9.30933396431281,3.197679096190069,-10.241227509975616,11.435126759420275,0.5188716392773498,1.4283134389532135,0.06511825599035892,2.6771727440001816,-5.266758972157443,12.275223774029055,-2.433518059313202,-3.467220697041932,-5.2422548618340175,13.674080486448204,-4.143895196129266,-6.034320593947748,2.7019803188548996,9.010108370063916,-11.851901824083631,4.018719291699497,0.6818282352685698,4.288070905782401,8.907382126871038,8.922807420582078,-5.490716959728874,-3.3190816917569816,7.730324334052812,-6.715456463326273,-2.4596858782158773,8.393614459495323,-9.004277814847166,5.372002101381919,10.181621767644907,-1.404752528636305,-0.15016364082521916,1.7067141006329596,-7.286942851591115,-2.6275691124749523,1.1021762442956575,-6.658915370084074,-11.759557161747225,-2.195490077989326,1.3276119177622454,0.9746068568445732,4.320417278455515,4.786379713084766,-4.281163382850507,-1.950376843845707,6.544819083925242,-2.911426102177246,-1.7154690210715555,-6.619843847392031,-1.1171158612383403,1.284455442014065,0.5904260527307854,-4.383898654816657,8.109115022829917,-5.279233395199176,-0.8783542030757419,-2.443314872290089,1.6058378624584169,-6.596992402742468,-4.028349460505169,4.605252413189481,1.1275023788370353,1.820882177029223,-4.191520298464227,2.6483736962285054,-1.3096369538087707,-2.318643794562226,4.279386870277876,-0.9366260947473337,3.064426838317435,1.2166833310880234,0.471857557897601,-1.377957079200218,1.5161264166585635,-3.3615941383065775,-0.1932598100760874,-1.3520332741777825,-11.952016117558273
145,410.0750163060763,-519.2904023167243,-38.64704488371561,-16.83604175284514,50.71672177171523,-122.23278620549445,21.467938656674757,-109.26491291719252,27.166544499317865,441.058303905542,38.08815916556034,-21.40972177440844,-60.62785577315696,-63.10846649994992,42.15200011623747,-356.7813106299527,964.07421121129,427.07180116930954,-77.23081226647096,616.5963701418328,-269.64341345686597,-407.8339269659029,-55.10253540454947,-194.3302614154676,-146.06811784470918,119.59701844127471,-66.40663414957992,126.41180357511692,-48.90919168495525,23.691065333785737,45.50715168061281,-44.977060817882524,-56.97556960821123,89.89395371777528,55.694871809644546,-136.97636282931305,2.193845533855139,-16.764621128218167,14.661892304961828,30.445771369053112,98.69563505445413,-96.29878542909917,-44.8088606129488,-39.50128573922921,48.264144641449725,4.653757353328482,46.39476511799276,4.156001008359174,-13.36123718660875,4.010046206205043,-45.83552236525623,11.04802660926764,-8.085705811100434,24.44101318981386,21.568099941270603,29.659301510488056,12.796837303359856,21.47843781219343,20.298217901999823,-36.105837023224375,-12.137837795363462,8.386598670543528,30.49696056858919,7.206646911637223,7.476020795004528,2.3833806834545794,-15.984354157943404,-4.62509876971961,22.012087543978726,-4.197187497630175,-1.275747371595475,10.698470554653245,-0.7793459226322352,-2.573367304832632,-4.789375723523364,7.408789401165875,5.255519564636224,12.161764703838694,7.6776394364652045,-16.86557987085132,6.675498816036994,-5.82380042345925,13.893458917984454,2.990337548533449,0.3474395498631004,-0.4982416393471192,9.545937336064235,-7.567113761976751,12.640704924867332,-1.345517282167407,10.85089911559968,-9.747843067823325,2.6840254489353805,-10.387633194385721,-8.239854247479718,4.910687054855598,-12.077113977063922,-7.208479286702466,-1.267401758066932,11.713831430844778,3.3134858964359917,-11.80859821279211,5.560327230548348,-10.609513281101673,-3.089546193966086,6.3186052070391545,-8.080853943060085,0.9656580405743966,8.990910846869905,-1.222171967659214,-2.9354064235920507,-9.431266419439272,-2.0117450265392893,1.9281594229049777,13.93043763908071,3.4627221302831295,-1.4430953393514447,5.4729977991179055,-1.4993074324874727,1.4435023159990132,-5.281805847012273,0.07420898097144865,2.1444165668195576,-0.7711976941165815,-11.01228616203565,-3.3877561459724532,0.5089005986540922,3.1314671803762604,-5.527778773384766,2.911724890035991,-6.67145973229941,-1.7851617963454838,-3.6920919142532944,-2.1264362622748383,0.7983471863556977,-8.046664870851089,0.21078542046379845,2.3902442118269,-0.608855142158526,2.3658400419753014,-4.888003244213168,11.195163412970112,2.2274919732896885,-0.8777982578157024,1.6247199692886594,-5.509798361302779,0.051624776089264746,-7.722375906777056,1.5084219321332801,-2.402254551921879,-0.5121866075339425,-0.14118434222431597,0.4613472854126729,-5.160596612080738,3.545197941865145,-2.666006573114909,1.902739305853414,2.349016756707065,3.920823026807045,3.347427540584156,1.3631485477236907,0.7552750070957961,-2.336731401352702,2.1028737610969737,3.8053250130444285,-1.3982165810768001,0.4157266990686598,-3.900510160376496,-6.044776296242948,-2.8843591459647184,1.5696550369683162,-6.017203161749244,-2.38395522320062,-0.39641357440537517,-3.1842467747886056,-0.3150562785504891,-1.6191632653694463,-1.8415613057092588,0.10066024702489185,4.093840006368751,-0.4506073410195588,-5.132988640174715,1.6506623276996064,1.0140256418131486,-1.6736826282328492,-1.2797551904715279,-1.6749000479557168,-1.7616343069838898,-2.6062289994326364,2.883788205835451,1.8438774720988165,2.006845853701142,4.38527798280885,-0.5772693708214263,1.5398298497673646,0.5923545362586408,-1.3790870179288244,-5.986347094672457
146,55.76559268782017,-134.35168677605384,-68.5621619385063,-128.7604783790021,-77.86351933334971,21.74271040343036,-26.893222923449326,-41.60794118345785,5.515150242528207,22.99360106334523,-33.86351513450611,-88.042568408867,-31.95795402680826,-15.346627278660462,-11.35825325610912,-19.416376679059383,-15.23124783131068,-70.02010489221051,-100.41735636052188,-90.98082188934632,20.527162133374013,-60.34189160956964,18.230177647276214,-76.64411269369973,4.431652752275869,-3.0216676526228134,-31.62526700710284,31.799105892730786,8.928292104439445,-2.7488942720816407,33.92420734737545,72.21251538195612,-1.9029374694273913,2.335060220011028,-21.55329302720862,15.679165573331709,-39.626473514113314,-23.306188986675227,-34.42764511794202,-4.331454637950332,3.126646475115031,31.267302823309606,9.61407572498364,-6.054226482427789,-19.616502634534697,9.970989463038475,35.337407578003,7.700528013898533,17.256785178485643,3.6252029219937807,-51.80939495293104,10.959147484763504,0.4331218704049695,34.61619895829996,81.6252130179874,37.82568536504014,-51.40561839212768,60.448094654640784,-10.290465876541344,-12.197797663526138,23.935038356815515,32.23083179874303,-38.45245089827702,-32.07478849238464,13.995533647954739,70.99818747158068,54.586831908219445,17.1801984871248,-34.692058104144756,0.1319773877958456,-29.397438615736366,46.77617788257133,-41.286816522499336,-25.38124744837707,9.157924245187896,-12.747224911541377,20.212889245486945,-54.81637332398603,1.0995513740907517,-33.44092530926101,15.138006738745784,33.409153677938995,-52.671031854734714,14.73605760508813,51.36665169463078,21.711613100206232,-6.739417101374836,13.939807125877387,-65.90465099888833,2.6574682571554886,-26.871303516486446,-55.713571794150035,75.23605787231209,-18.071555136736865,-83.06818098888945,45.733837313733744,-31.305354716561027,12.827260773540065,2.6352657022509205,16.78024922298279,-10.330234576478368,8.579849334636693,36.75979990841092,-55.88674400223528,-13.249083708059931,-12.985210624071748,6.823791872353169,0.43380639348997463,-1.4789941496935377,-40.79730127508231,13.194727570816408,39.47278277312463,-20.419370798549874,7.473935123858848,-9.993504101652563,-18.667200126822536,-40.501546274411076,-54.668348735102185,-6.586269936524058,38.700798621677876,10.130364455256153,1.5715686327716116,-43.57077059326861,-24.58765360117621,9.182671009003624,-13.659023675854643,1.5670232466858056,39.04541621241631,33.538826300582265,6.9264453733978595,27.974732011524747,33.49852512714689,-24.613432761520524,23.13785583375543,-2.3042494956304376,-40.170793960739104,-105.37447420404833,5.220841151241846,-9.56731321622099,-15.281350617081678,33.874470673524584,-59.83066609858204,-50.24504976284306,20.605329618469188,-0.15508544407536737,8.265662834978516,15.133845952581439,-25.888036724126902,-23.816383582456247,-55.0929906129755,17.90047472163472,2.975703783960753,15.304140871856644,-21.393291568093698,9.530756118285733,32.02474797727196,27.301176909518812,-28.862097250041728,-50.131786624874096,2.6811665807830485,28.052433206967756,50.54690220713163,-85.66781531475075,7.7205177243473635,25.364138262215906,-16.427960922712828,-37.01829384131742,66.1423122841154,25.131332570195163,-42.09488861289489,-10.008988243180578,-13.184975899481067,45.1556442060838,88.5851362196375,29.03407418122122,-81.08068838349385,17.92028470550259,-7.673991125294423,52.204018065047954,-16.78808125254887,-11.43469296955651,-49.086910381046415,-27.667566550085176,29.041056885752152,-0.42727785743398444,-42.15481052983159,51.390911190976404,-5.924693817574479,-53.98626151206796,27.282728461302497,-67.06696741363065,67.30927276184866,21.624587705557932,-20.104036929197633,20.937835189672672,4.319070055553126,58.404658386917404,-30.881140869723566
147,-21.618381768332107,41.810423892339664,12.154534151929395,90.10718376899557,19.890296016671655,-55.521683766942616,-105.72400001609968,53.770185991780366,-24.468176897865952,26.243581571836085,-63.66629139913922,-16.235072817944953,5.015520543132213,-18.638118512120222,-7.5581145953915305,-42.42538694768548,1.6195299154874938,-28.38322252280351,-60.253810217686365,-7.109802977162324,16.085217799781635,-25.592819844623794,32.66854228112691,35.6371128942714,-3.4808501571992077,-69.31908973291628,-5.471870885637435,11.63164448699768,-7.463248597323908,38.28990827831727,3.205735645163584,6.687078827001621,39.021371214171886,18.057909637918147,-3.752103712751662,18.64663828263223,-21.02280141978772,-30.528090436663305,12.585556637549995,-23.612086696194517,-37.421231486843304,0.31186054457626344,8.381406700457282,-6.355543638463552,-26.365559168630575,4.447386711561197,34.115186847429854,25.823950601643315,7.656299882398082,-20.253472921578847,-13.829836596087405,-8.584225354026726,-6.8244463711042185,33.551837135375095,-54.238806711581695,20.944018536247004,11.102455284097838,23.719462458348826,15.606533725531111,-8.491553095933673,11.73880333229368,-11.716935807669227,35.81771813318344,-2.7008781949085954,-16.523013569555424,-32.626302250670726,-47.72374252945555,-34.97940518363694,-22.74819989789331,-18.75549151756648,-4.875801909453863,-40.83719272923706,-17.443447030662654,-12.563231935196185,6.182991454610863,2.860235717443218,7.171127643772271,-7.734119395252375,-64.16536628838958,-9.773777490236082,-1.1228260600699944,53.98081013351564,-20.746108794541666,-8.848956324863973,-5.248871400732865,-0.8705188035368272,1.6372540443162735,-29.525077176919673,-11.542029287565642,18.302327114806083,9.795823474467689,-28.846564822778177,-24.082513699443645,15.49518223370722,2.060538216019553,-11.762291917995501,-27.004302944785138,-6.360740694331329,6.510215553829875,-3.3715837713748655,-58.763498788370676,-30.257593479335082,1.8011437010029223,-6.4025313764224645,-5.576172910081435,-17.98250674540969,16.173199794691616,14.995686505303935,22.14676668395262,9.514672854190364,-26.478718938718533,1.946769326825946,-9.685107416527789,18.119197711043668,-42.170747965678544,-0.5222670360418896,-19.28102889433586,-21.538521069062895,-14.87310172727092,23.116414763374753,-12.81052316264952,-0.08465030044597066,-0.6108965461017655,-1.988055385807593,-1.8608061089673602,-7.3924341278986665,15.048598101993843,33.48778534902937,16.829529951821655,23.47085220872558,16.603987806028563,-29.023561514497587,17.11291186579014,0.47964650421541766,-31.859353401766466,-21.522429247478406,-9.215917519875063,0.37720582166125227,20.013499501900036,-9.70523082207009,-19.527870425605578,16.993471912149374,1.8294061470117522,-16.561397259690594,40.54262129323265,11.995945193774729,15.971374002656837,7.622171318447034,-7.529388821212553,-0.6360064282791025,3.6348835781081132,19.1117568971352,-6.194246572848327,-17.014299020976598,-17.36329496573446,-10.468263951058628,6.713765906226868,19.46705259847538,3.167068850377179,7.016558790651442,-9.106224473356422,15.379527641165678,5.724131646359215,-27.334006382260252,-0.10014604626093715,9.740800893769217,8.52647215421338,-18.176824928929214,-16.68481896557714,-0.5501302416572345,9.632366941942157,-23.447176174767847,-41.78905676715442,-42.22473922130218,-4.762474622823819,-25.19641454981168,24.92374110411894,4.209573546787575,-25.72447668721563,38.148536375793476,-2.2687103484311284,-30.7066865061232,-15.859129017763951,-7.3406331849671815,-1.4852334741464714,3.0324163711961507,10.338552394709676,-3.620659052757794,45.32074045420393,-15.27587571153371,31.75279752230682,-18.60288036358475,-0.8368529970459175,-17.20802733058906,11.858644738508193,-35.287300699217404,12.779960939861683,-7.607060021992753
148,54.69232932185663,-125.15756262248286,-59.022726986358634,-132.44950572510498,-84.77081004093277,37.85952409934152,-81.07393674042852,14.08840208803981,-10.303157661524722,-0.8577470515345866,5.1038725002586744,-27.94414995434185,-56.329964087152526,-1.7325996405897717,-18.414237080899365,-57.305763477973116,18.968241311202473,-79.02755681653858,-116.48083765277387,-59.63384469861485,22.996080523469377,-60.1732410178097,-25.987457233754743,-19.168728883787544,2.1152384015437624,-52.129990246456195,12.49606207757429,36.4574222807833,-16.44773341527402,19.5752654709465,17.198147818864417,73.85391059452131,22.432115535236644,-15.059707790469275,-51.789917741358494,24.444275075693493,-61.07356874300214,-18.418388442723792,-11.609427023243388,-12.478330342354463,-18.90603359959678,-0.18017171705760898,-25.55988780896213,10.585064476504071,-36.556805360725065,1.7204693229027597,6.573130981383044,33.172426430433205,10.35173272312674,46.40774763755348,-36.718800286426564,30.5143265496487,19.398707382513816,8.445699750389199,34.43099487790861,-2.1444539176300887,-23.79137442378643,10.093942778145983,7.951368797499998,36.60313243577834,31.688488320760438,-8.913716398680588,-44.42258164400625,-34.62160679468521,-49.796229611074494,57.771736387168595,-5.35395685930625,-15.32555383734664,-18.830698315180488,-12.00128870577139,-4.016272955720407,17.94313783997275,11.662935609995698,-22.281307779509685,-28.362406508351956,26.412111787315073,-12.332670823621335,-29.590702887168554,-4.322789935632959,15.775947333892066,-9.272271094054599,17.870761820886507,-82.70382804885975,-29.284423971892,-26.0721683192143,-38.80489270862663,-7.2351224077928435,32.85396754736446,-51.70906879465394,-9.185082606846965,33.700083607249844,-72.08476418361391,8.119772157639755,35.70143542523065,48.95162964025501,-6.945261368372204,42.811586304091755,24.58109502183338,27.306404091185616,70.63914670381116,3.59748478343546,-36.58739492181693,45.0428332955197,-53.3052792196595,-9.859374897897931,-48.4978290367981,-39.71962929372463,-49.65953942419183,-5.547567360870733,-6.860628277464935,55.32446241676861,-11.411904472581462,-57.32173073222709,-31.1754056150649,9.052302936332099,33.132424414661834,-18.629387303164474,-80.64880676254319,-15.685703178647305,60.60113744548484,-38.20979697866662,10.01941034264279,10.431870689269699,-27.49626473948723,18.001368649802,4.6617168352711795,-21.383945050778287,-32.43074862297211,-69.36811158625055,-45.76962707152345,-12.025555805498334,7.566745566431331,20.3051433847808,-33.24179946712914,-39.23874908229106,-5.852569527161208,-22.149800808368955,17.086769881846642,24.923615149903217,59.16011632245527,32.70662401031807,1.1768437938506613,-45.282037426281946,27.567906975794376,40.14846188970442,32.85943666360457,16.68002663151419,-31.870640730060796,-75.32044997755625,-28.69507407163137,48.754842067186665,-46.091478226766355,48.54302866053727,-66.4923273308417,20.469235584583508,71.59947499131728,40.5413335760421,-9.251632514713027,-38.54262521439531,8.32844316289718,36.084227301646735,20.12185668752408,-40.42786610183608,25.493373570601236,61.700334031717254,-34.39893322677756,37.58483814774213,89.11204432105374,-21.233467798134413,37.7618158303146,-72.42062845026292,-91.06244591368669,-47.011875288656384,-44.760699854375815,-18.427111425960977,36.030810582992835,67.72595094274861,20.15249146079306,142.23296162699432,28.845659886474987,25.417551464478553,-52.99564011797883,-63.25766097747768,159.67040642108302,-32.2875766171336,-42.47375805871706,30.039413059961994,-5.199649060178792,22.425615816033368,0.31102034093131525,26.31440117138412,30.351519621345734,-60.14078877652426,58.59557780989058,-20.266467769925335,-30.688975818746783,-67.42117826100858,14.23077315125548
149,26.745833500294186,-59.20525692054788,-32.743598945168465,-45.84227874593753,-27.25903517670779,-0.835370951948879,-78.98584431333514,50.764228353964626,-8.322294759931387,5.910760176159905,-35.09254789167877,5.361814748476388,-61.31751831610751,-11.921296718908817,-38.83040351900773,-48.80928755081338,-7.238127158457113,-42.79420800601305,-104.6681916710505,-31.775799717970006,4.539358466305201,-26.035900922591246,-7.246690766782203,-13.461111045825913,-11.825174880166113,-33.256341960449305,-1.7412952708403162,77.0413767070665,71.14580039509161,-2.072768372568125,3.4125749655474227,51.18608606209517,72.20630761699006,23.44140598104457,-33.59585529045036,-0.9529838561474784,-31.208435931388777,-10.445235656318143,-26.84991870465675,-35.747237847467034,-9.356775116720668,40.68721018157413,21.332566449473052,8.93168504136601,-44.6202455707506,29.82329750506351,-23.413093426397513,8.371663557146805,-7.788054626022167,23.24147244287634,-27.093490731846998,46.46289176966397,-76.18297419814152,-8.910716260274432,56.38124537669556,4.578881061987885,-23.007804663509138,7.595699297988299,-25.909941302050086,-1.1905954188377477,8.423696171378072,-15.83300817351582,21.65655824434961,-14.4686871097845,-30.426736354373244,18.523537796258978,22.086189214660056,11.188630792059028,-28.65634115658808,-3.69414979147306,26.9016899430762,22.45703551413593,29.010162732232057,1.4741038468934629,-36.90290358879699,-2.051007525647605,-28.147244501742552,3.568760274049761,6.222330308089059,38.49155266856676,-51.09957790739277,25.59064438695534,-61.69739192020383,41.93046292223552,7.769360970677684,-12.560393660741374,18.643792270155114,49.583266241085816,-17.54382989626593,-7.351574164748916,15.243740225590408,-96.18418887510535,57.93939583805882,21.05281445855995,16.717153545367182,-21.848500180197092,-16.019011585169103,60.62481456345601,51.601335752188255,4.532133380820641,-64.44938418993785,2.2563891685896302,58.354629266972054,-13.822348201784202,15.768644121996072,2.545281470140243,-23.287827500974487,-52.45177104797765,-13.844893159709734,-40.672751718780354,41.38423576939506,22.59241111153396,4.209884393597038,-15.905368636555398,52.72068534377656,25.701999263828803,-64.59644904261336,11.573035997280881,-69.45139492265777,20.179323430261647,43.759640823315124,-20.5469162561064,-82.22420620632992,-17.552912038602706,-3.617676742965405,-8.02644303684245,15.010155968881826,-50.093428667154775,-57.733151871678,-71.33750329745828,-62.506104009263645,15.25624566707064,-13.55968107557783,-46.89866893896823,5.438571332876602,-50.97905680825373,-43.135749744289065,12.631165956895776,-13.710473390721582,41.647244454901006,-23.944379257107762,13.212350817377162,35.26749630000183,-0.08364490595021135,44.80681983489108,10.418134374536606,7.9841124282869025,-60.96268943898491,-21.582768962096193,62.40433837483838,-28.707763202097507,-37.823396697855216,3.515521078166523,-3.451790997732628,45.09647315967687,60.33759775326141,-57.11784443842876,13.106031255924261,-21.823850520877002,42.67365383774221,-21.74178133563191,-51.370052506983534,20.45684016003078,13.108779971172796,23.643546037121418,-80.85364464345966,45.424553275153784,27.58330096148995,-54.90239582217137,60.813224954543585,-6.392045137874837,-13.984711058130179,9.379355293355596,12.184380327661229,112.6983468061363,-7.882024708121453,-21.406230034903043,35.36832250965889,21.29173487207841,-88.25745173704385,-36.62688787646029,16.64554460292346,41.47049578745753,-65.2328473518311,6.559405755762751,14.645229490456305,-61.27767840668114,-30.367175644984385,2.0433651926153553,-24.84993067928814,-17.188859436261797,61.646968571720606,-22.83784204978208,-29.746343496504522,-94.65936046755299,55.22749515667408,23.982989188046968,40.962102140615855
150,-44.630188927497414,65.74863531784221,6.6399066892699485,103.27251729903035,37.963472169831306,-46.53610004718639,-42.33884289400186,26.019676095842822,-16.82903652644758,8.00518215208549,-33.36885543235743,3.69713275310624,-28.746069241422582,-55.98364941454376,-30.86915961443901,-27.06035165827704,-1.0502863864130152,-19.66666207524022,-66.76460122627559,-48.48701374104418,3.7254456276987766,-27.1926292972806,46.3900180880236,-5.2524043738109265,-8.591288888112812,-13.68271938424812,-10.667477350471557,56.97332028215607,-17.999874842632508,-25.196842413293094,-5.305058917779289,11.604575110658407,53.45236022582381,1.2988772753441447,1.820118124205468,-20.380454795715263,-23.601959339295096,8.181154213391544,18.073595248537828,-32.85490804985863,12.031241115830694,11.785967200790052,-4.307299709130076,2.717943393267068,1.5330664501814735,-4.497368466872774,-7.450585824952771,18.512300328337023,-27.666869910995363,-23.582485060024368,4.38232381488471,23.88847864678928,20.5043416238774,4.00376905868461,-13.207506081357439,11.726127675985598,-1.1954858458191575,17.19183470219706,12.972257557923754,-1.1792879443556692,6.960640138260588,23.225388559429142,14.80677183109488,1.3895972574240727,-4.111196194071697,1.9344334396874672,-25.96143291680987,-0.8821147395543194,3.924262617779988,0.9573724993402787,0.011578657520595934,13.637197849549302,-1.4909358167045963,-30.03477136197468,46.76022955890157,-22.006764791935392,-36.72208140046394,-10.363957289193385,0.34959794238374886,-11.904222490250232,-17.53196992102729,25.378383796483103,5.089212872785927,14.25499058692168,-3.06976327811756,-5.3109778165249715,34.77617558898192,7.9172151309903205,-10.86614159277913,4.9579307992280315,3.1750092567694574,5.094162181127161,22.516029612952654,5.667767941486174,-7.816728383866588,-24.353007516812724,-5.849059636566795,-9.23166205872233,27.607393875503103,7.329993263948,-31.479292216305883,-10.712962523815778,5.645851444871652,26.258054946928084,31.21060610366282,-18.957304327641875,-8.088490816938037,17.085288321374843,13.59616246228173,-2.186330374079769,-35.999129737330975,6.49495924585891,-10.603887281082944,-4.5100031832569805,-4.957573193815446,-14.178930183410689,4.425118787135584,-0.45861114169829986,-16.191017507582316,-1.2746135609987688,21.154910864686293,31.466557434771744,-6.8507987976112785,-14.396996427950125,-18.307398787715346,16.06838117214094,14.569514134982663,2.3381946724177634,10.267484082240367,-1.2603044581995588,29.178040563907967,-24.647910932411516,-1.3892181216312773,4.729945323705184,-7.510906924197298,-8.040065791314106,-29.346832080445747,-11.907742870369924,-14.710575899494685,10.334875533339085,7.44321380201358,41.73188388598436,12.883279506131643,-8.406996664893649,1.823513562804638,9.256332231582759,-14.567807444229562,22.448689842220038,-6.704990768731548,-4.944288065191,-4.536474614789876,1.5159628789630721,-3.3850773962702645,-10.021057531939627,-3.690040005398372,-12.413213614525585,21.43712374841337,8.776266937788199,-0.6215733767071315,28.757428917835096,-2.59822860289866,2.3884219272144946,-1.1589691952521342,-29.925123255831117,20.32656223927696,8.102255250280324,-10.763012135635,21.890662663383416,13.410971427936875,1.2720994129997796,-10.617979733601016,-28.849723892669275,22.018428066205875,3.844872283824454,-3.7679768144469037,24.13773521387188,14.892455390422406,7.986025981864109,5.562305166628959,9.958517234737112,11.81421823928017,-9.148036244414445,-23.82104629404596,16.231796284636218,6.215640636644993,-5.873508026073541,26.804038977233184,-3.617187382250757,20.3532039442399,11.464529978580835,-18.882301535781288,-4.5906197960815,-10.472288631099959,-31.1082472632695,6.958580386539319,-2.2225121965410612,6.147219305825252,12.564945153652415
151,65.8102705332817,-166.2326140596637,-57.064161018791005,-188.6954812840296,-44.54062645255317,17.33115070368058,93.35290022595701,-112.98341620347007,114.10756425260041,-23.239804801730365,-28.183052403735488,-144.58594868083742,-144.00168533352115,66.68645769545371,26.871527617593223,-7.84583528848431,-52.93359380335106,-97.79598838497792,-127.71709114389279,26.015991313693604,129.73929444614274,-69.86776847861395,112.35902183697499,23.027897966824682,48.49975885033873,-82.41137863481562,-246.1886090479907,24.15944785934042,-78.92485681038268,-9.03366532996825,-231.9643604056626,-369.9155799393009,182.34287429837482,-64.4558792308721,43.54990695602364,128.07144003903417,95.76247759725496,259.9845073158044,707.5966270528593,73.29490684224923,41.09778411569069,-332.1561097990169,179.59949005173618,-175.572149801615,35.69989202043232,-131.6904397331904,-130.2572159767617,-8.131837347747505,-9.930240292646506,119.11728151603984,-132.80444937328414,-169.51150790252132,-57.99666543276453,-101.12651261274254,25.177049668430776,107.1139233878183,66.05009372008685,-1.1400495037473573,-39.104179718209934,12.26576474687649,0.15549254653966904,-12.642469404761057,-124.25903580416505,-56.340404473431406,16.488909514502595,71.42728821786753,18.071817314489422,-72.21416386076557,-39.540947249565015,5.809347791356258,-8.149773366815234,8.864404277531039,-5.515505927527877,9.203538948278561,10.947403228232192,35.93634114650065,-58.76853882981326,26.783908892024943,-13.619329511208347,22.19756615515431,13.514942501582864,-0.8010137171448163,-35.27827750754893,-2.95116602586737,-6.386197884041167,23.772364946929116,-1.075739265693715,-2.0882160779839554,-21.787821413642934,12.074593082477042,-15.28969109452758,-20.209021529411668,13.617778344801293,29.552534145222896,-20.3572406696127,27.008451855164548,-47.25520698381377,-1.3652362111007947,1.815354965363247,17.37526003308268,18.025333357393354,-4.711103858443647,-9.279816653337942,-1.1227501731465297,12.339497597076058,4.2143069182498145,17.826512645358513,-18.772657319671676,-3.6536281995984856,-18.783930602533523,16.50402087731144,18.894173999287833,8.446502201263462,0.8173180017374746,-6.507357072382619,-20.787986973762504,-13.945671552120206,42.21774688842555,2.2416602206426934,5.0092287393433725,-10.29033168469725,39.500333056151455,-16.282483162838684,9.726312366536831,8.482777864551002,11.532326080814098,-5.722146862152935,10.976419350633448,-2.801436711071741,9.223645393577925,7.001691936461912,3.1770812724213067,-5.331967893328086,1.9968136813063924,-6.857143735417161,5.593685351168485,-11.950116717357194,10.602199377947423,10.028953317850066,3.4415463309909695,-19.10014970507514,-8.006817201324594,2.3540814471106395,-18.581541103457823,12.6274845840053,3.678580685231615,10.341775228639781,-4.897190207365771,1.6332189596345064,-7.693665629460393,-12.941364285797432,7.197153234908538,-7.604564248015329,2.7721806627446126,3.506032639069937,-1.6871571011833262,11.22863280061915,-8.645303947475455,-24.36959892734274,-8.802586815352123,-15.125022596251101,-9.74233855340906,-5.28549772224237,1.3533943502589498,-0.8024979439117568,0.322419180363958,0.28287639388184016,-5.4036911245585815,-5.114614239313672,-0.9646042315566675,-6.669632690055736,2.7920001848135403,-5.156589989591088,-0.45963597112424104,4.260132161851796,-6.672106801275707,-5.91548641565621,5.265460145598426,12.661750625271035,3.413705836929896,-5.817195074087923,8.693456115487514,10.858242069282594,-1.5475907728126417,3.1258013343460216,-3.4791191299434896,-3.448576542296299,8.604880795846304,-3.311124937744973,-3.0278257598433735,5.90250492132948,-10.76191611977174,-5.374038030764359,-3.4388919343440225,-3.6434038100732398,-5.003641574249231,-0.8669805925341529,-3.7105141375386492
152,-30.12992652932499,16.18469050094671,-44.314849665352,-60.67426407233878,-20.912221265772036,86.13358711187792,29.829882261892156,12.41476295618561,-12.782323991459037,-52.79466874470897,77.9037669747507,72.12208069498443,-27.339772743255775,11.872955260273478,-25.174329700692507,-54.258727402447306,24.557627195028616,-49.02010731227576,9.528683570518785,17.622797276477318,17.537760054536967,-24.1218097062343,32.282012001657534,69.9691046150982,-47.23250846501329,-64.81660767345855,35.72631066085804,45.918411777701614,-22.39514465380258,4.330701831996387,-3.843346290681675,18.05834883785362,12.52321631071861,43.730937079463935,-30.824880619676893,14.899483715239928,-39.91533630345218,32.97814586756613,-8.443330866706873,1.315850858351712,-31.398270156989785,-14.32342463773014,-7.4219063185870215,-9.281197847792711,1.1484432072750512,-17.93088918072971,-6.160037842247493,-7.028434248325233,-2.9799156021345783,5.8165587273410715,-25.441147512973682,8.088493645649146,10.043295096914326,-39.90345188197276,-34.79948995838413,-19.659346989221376,5.8949642556816855,31.42791019053283,-9.163875881548295,22.944483211823144,8.523243265251704,0.7418977691800915,27.891955329757483,10.726690976877268,-13.950117506362375,-11.633360744052636,-4.063534929386545,-6.755644634473064,-8.34857245699006,2.4254820315235195,-1.9958726507947695,-15.416979045371956,17.46350029682254,11.592999219330721,0.2566196884027844,-22.342779494495463,59.455444575122506,12.355284647279435,18.07894628220563,23.544905094084186,-29.378139856944504,-2.993379612363914,-39.732899929401896,-1.608132178255743,-9.155368698051268,46.631186418606454,27.62857787948171,-11.490536928243454,2.869722198449493,22.38618665797823,18.355158528512828,-18.28534039455988,-13.109916379459273,29.054609840229627,-25.422598137840478,-4.553251677447053,-6.377104561652536,7.935341991893829,4.211764462106867,-2.89261529366883,-3.0478086840111875,-3.332230272728776,35.931350077637795,21.122989854395847,51.7417161558686,24.88262420606496,-43.83844905421766,5.9838558543050855,-24.70269467229451,2.6838176481315843,26.741503776066043,-4.196069451298611,-33.97393867715686,12.870444518109716,23.0824465018511,0.9091532872627637,8.804860337676608,-7.250695785510597,-43.75985920982773,14.453259197192082,-12.003391366859468,-11.039208593703332,5.005054842995426,-4.286286639472941,2.06230305285237,-38.12406152898427,17.313674851873404,6.389207411150422,-2.3185215381837154,-24.163644361265057,-58.15991823927688,23.661270440196294,1.5332605415253504,-0.09298261646773787,-14.380043651605448,20.78426532535751,-50.65817660339117,2.2345131943733354,25.12401554192944,16.320377578161274,35.147202525838225,-23.548953852091948,12.300391264892404,-34.44197709969875,3.676596649524683,19.898147822550172,-28.806739973980513,-14.472656284431926,-21.714713080870027,-32.96605669927928,1.6767738710101234,14.630575202994693,1.8674341149405291,8.825933971520211,6.336885353948357,-43.4959882443703,-13.685941033734366,-0.525937083344321,-50.029471560544735,-5.109528504403524,28.64802984264475,10.598011530861774,-11.8441552394901,-5.8348631429912,-5.446208901128153,-7.419491409286551,5.400361882656749,-10.317072441104877,-15.164587058287978,3.3347264909970855,-33.68775591047639,-11.088501274108545,2.48294503594351,-32.60857156676555,-55.06792318602329,-3.040631770834067,5.64181727165105,3.9040576726831686,-18.175260744524817,-11.10076381824901,31.061947124899348,12.527325565237527,-41.604742447324256,2.206142615257731,44.7734879580194,23.440516125111657,2.4447490056747543,18.179091863586805,-3.472138178077699,23.238532046131134,8.55782688353538,-1.4298418967980608,-2.642666564581183,-23.761194127124842,-38.05292683803109,33.384736643917655,57.99232922205734,-22.581471659592136
153,260.8834061497,-369.8154178423755,-64.41956060127755,-130.33755246673465,4.946556549057988,-124.94508614722515,-40.73426472378195,-44.55206462721338,74.22340058676964,105.28203210021935,-86.50226277222902,2.7190660670599196,-103.96915978313037,-140.37516523611245,50.94856039291157,-132.22133097932456,187.45156630866384,113.69225032500219,-93.01089771953433,-45.99293604765778,67.40255554362565,65.97864001535558,92.29120907117976,-212.34946482115427,-23.86444706241355,-4.271706257746883,-48.57739057596736,-52.83804504453081,-60.68305232892124,-23.242756474003134,-60.35645689784007,-187.89478584096832,81.22979904213084,-169.6774092436952,-337.594817272849,466.93849269297573,-262.5623050959593,3.40679404132289,-3.390626519787692,-32.82053028344308,-294.5775864111618,350.4128528307754,314.3987180562069,342.57444620984376,62.35445595377897,-127.42917259740373,-169.65367287260543,-102.81267731868185,20.50918627939842,-311.8197559207909,128.74027736398375,8.545215843106172,-16.829768199133685,-98.70364949742972,-47.17177183800907,-40.68289295418938,21.876536872920063,-99.42489413069258,-44.45716165074681,72.3554757850362,-81.45852036934723,-20.935234685383655,6.516956466310242,71.648193259401,40.2861621172795,-11.462752172637138,21.102585069158685,-2.202686136064914,57.67147634607982,-30.214939433977296,-19.39221673100577,-29.79415553649724,-1.6318898087278177,0.47796212926746373,-5.6664426083035915,13.939200925945757,-23.883050121240572,-4.963113595193551,-1.444249977274549,4.005947996952976,20.269529882829225,-42.7812753503816,-10.2430994887626,42.38869143318956,67.00347047636332,-21.57857962008426,32.76022676253854,-2.027954566250166,14.963607718241354,14.442224588594982,-17.112258466062627,18.292868339908637,-25.312574089389507,9.484905400086088,21.94360839489741,44.09189899968854,16.762305969305835,-8.983798934113857,-27.3106107043707,4.235601479882463,9.366437414259835,-11.80640778407922,20.406034326522057,-14.34533197300628,-1.4481754712960995,44.33364552823169,12.773637436391732,-27.778320356957078,-10.514231223712803,14.049662239132859,-9.10116802722203,-15.845801673845825,-2.8868653620116667,24.328529925607626,8.626089715881617,4.457860400325334,25.123302806423663,1.9879904400133384,11.717605559311679,-3.5438605331634223,-9.019086082501836,-4.697100420835689,-3.877161402083568,-1.40813742367286,5.9958863440324635,6.526272196522357,-12.548294688016219,-1.1684007111716337,-16.95635762087752,-6.554996530559146,29.14627621220964,-3.0988787865006007,-17.259116346145866,4.418920257631415,4.6473697080018095,1.732653631065869,6.0920571782031585,-4.385308839224542,-15.529450329204089,0.12324890741061428,16.74361210377532,-6.319739622243882,-3.7119445981012653,9.344344286545935,-11.320863517135717,8.937762523953262,-0.451548619661589,8.189653737237206,-0.607798460207266,4.602671773496187,7.754682954178214,3.9238259135000173,-2.597233878852081,1.2529998310132893,-1.10718292413726,4.275678382947412,-12.972369802952455,-6.441747631046851,-13.271227355839025,8.422233001218162,-8.69839252299936,-1.0974028196752974,6.657669473193087,-3.013082141189932,-1.6218443223181604,9.690533497460073,2.1043280788430154,-3.14958774371319,2.346399185138788,2.0347906391793393,1.7620636673571783,-2.2494492790586804,2.4209274188063943,0.1158722067254806,-6.998118020651773,7.80712796763525,-2.5415781024534887,4.448974349872652,-4.417697402121007,2.1898907027421406,3.6248252912619687,-3.203573879409105,0.8540856413912131,-4.778098963131872,-7.28633446633544,5.8316074049853786,1.1737900915908228,-0.0724459988391683,3.3091665877219656,2.7489079265501157,-1.8144327351056715,0.8777754520729706,4.515948161715298,4.159207299956464,-6.296368598661763,-7.392520554607393,3.4487967999101583,-1.8513620965825963
154,237.7532747951232,-173.98627344432128,95.86206877888547,285.77729693905195,-203.48346456334409,-198.7764296213758,-310.67963207207947,-138.4460589792332,-91.1912240979471,-122.56933972862025,332.5246198000044,10.732359714621666,-48.44075556619613,-20.924022700961885,-3.421679304562976,-84.06990798589892,-29.786474489427622,-399.18476552005603,61.12612795360194,216.24546195779865,249.07526043497654,273.86804340968854,-204.1246263172523,84.96864699124806,-586.8943798202148,529.6117523160143,-109.89711136394284,-36.83458425183057,-61.552945135574184,160.627362562269,388.09039853140877,131.61862741616994,258.6603163336577,61.578944108850806,234.15848877622673,104.38416263680061,31.56199623764323,-81.27409935846258,250.9387008486314,-92.1333379682792,15.473653656784045,8.434218884558318,19.137781780912718,229.7366992210355,1.200414526040027,38.93319567775133,95.04147385364111,54.69097929826033,53.076432702931484,-80.74611156638554,-13.176952670865687,-1.1879932298675353,-2.5798430196915927,-31.226656597202606,11.68975742388417,12.606356632013705,5.520476081964736,-1.5767522635304685,10.595862845675697,22.081440081685315,0.04383775595951667,-7.183399250058753,-12.688810314812045,-71.92757817219712,4.968717583400203,-14.377681343427259,-5.216917201883909,19.74976496711075,-14.380405882191328,6.449030275265149,-2.3109366152649184,19.353001955977245,21.241087896969493,25.60430429291097,-30.270465123360594,31.238390209502576,14.86251987252694,-6.9004646173907895,18.009040758801046,-12.822437798750634,-15.342385653208696,-17.864828740705775,-0.2547717657126116,-20.609762264068618,-4.833748352354136,14.750861477061276,-9.619605168817285,4.655615953636438,-5.316378062763691,2.5784083021748954,1.1587115925748424,8.512317700028184,-9.0195365210922,2.9387007504862455,-4.60764186663094,13.046193582314956,11.10199764051605,-9.939183728777422,6.6975116776026855,1.8176407865358666,-2.9489252824583163,1.070367889608797,-5.073511237408447,-7.567030196168295,-11.534219668198636,-9.543505701484507,7.3711120450419685,1.5531880143808885,-5.699447576443108,-2.8704561742161308,-25.013328661483328,-5.218501471218296,11.405415997321489,-12.160908442223464,14.492297732100631,1.4848880271464924,4.7999369669479055,-3.6720223909764123,12.923708223033804,1.8324279778348906,6.879957640710626,-0.298689242014756,-4.3480255387217674,6.423865326584439,-8.63400120239076,6.128302948333026,2.3373659268525233,-0.318989072720068,13.820467077465718,-3.1594323898297096,-0.05418655204012457,-2.647248559680385,-0.9550714417464203,3.2551077709748464,0.37704272940751515,-0.2745759888841244,11.078921684348257,9.328595739111046,0.47480101014675424,-6.433209998661615,9.282915403414702,4.152469214659145,10.686953830294312,-0.4202960299028504,-12.679927003681849,-2.0876327656842255,-3.0620267475718395,-1.3437087440641435,-1.1668649330436385,2.0481486707950154,-8.020810319108334,9.344725164855907,-4.678699390078272,7.731171788634727,2.939103895556963,5.957831343561345,-1.557010188688769,-7.136811723322861,-11.107863501784715,5.326137880956922,9.063073571027124,-1.1109650007018201,-4.623461012500759,0.2729830650643019,5.4754165947617475,5.2119215963804315,-5.571383792182146,8.110760622946163,-2.0948396945881766,-1.4878176294554852,-1.002639673364747,-5.878678072044373,-3.2559931777402262,0.01197844144800353,1.0658676338391917,-3.263076786437518,0.052978288381832384,-5.594085389150941,2.7286284258647555,-1.8706966236418932,3.0466040548830673,-0.5300688893427403,2.642440617672021,0.6458709527577059,1.1204573212950693,-7.954745553841217,-1.4042984815973498,-3.742522769478231,-5.369516922809617,-1.368298905319153,3.9239973637978576,1.1061613297190482,-1.097473131394297,2.9098703466163682,1.9099807119461087,1.1565855029058207,5.8945098890605445,-2.956378555916166
155,14.058268595277813,-55.54962453783054,-37.71729499302587,-82.07068180130005,-72.54483171600398,44.344875523305966,-92.89916112420747,47.089438971171596,-48.069198872338006,-20.68157640259479,9.108068148157905,-31.9411677332908,4.8431822906419715,71.31639826257806,-47.68001468710438,-33.80741314531355,9.163973561377514,-93.31763659223886,-72.45072267324748,-6.790327448843035,-6.518065373660082,-28.706528578423192,60.25957153120832,62.3603480538878,-51.063752825957046,-70.85801488405104,71.27963278732585,92.13098682802193,4.108407901173616,34.409231123111596,32.95225823889777,3.860200678905898,69.16232581172257,41.344087438422356,7.214449966038785,13.778118597867211,-49.09059816057256,-17.79220181921424,-26.612741904589694,2.9130161024304093,-16.080863904308213,-19.94721643348442,-36.17076686143557,-33.684936987667214,-36.29109947322755,-12.869814781374473,-17.208066163727295,37.38374570717694,15.35349969519891,-39.24438695967466,-4.695300473723938,25.001195539823303,-34.78944148436448,-10.715204634271537,4.2702718262784884,25.49722414227936,0.8835899499415253,11.61519467955358,-2.567676761862146,-33.069147931163485,-28.666695183084336,-19.037628166541904,36.18057226762347,59.43964037425355,-40.291177832369186,14.966327141805092,33.393590175480895,-24.175474799935714,-3.624471267092571,-13.913318353327321,19.068301916712816,37.709726011873556,21.01636058185147,-0.7454746228772727,-40.45777785660748,-9.685750955152775,9.248493242226308,15.237102887347765,2.5735009774893993,30.08155820604171,-40.750086246321246,15.796586897502111,-34.50686237921205,22.965329799805364,-0.3758458255428907,-15.58175532133868,95.20971787621984,5.835106221745022,-50.442451999393164,8.4002909689276,4.0433347834034175,-83.54778069939293,11.146521717883187,20.09460379092843,46.667922207779036,-27.874516588735045,-8.697066572760908,45.01484176432588,-23.434632644648445,-5.984660551845257,45.50764565770206,-3.2794348384010945,87.65497345632178,35.558684906880174,117.53666650530822,-1.6263251622828871,-88.23784754431401,-91.5464220160523,-14.108064199350729,21.296498501064605,-30.505545149008178,18.427653827537426,-19.894034418437812,45.82205884783619,54.99779707182527,2.840264954760855,-62.85761287529319,24.60452961585317,-69.15770556645015,-5.901283767321664,40.17088894607117,-14.259461670073907,-53.17427396129756,-62.60635669591666,-11.187174300750309,-43.04545735760156,15.39876304711659,11.90608667929469,-57.62951238754809,-28.397243603361268,21.519604485395558,-5.89140114423576,-5.728344719816434,35.947494032787425,14.529414212686625,-19.15717405295731,-11.011141555454028,-2.886483662090575,-8.37724966100291,15.316130279610347,-44.853048449789036,4.004696205905929,4.194732884106114,43.08425251059652,-21.81443518794826,72.87753752258355,65.95648154120705,11.159170681295073,3.518216589184109,57.58960768899744,-41.18021068960229,-60.90527820091077,27.65124362641086,35.14342463786026,81.99456328382557,-76.3199959491443,-10.928130807098675,33.927871919863165,21.459969507815714,-53.39552950328306,-55.01881585831901,26.148537709747487,-66.61615848045624,4.570680712194702,39.087038426891,-45.97109635202282,-30.80206108222034,-63.580716232765674,-119.7112162305877,21.135812864980704,72.07052798435848,26.792328130955,-5.98964647774081,45.92901613471769,43.0843514095959,28.755228455642424,-86.19754785527721,16.558350438529434,-27.76730852721326,54.694413036451536,-25.83665976429451,59.306272970315305,-44.46065783548378,-40.547052820988306,15.777922951164669,-42.05628586578514,-1.9235054619959964,114.67163308180876,-1.9043703193797379,-13.550400423879656,-7.0080506688156525,4.243724972589814,49.975254050813156,38.84144973806486,30.258432049504645,5.817417178228989,-65.24714813975092,-29.82541635009324
156,135.18077889670244,-108.23576341293838,39.60680712230146,258.4923404545209,-91.27892630206847,-225.56968289615432,-220.46698131446874,-144.89839032729455,-27.629130152181688,-24.622447539685368,149.68513215217848,4.395461984239761,93.11205024647512,-26.60080103333087,-6.310905157409988,-50.62502775808136,35.2562478604137,-288.0004935338533,11.208925578756471,53.26178333682985,-57.89989482460844,82.55418407042028,-202.92919509604678,101.97690449768572,-144.08999123687735,157.3702378873116,-96.07545345924949,-8.616845819206244,-92.28551443007096,-153.94573005028826,-200.98604552088207,-124.0571936636635,-117.27885904120363,-12.700878224555773,-258.5597839673566,-32.02692569560971,69.87020532727396,5.429565690440971,-79.13312560530139,-90.30821535291778,73.86617053035135,84.09986790517564,33.9695750635833,-220.73790717704296,-120.18698923326717,-136.01898581337218,-205.32095277718227,-186.05939733627173,-297.399697699164,200.9064262416066,327.9841048185482,165.04146065329905,83.70590660096788,197.2909950828754,138.8246898962213,172.85985295379422,200.04076010605047,209.49698489205372,-206.61877451151756,26.71803604464898,-148.72978577294725,2.809597783819557,54.62502994309522,17.648167077013174,-189.22887366561716,37.836451483288315,-52.19546074244636,65.5098927990834,-69.66563354204382,74.1328500317988,-20.305484444382042,-20.283423963093366,-34.643397529793646,-42.00907115359191,8.055144257028937,-1.3192136927454527,62.704812781753844,-20.164941829448416,-15.934023179692346,13.28856006037017,43.80459121629812,23.00014378342842,-34.98686094473981,-71.90614080189111,5.726945094058028,-45.695371646286475,20.54723745706112,15.759770849263795,7.2025710241207666,15.581464546572093,13.658210784209968,2.505538825647931,-29.196069742680823,-17.08080918402358,-7.331637539312144,32.332820547489085,4.761078741232347,-13.737734309833195,-42.571676388816954,-10.11224552002555,29.218855896306025,-30.015998188556296,3.7345715962507726,-3.314832888271231,15.110709972978889,-0.2833204298957468,26.878581136647412,-11.108472510523999,-6.850537539145932,34.569500520996016,-6.380415454838753,-2.5138706241174713,9.002033817677521,24.696574813996516,-1.9348561582661303,2.8587903963694243,-11.686166601016021,-28.704586115529874,-15.103370308830874,-22.491939289058273,-16.113627361570412,-1.7076520070185184,-15.582972868970677,-9.464377077237158,28.090494140342173,-12.357334307553504,10.21182907661329,5.752972077923477,-3.7022686157053335,2.1167709853706684,31.641027136885793,-14.13575221301839,-11.70162063106778,-8.885323031779816,35.54262348485689,-2.823836165210328,-19.96918081806722,-15.410807237487353,-8.1688823258249,9.912300622657826,8.1171973902745,-11.626160796548387,-10.686652848264442,7.586217291581065,3.245864579102737,2.4411900111572242,4.419872853097864,-1.2357655237661818,7.086563437910478,-0.9781131889377052,12.029256920491727,-5.890697068346974,-0.5941889654827119,-14.216676169431377,-11.098195775751826,1.6839488315490168,-0.16162431893951246,-7.126842259306081,-2.9556082726449726,-9.046797435271364,-9.3124229554324,-5.013851587589965,13.608564600760515,-0.6979875721366904,-21.42269640664575,-1.449939621754044,11.460408782853143,-4.0598948466420115,-1.3021968726549826,-5.143976082106841,4.158909977887681,2.1013156218064415,4.6278177695902425,3.5930163201571896,-9.263427351154181,-11.943711605482155,0.009202043129855175,-3.676094468338861,2.373083396283565,-3.813897860068522,11.004199346996426,4.664689594367566,2.7497113260416572,-7.302699641558016,6.131411159866824,9.376227488112956,-13.13854439994207,10.810617481712244,8.921608077487656,3.7394364512911893,0.8522375505548938,2.5634741928694496,-5.1195560615167395,-4.255417780685055,-3.5694245931890762,2.8028856539635068,-9.406512606366459,-4.180387974197129
157,-59.32508653555569,76.79661154229767,0.5836655883798978,95.79202130620213,64.39783454131842,-44.352549340130274,48.41257667779368,-17.443939502467806,38.542401140316336,-35.20511177001631,5.861409293414007,67.26832882074694,-61.79469519924147,-51.73281948151512,23.521757788108204,-58.93416660301997,15.356926142408716,-34.201611758471486,-27.58556703673773,-65.37290010628767,11.106907606504915,-32.623942616927074,26.512133201349723,-14.587905066777157,-35.93864719302717,-8.63854031807393,41.053940906092,-11.99351484766019,-30.550258287553127,-17.03579901591907,17.205233812986,0.6132640303751923,-48.46466048645704,-18.381668426840815,16.55277020991963,33.73500782511676,-26.176596946261952,-22.03521317753144,4.320692929032962,8.093288492106256,40.287911996018906,-21.321134369817834,18.636461306299676,-25.119427658175763,-9.12965174174254,-31.27131267482567,18.213014761741448,-9.437325580922954,7.415237746037951,-12.230853614126799,22.880346949368068,24.80439757604228,20.066525925900063,8.5530393038521,2.91592680067897,4.893532439764354,-16.032310080800304,-14.660930047983067,-35.10417751588225,-13.66088079441095,-25.255225164313703,14.02102724441609,31.826104976972477,-18.813828216823715,3.8294860454274495,-4.115209025074057,-6.292061908358529,-42.36043877953467,-10.063031250118167,-29.078353788149787,27.643440259251182,14.548249512650445,-13.627625831172168,-33.73850980833045,-17.66670294898837,-13.396208507320551,-26.514528775166337,15.382763264910928,17.832609190116923,-15.949338317414611,-15.684604767004956,17.71697942697383,6.2042580255922255,-2.7087079226554596,17.649802819065478,15.58148980649204,13.34205528863707,11.52469143917784,12.310091378448952,25.470114521970434,-27.134489136674635,3.107236125567188,19.51141199250963,18.579389479916127,-11.15537021567271,-5.337495081666986,5.243937985329155,1.9107750090365623,15.30302328250763,-12.755830431739476,-15.27716692123811,-8.965708177268354,18.410389508584814,15.684774393278198,24.358376603722895,-11.723155530334878,-3.9802654280120198,-15.986358048580312,-4.998507799099492,-28.771345953826614,-11.66234897736238,15.928467573271378,8.411504582909972,-17.940935004969894,-19.535698645496893,-0.24820870109830556,19.01019799920427,-17.996961944994144,-21.7855750533915,5.722919957664103,0.6741860152351158,22.365530525178528,1.9924393994023575,-8.053371691850296,-21.717935244917598,-2.993740166474239,12.368423198589317,7.485672296476841,12.095286343407624,-12.084815614016309,-17.413937813056,-17.659493828837387,23.008812016839347,0.1806400699001416,-17.028131074522367,-3.8302435950580143,31.844714767822616,6.739975685868822,1.92973170214386,16.669079039663796,-9.000312807775043,31.220594359555964,3.0441089729874484,-2.541794180451936,-2.1186669050822116,5.899198572156021,-42.336940886419555,-0.6135990798329493,-7.504769913907045,-0.4001682184291353,-19.39014142091287,14.4397290044745,-20.426514781228096,9.258082111168779,-29.650146473679836,-38.80829124100149,20.66356129070403,-5.114788885785242,16.020233477371587,4.582858939881274,-34.7277040943192,15.681936478027254,4.493021880303923,8.95155209734373,14.381991973054584,8.046037018851061,-10.07653780241581,-14.660316741115517,18.328828811266742,-19.178836554061583,-19.285868221101698,-28.75739316063431,-18.65923624224757,13.070906292999792,-10.537457394123955,-6.258236247948196,21.754494472452734,3.277428845493593,-4.091605892228946,11.111662227153884,12.147809921377394,15.00314412512292,-14.799714805581246,10.085511916062114,4.11732174106948,-8.353613063365707,21.818756851113136,2.1591375525723002,-6.858710675287327,-16.326565456272817,-13.796059857779033,-11.546340227339291,18.177447259958885,-7.0435939536952645,-12.62865000528757,0.40506701825663116,-23.85393218333111,-1.6576411990384528
158,-8.651889290251697,-16.293909914174368,-2.1984617818159644,63.00746085419282,13.107254905762298,-93.37737752534971,-54.254067345918365,-26.11323353459994,41.244111556258844,14.5349729192187,-46.28777453373366,-53.15922226541567,-51.68482266381074,24.44227656985563,-5.021152237896178,-18.238241077541936,-23.23987915899005,-47.19413215434315,-58.68895375444338,-24.256787698829974,-69.43821253800859,14.354766881593362,27.499255294787822,-2.04947266780057,-11.73990015092234,17.00356975579417,19.781842354336614,44.3632580469734,46.769221842506305,-75.25335901231627,-13.931397206263576,-19.804248412698023,-48.89688327021473,-62.877644837856586,-10.928866971219241,30.07848218413642,-15.829709405079923,-21.61691915816291,-19.84475229516479,11.869229880370554,9.390420352725322,-38.12491247231294,45.84001892581494,28.538966395142506,-41.47014466674456,-58.9737167901482,58.016266310147046,25.84350390237774,29.049972233589592,-19.037794540320768,-0.19468858524491495,14.753138421443248,-16.581163630408128,-3.790081720288,17.992542100229056,-4.039815379336974,-3.8700287321676634,22.400006700314034,6.295159478771823,-75.65704148305105,10.509659718150358,-3.155060183065003,11.294974433266905,-32.74901414920082,-20.02826465320772,-29.635565048974662,-13.358395168033056,-47.20722761273818,-28.116765031247546,-44.086888635357134,27.427377769989516,26.04010845067687,-32.68869681536208,-15.46118629814409,-51.11048428914592,14.741039659600379,-7.164492960964409,-45.22049475764579,-5.713283208904293,-35.54052087824994,8.04664955055622,77.58421651190584,-4.584964933742662,-50.36412591207683,19.296005189016967,17.31288448786836,-41.794244152482484,0.14613679280889058,-42.64928962789931,-3.763082796065354,-9.338847948707912,-10.653930861967247,31.782291035959055,9.393754255689297,-0.758610087382677,17.700128281640083,11.215688210587832,-15.021733982336949,-4.84291119960776,-16.57785188450734,5.490191953512419,-10.4869385737633,7.787663595237237,0.3591898184702627,-24.05277331836044,-0.9433059095095638,-1.6127839453259232,24.526021754100952,5.888666423798937,-28.86839450696318,36.88025131262848,-17.12225043952723,-24.33787990058442,-3.2771284659549167,2.1353031602302712,28.240989445974993,29.469526840765614,1.163083219170216,20.841160265136025,33.3978455060952,16.799722821138275,5.587810427327517,-18.90411972719301,8.346558862283116,-9.559316768481445,-28.264433054632367,61.51655949524992,25.048707352948107,-4.061706584788538,42.09894845529711,11.097703907711248,-31.951742242953078,1.0655005518977332,-25.32558923533321,-16.1842191019702,-41.25669062561621,15.034111703090495,19.329868204232692,19.231240367638463,-14.6515550322753,-25.017651948843056,30.81484918838058,21.37493798306573,36.58072400654853,-5.062048106015103,-0.9029697821441556,-39.38086147634549,-47.05717311818161,-12.090298855426424,22.991514843613587,13.054763953797885,-10.895123338661381,-8.023869964356955,-31.823300555393846,-44.60132559813925,-17.85036971435887,33.377033229216316,-3.882841072819005,49.176125681743265,7.4504967477507105,28.499074015977904,27.53369411543655,-25.31617820408795,38.27395214754136,-8.10150925894746,21.082583745887735,-2.5040723007153884,4.851331650905282,16.32381900402911,-20.310037700916777,-15.118848084154124,-15.90320105177579,1.1987063120057928,-54.80484819212949,49.88322065731469,-37.689269463377016,21.05878847847006,-30.80516768105254,24.131905337926618,-28.58503079547063,31.281339577546042,42.79126551639816,1.0001066733668227,11.516431735333619,50.167481895968685,-33.05552818194787,13.910942971061619,-13.343643733560345,38.725613617870174,-2.685774318565274,-8.983993096333005,41.38081551721196,21.258942079589424,31.30786877511454,-14.496666642964874,-48.89980417971994,-33.804877571164525,-4.383859328886368
159,1.271994492750725,4.7770729353443855,24.912527322329662,123.34030152735247,-12.010160912099842,-97.3862547309617,-100.17766972421286,-22.851081109207804,-38.92846152070509,68.73421017398407,-105.08478040434318,-107.59922043191904,76.5442202218103,-3.5102767115713096,55.57310514418451,-5.590322721433669,11.606154966313337,-26.672529612551156,-32.38220666154346,-40.26846498634875,24.984222265224492,-33.53421036140585,28.894376414325862,21.165078021640593,-59.98689836371866,-38.94797654532634,39.00889948226437,17.040900882322127,-12.08417331952457,-99.4847314719386,-14.874069326972778,24.254914317763074,-87.88559263577712,16.73221874913065,15.229302395097925,63.911802379371466,10.18601705837456,-5.478003359724075,21.579419660280422,11.0460311771226,2.243050535474259,6.681907689527821,-29.52322447482863,-31.557509030489154,-53.76436799123374,-19.28317902063764,9.36395153208493,25.43229270942319,45.406550399436505,-28.496473151886555,-69.82653953161854,6.945958538345527,6.735743924855952,-24.60414666577532,-53.25462690998073,-37.477202989129324,-4.901286872710959,5.111784830716368,23.750449282810806,6.815579044565943,8.593708520988606,28.81237237071142,-24.343574628926337,-29.466602342898167,-53.3948059723245,-63.54071795708347,-50.74567996550313,-10.881844385746588,23.099862261019563,-18.222832494497045,-33.43393951452278,-17.41950053086733,-42.8341588542375,-0.2021102659119121,-39.38383163533802,19.709204122751665,18.34918232674309,34.09730307292523,-10.037563654965934,-29.88261740082844,-13.528442237591818,42.19130600358256,-27.097806684702057,12.680596034465596,30.052964912435378,-25.969691144980715,35.05683077593455,25.305897150389207,9.012814650755004,61.01719541373119,-14.790630277930351,39.49177799851861,43.21342759760686,-18.734110368825988,8.704625355941644,20.996125058018396,32.67377653792556,-40.223458225264395,38.69884420233811,-14.676406632772004,37.44018308115017,27.623580966456583,-34.95908832397015,-6.606921630480906,22.483397928685346,4.878740092723104,-7.51436847316122,-2.071470222721083,7.826933790060519,-14.512809904107966,-53.150285686948784,32.86063567655225,32.5140176942079,22.582866656125915,17.322077354244303,15.762665181531819,-11.094154705149997,16.89860392681099,37.683159125383305,-5.897290784321395,35.18335812117666,9.480603716540367,-36.05940387856404,0.2960505564276321,0.5755406437540689,-43.12279975991845,16.28173960919478,18.781906905362735,24.14679964553196,7.023388391703869,39.39487491269846,-17.59058407083494,12.744551585665237,-10.223645859753283,6.861537458832636,43.70328117112802,-13.803366208722395,6.549245231376892,7.727822516819482,-3.0838512403792953,18.28627301453383,-10.17543443548295,35.2084340628138,-0.5335048389057129,-8.329865745044355,8.444496035891413,-6.833421232652112,19.12640618719336,-20.72675589019126,45.156936318794436,52.29962903717046,42.13308455137811,-10.241575864547642,-5.248103409152706,-25.1279267105512,-32.23635537499547,22.63735057056747,-14.598392791836886,-41.03579366231651,-9.424058210399235,-7.1479168741531645,-18.60387585631418,-10.61198685869309,88.40988889993653,-61.98070044694893,31.805015192572107,-50.60326193756606,26.411948828967233,41.93228289066427,-20.361415039666767,-29.836981153230163,18.248807097538997,5.110696152537596,22.376222996490434,32.177735684625816,-7.239431913237928,58.41043324726031,-24.383008393539683,-7.005967257622283,-16.720294430806945,21.48314919673592,9.505950220890453,17.429353439585498,23.9189848238855,7.150830640345812,-0.042680182160061086,-51.17655976063359,26.94831887554075,6.0974963113279275,-29.88433636856573,16.602162739470195,17.203295340128726,-1.7873786501419466,-28.184703185688804,-16.229484366565114,-1.031461491502629,-3.0426453461323697,-23.897977504052644
160,-44.38747350648449,38.40048933054606,-17.0778184442511,22.028259617036227,10.741873569895036,6.0497578615455625,34.43730692156715,0.8421827979540847,-6.711892081325025,-5.998434503275101,1.1166994599638134,-28.179698540751914,0.6084296306009525,31.204425447372373,8.708518217356584,0.9352222018236782,-0.9224459625913504,25.710294485993934,18.99803157708519,38.16304732028925,28.02469293091092,21.3098270257401,44.09531015571782,-9.280009546190819,5.198282313259346,61.41958923743824,36.89004343722948,89.03660709331005,26.884383179842214,-34.44139126332923,0.8773964556356669,13.357332322809423,54.653381458099794,27.503908083652888,-24.97866114684906,-60.88765702443723,-20.069146627450806,4.772883395670005,-29.533566868006375,-16.399815143472082,-6.607796112803098,7.310591423653886,24.929155814597742,-22.224080975186453,22.948866720182487,-1.5813058795534767,-50.61606812166693,-10.677741473174207,35.74506043908259,-12.580534310232771,-17.211939736870168,-22.239904808366276,30.641776272940156,-35.81561935165362,49.94181577896191,-8.818758098090578,-31.403878983615193,18.251152696817407,29.870292970681323,57.813460982225244,5.028788139875782,19.1271523861544,-14.343496176644452,-22.035311197513504,-38.632712669506596,77.879103079568,35.247355824766515,23.208451082046253,43.6731174496554,20.105691777960264,16.630699674692,-9.732864650045213,-0.6233638101737121,10.176940855198623,57.87702234174686,-10.31201315623027,35.015879245108906,-35.0554055613761,-16.114829576827656,33.09782430401584,-30.21067063879568,56.90217730008376,-16.14771020133635,5.979775692244386,5.592774520097383,-7.879815159817101,33.95612955841363,27.49115973343556,29.44298471961388,46.915615566884554,37.26380678115403,45.88193928741917,46.082343917875065,17.210001253691118,49.85735000591,10.50354741670882,-23.5787288841459,8.72721919092,28.241659180944758,-25.939354026566843,-42.27199029573906,13.456423658602892,-11.020464340351836,46.45341910773526,51.15889535473121,-2.847981952524672,-24.208259329825427,-34.778516024479515,-47.15260640485264,-16.94104877229301,18.414354291638848,-4.526167958967078,-2.8112220915947024,5.787001196432219,35.79950275792159,-43.58801371216088,1.602720408943118,-36.61612269159183,-12.296465931685931,12.451196524735355,30.137391815698226,-19.63834431154031,-35.84332438509344,4.36014100086962,-0.6706914774336276,-30.293791348326327,-12.43431775412009,-21.667887123973383,20.855072498429795,-77.00352038211898,41.94655144517832,-46.55598512787553,9.059823023226812,-23.45443574918356,-24.927282810158278,-21.780605891299995,-33.77746867810884,49.09058611174336,-13.821622094679716,4.762639181774706,-20.860712109456756,3.3662767995646035,18.322930318652766,-46.28567084802837,-25.907070300107403,29.30320910904638,9.955906736131857,21.42055008743322,-1.023165748972729,44.20565083926968,-18.400164727788866,-3.2963264331753726,-1.6215244480836697,27.93754442603375,28.3629588530461,-40.48326501074043,-14.714570250594454,26.225484859031187,-22.075860314765805,-11.119391528591,-15.172373905734267,-6.796925357459307,-8.630824623054586,-62.638463299133655,-29.727407577872807,105.6573778599453,12.993268457480006,-14.323574990228765,-7.110163549566428,16.967284444094666,19.259484477018525,53.66555739769782,0.34554901586396747,29.297036511560904,34.141293384982156,10.294801073399153,19.242827578563638,6.855039336263047,128.82154157256682,1.757354294771619,83.02780726164734,77.19638955120318,22.890378986579645,-15.477563287587502,13.256049656319048,32.14369692709598,60.045098755379186,-74.19299372362467,-76.41532621112735,-56.66512655008007,49.19395378175543,-37.68179108494102,1.1903400765634218,30.737717499889566,-4.750578464390278,-29.6616673151561,-7.920909741561451,29.495967445947098
161,-35.280314729373785,40.61943752536976,39.598069029113056,36.36710984119914,2.3659179199285636,-32.58589309478545,-153.92295317527984,140.2819765963262,-9.592273828254195,48.87426231835985,-62.94025117832546,-13.27853767972293,-98.69401192741415,35.33745363916188,-10.210001702881627,-11.311928844806898,-35.56583036953098,23.01277850774849,4.49927541076291,35.340831560469724,1.1418235831960382,3.028901675497054,17.686574313210727,-1.903654668746381,-13.642261231359875,-25.83825254706975,0.9635860447784088,-26.642755100506854,-6.3671237818723165,63.506319716455145,-11.879652987962416,-23.714552255491576,-34.941470692425355,14.705691596866107,22.363062870404008,-0.9178690639215668,19.3137361719343,-23.26379842827486,15.760460361311663,-11.33075692759936,-45.746442132214646,-0.2988840053338637,-37.6384087287888,2.8542650230850466,7.4176470717547,10.197782702920083,-6.214336360052805,-2.5530710954015094,26.218665500054637,-16.2831385917898,30.897403926597107,14.846053693849855,-28.21233052413161,24.80352441967609,-15.592154012517044,20.06369569373718,31.584393540092687,-20.774659770638834,11.415901329638679,15.950248106077721,2.8089046518300504,2.865635364778094,-1.122753882850346,-4.14236734970015,4.622169566534547,-12.369724495253108,-0.9549513447578707,-34.15198615030565,-39.7011500715538,-25.175689213326358,15.271732970832058,38.00250973998196,-7.8014580070844755,-19.156980288272724,1.4817164095902329,-6.606274329886227,-33.90873850709724,-55.79071475793204,16.687458362266142,25.584695713920443,4.596623532480512,26.68905817774496,-24.09899675168021,-5.130677141403922,-15.087052377081083,4.483750203715181,6.307838358898161,5.257549647951387,-15.237832603957795,-18.73808416894231,5.185708032671122,-15.173583801307,-32.84736830866088,-0.3049146856162155,-15.117779284897983,-28.913180279889918,-34.379966677900434,-9.870866819513033,-40.687910150218755,-0.26866185555440825,10.669282504484537,-36.104247620014235,10.820966191879329,15.650927776429313,-0.9149255294025077,31.266733786007048,-15.762668104848284,18.518379086487236,8.006625613368847,-20.13830677726716,18.006324635638016,-56.23357388168129,20.55308669361459,12.16724019445948,-11.19578340850069,-30.84280883066337,5.902292778711227,-3.346283965116357,-12.650339732096146,-57.07790857517905,-5.775910092614865,-24.020665462799307,1.2019154450689293,-30.71362763495386,18.598425404761155,-11.919923942674622,-3.374025730224545,-5.522987097228178,6.528440065600943,40.73117912567351,20.91017859289466,8.146831241742987,-15.963884092509648,-9.339621837189824,5.076036471449102,4.764156642168483,0.637957076436912,16.706030370666895,9.156275728274778,22.203690646943915,1.6406520872723944,-57.67187904676846,33.993097090822765,10.562209641929305,3.7460385317053446,21.184534024121522,-44.583718321528025,-22.885491316463163,18.307216134141242,-16.445647764537295,41.272341940265065,-7.357001566787784,-40.02266200312715,-12.920268223333826,-30.334550387621736,0.6046675008358662,28.37054050139028,11.17518750536317,22.186123277568036,5.260855746040673,2.771747142090305,7.794055903168398,10.978063321122873,-12.199709348067021,-11.602516435385462,26.737957879114685,2.3767932059592844,18.777627355825427,35.167022124743795,3.553419782189571,9.5522492788872,-12.309472094892701,-25.55574916871773,-1.6370829315892717,-4.830623053113254,-45.3566660874471,-11.794866818953146,-12.065441250384346,-57.488195533883065,56.31626957289947,-32.10142748319595,-41.84163753448328,31.90524644451792,-5.129639973298606,-4.08677269429903,-2.085520238685945,46.530254037432464,-34.80160518789892,0.19979889047612098,-36.665273478618424,-8.224744276623303,-47.57141426950316,34.28744141906518,-28.123399322984593,13.462968256263176,-28.812224208102425,-4.079694214577181,57.39975528701739
162,134.41315438967348,-257.18986231797464,-32.41390199130346,-230.78160585907537,-15.867426236370486,-15.421258912691755,-107.37239217529897,112.59623124467817,-9.964767382796389,71.09950415966644,-62.65725201054556,-50.995824151661814,-127.81227974815492,-55.846557671991185,43.44162696477742,-4.037876237939816,-59.24302214250568,71.34501963293759,-101.38857131931692,-25.197202123982127,-124.77596838217369,82.907772398799,-306.93804161705293,384.6295828131847,-155.4336178313204,-189.98770514760218,286.6616028938975,-17.810748532075557,149.9850777108225,106.00547201385851,-130.7583208099156,487.1437375273499,-252.6514031803307,64.65600326850725,-33.28705559695938,-276.6980273577767,-174.531169222578,25.843228257328686,321.4654122188871,11.78515831771416,-16.371703177621363,-111.21317998327571,351.75460242426914,55.23490418795559,230.15811600863367,27.278675851033128,-231.29290208135143,-187.32275806224075,-115.36504685453619,-182.49363223003016,-81.53686501253982,60.99969782597855,2.030739709520745,102.528247854712,-13.551564496653652,-104.8648755661852,-51.16065888000295,55.33161384349644,5.163216093791322,-110.29290084895516,-54.54539383387595,34.74094174163373,4.799335978995117,12.782765919167048,33.682664998729955,3.846153115072045,62.27459096627929,45.34374047114334,33.63107904644467,14.79347947813187,-6.817685459023135,7.905303751321629,-5.030552047920536,45.763478793242875,17.42255391563945,-1.0027289526935999,0.5907182279560779,-39.97645244657374,-26.9267021583739,-53.00072960266327,-36.484481067922566,-24.77053519974053,44.138117693443995,-19.5579701014924,32.039975024501736,-3.3814402559735335,-20.268809241921687,3.179524856956828,-18.91709721401991,33.26441344305343,-6.31497703191522,-11.348302680765837,-5.869954014838163,-9.1883651452927,-2.8839579936499913,17.487892332408133,9.049286204797278,-20.197093372293327,-39.34842677326404,17.538805382522995,-14.532302546322624,6.250933431075232,-0.052059019879148793,-12.153854273911683,-15.720708451515653,-1.1715464172309653,-2.5611476445901955,-0.9337953215815178,-5.466082854889996,-2.6041160724407413,-17.045486253369674,-11.455288979398203,38.81141762116967,-0.314649436113825,-2.662377661401961,0.9231859590428818,3.8560281413373927,8.284147271100466,11.961841251180795,-8.042462217642468,-7.084563517812043,9.34000731748451,-9.468846075424945,22.230420996448682,-1.225464060985358,7.900595030772623,10.029602315547963,7.997413246443124,1.8023107647905725,13.158518608700117,0.7601282702438155,-2.5160422838956342,-3.0553754464496725,-21.41935510465028,-4.109307245106498,3.578150472723752,17.56713706203632,-1.0599454690961667,-4.277458968198424,-0.36442655865278684,-7.15665907662285,6.380753990185634,14.596486261601015,7.610970232103997,8.435805513232653,-3.8725176874282274,10.97515649138234,0.9334342678041541,6.704064208442274,-2.1055763466860866,-2.765842373976159,-15.611061213827925,-3.651479121082926,-0.4987374365858439,-3.2803900147096243,-7.851329320920639,-4.404564747508031,3.728495486134738,12.3694451742569,-1.6352884474949332,-4.759690612540325,-0.05378625116004443,0.8275442796850272,-5.493945863033395,3.216512741679985,-4.325733683590151,-3.4626617880537425,6.907207299272731,0.4273886066557142,6.7377824027306,1.0359008490694679,-0.20676135087297998,3.039664644298975,-4.832735095157129,-2.525523293013941,-3.9732786267031726,-2.286544021586506,-7.456265152905133,2.211168743731137,8.060376277039037,2.1255237555636164,-0.3395516208610515,1.7337433354548897,-4.31568986744744,-2.308304199933982,0.545796153992975,4.271143350252443,-2.1100473391570818,3.3230931755536823,0.500501858114696,-3.523517211045285,-4.658571328384211,1.2068920967761527,-1.3797074442755421,10.98596769651366,7.47752637868837,-3.0230487208614916,-1.6192074398720504
163,-60.50487252685182,80.92956795219105,32.72346003426582,39.88233777658603,24.973747507696643,2.2905349508896693,-82.98495483767091,133.30836125432066,9.777511996694548,17.35546951814428,-27.072202209629218,47.412922997296945,-93.67813257365971,-13.058341543824396,13.825347448703635,-37.133789593143966,-41.16408564729137,54.922862976999454,19.599276085068247,40.8683358491444,67.03093580409336,16.275310202966942,-35.753915965984206,-54.36579141728933,22.027648772116944,24.920899334976514,-19.422303783474785,-37.43422382234815,0.49522329291542555,79.18267190103592,-17.11199710076361,0.5141722175954816,-28.469328486864143,17.90245393324848,-31.848312576035735,16.962305946132958,32.87516302811979,1.699449844538253,-5.85891270555976,5.542555507390658,-40.161355670983774,-5.778523122195234,-0.47416325611126886,-47.27612246052103,-3.99644989767506,16.385366925803293,22.10337380331647,16.04142245362521,-50.18300436819996,-1.5584238094625713,-24.580210239561623,7.637465242989844,18.120131054709358,19.86279173285084,-32.153903050486505,0.03871616161426314,2.6860139906534126,-0.03186357333179464,-9.622908277068822,12.503257679458077,-20.987661068054653,-3.533145819437294,-4.373945953632964,12.315628586803962,23.208505794127976,-10.63951244243669,-22.953347929518337,12.999627595068546,-10.565379600642196,-15.445294298615256,15.784394294542077,-6.200949225159116,-3.8949470783569637,20.01490213984536,-36.69214481517215,54.55318482217174,-21.28518705271137,31.12025514354714,-11.102347113137066,-16.122315268323288,9.91476676268982,-8.901595285348547,-48.269330786142895,-37.886668632673434,13.494184310025233,10.355207646178624,-11.041871657250388,-45.642532221567166,8.299591369587569,-12.187729205445917,-28.002988584030636,28.665980187878766,-2.5956112732886436,0.4131334345227585,-19.835802026771983,34.57278800146846,14.576520569636875,0.8695519132642915,5.843027991320575,-15.336169756913115,25.43054516260376,14.680925977509107,-21.37912447271391,5.890355078538264,-30.1072361691048,5.964424772149686,54.29676800696883,13.084702217592735,6.856661008045423,-28.641850092886255,-17.82129341401744,-7.64266799167821,4.164428472012105,40.86113788169185,-15.484502041672764,33.570470766179994,-28.88121956299858,-7.981686771258127,-25.606896615432863,-4.308050136303576,8.675803786172715,14.933213622569145,29.772487284590028,-16.670138619677072,-20.20538290938105,3.2700459084945486,-13.589839776062858,9.528960696805115,19.286049338398037,27.419039708843833,-39.55878891839438,11.516666583664401,-9.885105782180428,-4.709908973586854,-8.462481221791444,-3.46052182300055,37.62879247039139,-36.008547269972404,2.975029905571387,-18.39021010566314,-25.50135329406188,20.13387541184206,1.4829407821919096,36.778665533615204,0.9510800277925476,-7.646455541826027,25.486967394880207,-7.7609389485917735,-8.397788645365091,16.373008385209523,-2.768636961300479,13.191806500581777,19.62571969403545,-4.687022634921126,3.846393423755557,15.848023509838745,3.973480231103573,8.156159775784543,-20.222161997331145,-11.791794224452165,-26.483053800440807,-20.718295783839125,-6.378004788531918,16.357732110602704,7.085999981503092,25.222457177561868,-16.442394596519957,0.08633414544395547,6.980025718871101,-38.07395938054967,26.584584109769423,41.35967499038817,-25.950775785705353,-26.560768870257238,-55.01980541401044,13.67083768443262,-6.5974807286884944,-7.884910794983695,-28.782508927038236,27.792500019648493,1.331375430943711,7.091431982270284,-31.282343602827186,-32.21256047666803,-25.69976104351238,-24.128316280689653,-19.499476070687507,10.69013711635734,-10.272296643096325,4.3495451468898265,1.1620788791119043,-30.325515867410402,14.275024711433144,7.723354777743152,7.3258218503736785,0.017908494065345615,-12.579416940282295,36.05760146385085
164,56.50963089958263,-161.85225742037173,-75.40479041266872,-211.46856255224188,-77.30385643957644,47.084062008960515,7.9626751594141805,-28.816180720791245,35.60024713138237,22.078029011138877,-5.294262285636134,-54.00992297798972,-70.54620595310544,2.0364714815484035,-47.73771752488079,25.58405166140423,-37.98296676355438,4.702239000484963,-55.20604103631578,-53.437605690107524,-96.90622309177479,11.630433318103831,-67.96322473478821,-98.75710006828726,26.622604443437794,20.21595892188065,-45.24130203653687,-108.27429901837263,-35.50634652862744,49.298021289694105,-48.20616672674264,57.30016713843366,-30.813480416688808,-3.498215532196114,-29.075744386829577,17.974455241763476,51.15007772803311,48.10428063759885,37.81218245230382,-5.237238957488596,70.56157979556508,65.15624362092714,-0.7478920654856062,76.70717710678,12.907688241727433,5.55101093753595,58.83743829480924,5.437658439576952,-3.8966034200280193,19.858393325299954,61.94647821254018,-42.14483204665293,-47.36139255739707,91.54127386444453,-43.931710164361405,39.16871846718832,-86.93589590463664,1.5557506806869121,-68.32119951097359,-5.9764506291318575,7.193727610924199,-11.928804851004077,12.418782788382543,12.036739365857587,78.86376172313547,17.830738081020268,43.97852470560398,1.5082796432663546,-53.341473425426045,90.25417642811382,27.522915695196527,-80.38598617341533,-40.63574224024652,1.9370516751548013,-123.80657170496681,151.56180526468566,60.38749743253499,-106.31996200146497,61.321992347568376,-30.808365833447407,64.09317306678571,-15.772326209869949,33.2549262723675,-10.232329680949768,35.4673480415065,16.68906957581911,141.37206833290824,-135.27181791328164,61.97131653335251,-52.128702285421944,74.01536927507152,6.689213147477208,-136.8731673381563,-221.46693460010297,-118.01759465274596,-108.19620782084569,-21.845998232620975,100.71013067138632,265.35905740191566,1.2714824230267694,-142.15873455249115,49.86251637495071,-15.673465810073198,40.040314166267436,102.96271271985975,-135.9222889633833,-56.45119503754641,-86.42049618088488,29.2975474551321,-67.34669083864877,-22.31305751938702,38.78898506821117,-31.24443181757254,-32.062944745148094,-54.20953254268581,-4.261028085758658,53.23677696327066,78.04978282383588,32.839964849086606,85.99514238563411,30.560008044393413,73.11842212604806,10.844411788012234,-17.783695092109827,-48.87615438719111,-32.37432075807327,37.50556602915687,-29.971477055348206,45.97075703092824,-23.06027543984452,8.235057113522346,-81.08433644089685,22.409727982058225,57.19705918017016,162.34118350019506,48.43452202689817,-45.677085635593095,-70.44850291202847,15.33755579219842,41.33757273952701,-87.68252721851496,-42.70659254534867,-29.02179579638381,-19.503479464020238,68.77964493077725,-9.29613948358677,62.19095430446091,-76.41740740359168,-48.88839435532387,0.6878954445562921,41.74741213160564,79.66666092191454,-52.2039863500074,85.08100832875739,45.606331349723575,39.11577494362168,28.40349136123239,37.82074050172753,45.462805739786205,-51.9918945058955,33.204252452687825,-2.7723048877756953,21.454295807729554,-32.00607797639938,-16.129453601387254,33.77441675871376,23.904789010715785,53.85586698029045,13.982465959391906,11.725010782623453,42.4741045106095,22.23323703450713,-19.445597709016745,-28.97822089600534,-8.280536323556,-4.294656757774275,2.1596150756087513,5.32314877450676,4.221912033888039,-36.95400986353371,15.222990002350675,49.51183519453202,-7.582731316527008,-40.928757170131625,21.314171465803177,-10.279767191804536,-30.82530169454385,-3.2014357222140912,-9.22991086126848,37.45314489789748,22.560249588742764,-1.5524342207586241,8.597245907234694,-45.891416886824324,-8.546596140629092,-8.385339298971466,18.6980963896676,-14.284992937739862
165,-55.316557370221545,69.62674184248827,23.85697409577231,47.877424449799705,18.802107729444252,-9.666703148271433,-87.1310796512459,106.51865892444388,-9.756039856367067,28.416405958351984,-40.96719551533358,17.954336829016704,-59.17000208759347,-10.062872021814316,-8.823387428606852,-18.496681842093963,-38.17407529957272,46.60891486975173,8.35301346408273,27.355855905485424,38.21553294499967,5.089311041460275,-13.794919803669352,-29.63823466659889,3.1612928018905047,-1.8279492047206125,-4.633256031290515,-22.104582462937113,-16.074020705825394,36.34101476480991,8.36074867047042,-10.387609155112258,-3.5257110219080054,-4.648365550305767,-2.9734283531958496,-7.822830787647883,24.03240977442663,-5.378037483476945,4.816076422856793,-18.16465999621811,-24.629683629684664,6.938961527706528,-6.781484097441842,-16.876386435693796,-2.7418311529353936,10.683829582915237,3.317824488123905,0.8383686304178202,-25.34153424720605,-8.390626440731198,20.956003196808723,11.079838509505981,14.782014602400771,16.1425115506467,10.085202498201875,23.667887115890316,10.200295323593684,-12.7760407203584,13.566241522173822,-1.9751555078096945,-1.9275534869075868,17.120565860244504,3.347340146353826,19.305788115740846,40.362360147175536,-3.735810067913336,-19.917764063178435,0.45196412750051207,-18.15685086465006,-4.334185915661729,11.227206451425157,39.762245214385686,12.662015173345335,-32.13643194532589,1.6934235429031304,4.581652523871061,-77.41448932472476,-12.820974813208897,-20.90583533862207,-4.528470606130257,-24.356398153391623,22.70418013537548,-32.581223074981864,-56.685473956105376,-3.645000182027785,6.019231397405123,-3.967982480703626,7.238636866432905,23.12042327135458,-10.22241702971546,-40.951263811059775,-21.776515095044655,-15.049651233953329,11.998017599452542,12.76403584958806,4.20673582970856,8.983964625750088,46.17503638541131,-3.2949764483301673,-24.282447252343307,17.97274317651615,7.565672879969057,8.069125188651922,24.164972609917193,-9.88923521668544,24.409342739740975,7.374172097650879,11.067863832901951,47.38558537111439,-12.188937099858219,-6.471736948370858,-43.19166508092472,13.367432346811686,14.051060336734952,9.312569695265692,-9.71919410598668,-26.45256122858502,46.917751959908124,0.05142714005439969,-7.114794723337682,-4.2468405109501814,18.305545965782457,1.6081073488857454,-9.38465218790765,-20.173085653232746,13.958169617545467,-5.809580940831095,-8.600776236384988,-25.690515272348094,6.862720028184312,7.124247143001884,39.71011051925168,5.010771342057284,9.951428544469092,0.561799687007944,14.691276544411993,-9.66402200980547,-18.569212673878198,27.22051674662832,23.10069619078018,-48.907584216453174,-3.960432942019747,26.356545965822644,17.1041982341256,0.3728543216915675,-14.510311502904019,-40.81475249570585,-2.6558508373972303,2.7963020378315386,-27.893995411508413,-11.782477095171588,-6.6661847037033715,-37.02339867030452,-3.312983362020004,-14.799869327726265,-26.726536144459494,23.297325569936756,14.298062739350488,-0.0977686427541603,-8.662356351688352,-20.885906539865214,1.208882938423058,-28.91154495941367,6.505471912544762,5.215388984329527,-7.3702673083812895,19.989948969490392,22.326985127315165,13.13191652850908,9.893554076891316,37.00190913143647,9.699700007142196,-43.24686009357312,-2.1873344773959107,-0.36421330337460034,-19.851320233905003,18.518659752210734,-2.413520590879642,-46.518531891793074,21.577751179632404,56.087712673254295,20.357063811948088,-26.850504185657876,22.37327015715723,6.554649616216828,-8.99954911704059,-9.87759014299806,-38.8859977517939,-67.3135065104356,5.763916978003273,1.6213288854355103,3.926640924877553,-5.006890880293899,3.138193748437932,-0.6035599300666413,33.21441695076143,-32.73479561132006,-17.750048584397604
166,-19.69107696762385,-39.14418385306272,-65.93167869701605,-150.53496047178572,-57.88481151999116,101.59378198946929,44.898620847598146,-15.023452892862451,22.261971422806056,-27.909360329535716,87.26427737953358,28.357867528182325,-67.84929883171878,61.090487305884196,-88.08438408007652,-9.05875689813769,-23.616767840221538,-23.686435809253386,13.136045407624618,31.08376581414647,-124.44078454194059,9.69603637268205,-5.615339405056385,16.39067639763344,-25.455640565051127,-29.025145624806903,3.823755384778216,-12.330404256117683,-11.942072888692023,-23.08775180126669,-58.60360155803874,12.09660336491606,-18.486760137956555,-43.96708746102834,26.481037087097892,6.503175962489738,55.14130474307519,33.102425923295584,17.94498336938496,-1.6315700316448873,48.13972853290756,-2.650657698118734,-51.12347676699495,63.86556116651696,-16.03604907527022,-1.7717299410014968,50.06627981193525,54.96351250771323,-70.34484506282358,-52.51387165068209,77.05019970782419,-14.224748602165713,21.50159550506064,19.57652513898186,-97.9431219555224,-0.7419783179835606,2.8240174225761985,33.342857116506266,-13.54466371467705,-12.050039263091282,42.37517199435864,-46.939797765218124,-8.59835697172475,37.17423478885995,33.35522913447745,-68.98434658381466,7.780085185371525,-31.006865354635394,-26.53846183461874,26.786559213483116,9.178517140858647,10.333843211683881,13.474477437055523,40.72881060378512,26.63397274184953,36.07130829551853,-50.81069201316173,-55.65200980826703,-52.608078154010265,-95.60951492752565,43.204754300781815,21.199913643749415,-44.3655958441322,30.612381851558048,30.12550277088988,-46.20169673006303,35.35597872166755,16.93165178968187,-21.322054978881635,-5.942813159714868,-44.45443358960437,-4.769216550250254,-20.433869639256272,-11.158628547394338,-20.576549035847613,-0.2808620203233799,36.54738225194767,44.42482765857813,35.001564379095775,-31.900360907966952,5.181551465209133,20.302339204862967,12.188303084679708,38.7829066422208,-19.500365011115115,66.61544462139369,44.36198289020859,-13.312115243497233,-9.485718639433985,68.88476846365195,12.928689425376852,41.21488734060166,2.3413068993426567,72.47118861393004,56.23986344800654,-2.582009336856599,-7.2604256707126655,23.816233145349177,108.92391582499542,46.99362872524778,10.866153715143804,-34.14710653637743,-43.70346654133245,-12.484757686092868,15.171772849160822,-60.74366898135774,-8.191497430584453,-83.33062675853489,44.14746359901401,43.56013744962782,96.7302453442519,-28.358480773381608,1.651102821504884,69.4480122786594,-24.75001237359924,-58.62315612929226,33.97202113075064,12.707684601131213,-71.65936230758693,149.8677052666632,20.562532429322445,-16.39288312135433,11.704389590885304,-101.11577099606181,-98.93700355598486,-26.62974135485467,-68.23983456377881,33.419851740601196,46.502569657588886,37.58566550039251,-78.28721974788168,-30.1423640739122,113.04416231286173,91.1384749914537,127.03383171414677,31.744012590278405,-6.388112141460493,-14.059190664091322,-13.244214298892917,-98.41960477980126,92.00714419714797,-142.17556542592845,40.698342660642844,19.41997081844682,-10.075918080710665,-31.903171230610884,21.48405301179123,-118.32981578002116,-11.35892569081316,59.29296266120839,-66.8796801264888,36.46074493673904,-75.80806826650024,25.482766024849955,4.5331391916243895,-97.66252648760606,166.32790331445207,-3.1512378902256306,7.586894103907237,21.49097457590451,-59.24274739574929,22.589853817377143,28.094477244303157,82.35944933167823,9.259865082293453,-60.66530322695736,140.83594137743975,63.522333707552406,27.50024842571477,37.29537884032993,-12.757715351890003,-33.60152421968732,17.65730868998824,49.42524951144903,0.8667607382507296,6.222254323121057,-33.57179100541316,-8.954934394217009
167,-46.034396674065285,57.24950875161514,24.53982587677544,61.17389531572032,1.7752905842879483,-27.886952539635036,-115.53025358805826,93.72461174753741,-40.40744998396727,61.42486585111296,-83.56714174523269,-38.810547503415734,8.663048614460283,4.4829640157439545,8.27048429425001,12.40983664384751,-21.746947606435537,75.91625684469463,13.685432794190977,4.195289974770998,24.349576359023768,0.18447447776672932,-23.600068557733,-2.0896691776466723,13.387422778815662,-25.251944226441207,24.850516517527737,-82.40264838620146,-48.72842356712127,79.46859029016208,29.853229333183986,-16.662963045505776,-55.550115056695056,-11.580875762003872,42.41632377183894,3.3829970459280245,44.09952992741287,-33.74486271647509,58.0351126304303,-23.565264516995043,-28.80065639874262,25.22332808503667,-37.463688517783496,-1.2157821332867034,15.203099619993893,-7.476243050660067,2.7994916009685236,33.72743849574592,-1.0501839029433668,-37.245590935442515,52.56207971016303,-17.615041689199384,27.93573022535494,42.746182251475375,-32.22921793246475,45.86998556796037,61.6576786279933,1.7933541580774541,-19.74388063987363,-12.8053811216433,74.05557161527827,10.476307680537536,9.07859067347811,58.660665288184525,53.18166929529581,-51.61621236990967,-22.92263270993109,-32.80136827637881,-41.15790601747881,-21.07269210424343,23.699792477976743,44.2128907866657,-60.59301316296339,-28.47336987370611,52.84713532762556,-14.574719717323953,-69.66308335018137,-75.10623751366286,-4.048532579712684,-0.19755777196559854,4.6355676328530615,17.742839911786533,-50.172440771834474,24.23925622951936,-41.49625238733613,32.8921841077236,-25.392823217428315,10.582554740671513,12.388792814655108,-26.30426335375132,20.752148134169634,-74.34238747351407,-26.3787418207901,-31.853435108434883,29.44532685310796,-20.730780679306033,-34.084698241260575,37.18665459360691,-29.746585171190713,-3.720265428768534,10.223805484352251,21.75081027099317,-6.606988160104416,11.233924591034206,-0.46997306691911434,20.020289353670623,100.01334660274681,-0.7361498550855134,107.7594643371898,20.48714461968427,-13.092997096057653,-12.630096490593987,-2.591404959928255,83.61823008529822,20.898100727694153,-45.339797769475375,-29.408365072883033,75.80720508791808,-46.51217173555658,3.2962226088596696,-44.22157216133119,-58.63484985703613,-14.677701889230462,-71.99437282522325,-19.525594090671483,27.01276352018295,-42.5547868067398,-85.31843791376915,-23.034534738372013,-1.7294931572838907,-1.1257102377997834,-21.147679400332297,-5.342600814092726,-8.431135482614259,-46.95704268064514,69.56620867570206,-53.94122643841529,-45.53071605342941,-46.442823270761345,42.794245547512546,-61.95789630975889,15.224965230998027,8.20691581250352,85.00543189825581,44.325906444604755,8.931887326534126,-62.798134291295334,1.674616576576823,9.682188174304931,-57.92465810235098,-10.502275659322526,26.456677677792946,-97.28963495334696,-5.306923879768837,-40.307721386162825,-83.30040805407117,38.48333686272352,9.249093018704972,17.125673527136545,71.58530284230912,82.28794897654042,13.768164778592384,-64.69043920112023,-85.96463772684668,-15.875893201188681,18.38674910962144,58.616081358714595,70.11114128739199,-72.22318084473602,42.98552315917223,106.86723798710248,-56.414297559848706,8.834633483250586,27.67824823480908,42.70534958576883,-118.04370519750447,61.87751147947976,55.36461862649804,-67.16306253803037,22.889754045987782,209.1801575421871,28.359695214198535,59.226565516796796,62.52734852341532,-1.0687795256816004,33.63859935736062,-54.729182152902354,-13.64444398098502,13.329229021725226,22.013775599918702,-38.81003094917277,-41.219837548795724,-40.67834691821312,95.50904519391105,-69.21605950585615,30.794461850225435,-5.246954159578728,38.236327798578536
168,-19.57746945035283,-13.06336883606183,-21.248424782764538,-103.9268284823324,-70.21020152591976,84.83770632279531,-89.796489167034,100.2390963715172,-27.38161593862776,13.64365485842619,29.2992152608599,15.249111597662617,-51.56937070221364,61.18838106185191,-12.87105655729464,-24.313051233859397,-33.14549737560207,13.861916013091527,34.798547744198444,64.0993798154019,-5.135389361648018,11.425039853238019,-12.407573390159703,28.30603093651778,-22.7576639554261,-29.93824674478625,29.404476605587753,11.151009352210984,-0.1389399106666821,45.11158753291947,-16.734446843023395,26.689057633643024,-3.543731543856505,2.152851785538907,-9.512017332237779,-2.8849801155524504,-15.256956979644908,19.39715871842533,6.325446040614123,38.16335282680343,-39.70135822020211,-4.0864595256368625,-25.473522612194138,-13.49787135356425,13.572923155236131,-15.03333631656814,30.5987219025644,40.52475835392853,7.187324189118569,-10.853581741372846,58.95014291751187,-4.990039187782098,61.09118538204164,11.076550327437888,-15.522890757641735,25.759321554192873,-39.97012791822238,-13.297675848861093,-17.78216721293382,-11.983482451826848,-9.441696278610454,-21.96224448688601,-56.331661101392335,48.506588991962204,21.840742980509557,-29.523905532219086,-40.571614505464225,-57.00511815736657,14.819939020405696,74.17195711875884,1.6135255171731873,-33.42113675109552,-30.847927439675708,33.79693251734748,-70.35770788617366,25.90621888148868,-26.21610256345519,105.07956131493505,-114.69462272274438,45.14185594445961,-19.097564918118458,17.0794622436833,-84.32913375746753,-42.608380130558224,-1.5853210146063215,-6.523110873346561,-7.380814635108743,14.030502615954324,130.81904865602766,38.64005853831687,-86.2960858073755,43.99239478261761,-66.61901131723984,71.80838094622906,9.080606317178711,43.993634003173646,56.621595487629214,-22.218770054440338,47.279537810790494,68.00961280282986,7.682280302517838,-38.01608636413609,40.95795233970957,105.54899030358627,-32.43044615600624,-14.867864122104876,-14.307110275782025,21.34771093118977,21.03428504288221,62.16839278222468,-45.991029744293876,97.40648753910851,-6.3260889191253185,5.0761911005944835,122.93895011374049,154.08605004211122,-13.486395992773767,-26.926489433672053,-134.94313670775043,66.55255774005941,-76.95405856828725,39.601352778539784,132.67371692297112,-83.77954775507426,24.710383867612105,-56.94413858487386,-41.02509969893481,128.06760636283445,31.29881932789688,38.13702268875372,13.849079705962613,157.91839060336912,48.064440301213786,44.73518694273144,13.045355013697442,66.61486617694698,-66.8474852572914,113.6723829308706,60.06430550026521,75.81708810086336,-111.72449659551279,-64.9450336475709,-104.3456692626465,11.052200291030575,-39.212701949609354,91.1761826471928,-36.13741342479564,8.500189266096974,58.21496208624125,23.2337669196476,19.783650488480905,-34.694148744156095,-60.29873782416509,-67.46232028296434,45.92416243553607,29.44296915713393,-76.76728571433718,143.9731942720143,-35.54605289893516,44.62240614526586,116.17618834820243,28.104635548656336,23.36438582122113,1.4089232283714912,45.92684463986726,76.86103069055306,71.39264724071687,-0.8014703214583655,13.43018324304026,15.273133925509601,34.499771702770204,20.726284851528995,59.039107756345516,-18.132726598032814,41.676712002080855,-30.881913617219613,-59.17182271704601,-1.141536180543468,54.11377224535939,-16.109550496162726,-30.21941670321469,-42.17488854259524,23.29352675314753,39.87073465102037,19.445572495763603,16.317124069077597,-23.783557586034068,-24.10345807981919,65.2788623706464,12.090412838043186,49.83792940787907,-52.65635667397771,3.0045932528046415,-59.121798660414,-3.0457530869646336,19.846648517535176,38.39592586375701,2.8803270680056556
169,-60.443946226595884,61.61527669638423,4.030061893409261,21.972059120348423,15.137896355958064,8.096980896019883,-19.61396175754616,63.150786466396546,-0.9407606354735767,19.48186821012622,-24.373606826981497,3.0164267448128617,-38.97929829743191,-2.6635623215101214,12.192991825815769,9.712139676160641,-40.92671415771844,77.46930137079863,52.563644716140594,24.75383031601039,26.364559858192145,25.17114740877962,-29.491069942673295,-57.17768417320024,13.548981283288773,41.84230193158007,9.599764157274974,-3.9583679659811066,-27.15742088536293,-20.53606567631794,-20.21801911289875,25.01585585364304,-37.132690994489764,-27.907186730594237,-19.33665129859257,-2.4055671136860632,30.336394000714034,26.17216257559282,10.250888814133603,19.746759166545267,13.984242185353892,1.2512883925492837,-3.9090957882031856,-6.414672503781906,25.254217609000474,-18.01781186816881,11.397299911981152,17.284237924289307,-13.416338433910868,16.99064336720531,6.989371441772746,16.741898496999266,43.91854483713047,-29.770435491543005,45.74435222612179,-7.123756475244109,-23.916897319975053,-3.221872950060057,15.812775012182863,7.565775730330055,-15.79412791753178,-3.867778003420406,-5.015635817784398,16.14324297119151,17.625573103727962,-2.8507957711815877,-14.686033292829881,19.46733727071143,14.898075787413752,-2.3859155623024852,-14.856524756382502,8.89547312599387,31.36501480115295,18.71684177280068,4.185678105795472,35.984911610283454,-7.243424658261535,0.4114486022021572,-22.870695547164072,-21.376410456348296,-14.485486243833995,-2.282711050074929,-53.73782482653477,-58.193243240112835,-16.1598388078755,-23.84890546702614,-3.199952382622124,37.8887557047323,28.373357431752762,15.48578332315436,2.5993423707271015,4.50606176646212,-29.993548891128338,1.9203860823135221,2.572839647238017,15.374585763212945,4.407663586202757,12.76511179273536,6.1830687318986,-47.80665294564462,7.830149251437276,-2.12533998389146,-15.210472068493848,4.892348252380914,13.280966138680942,-17.22736266173883,0.7161935784501436,-16.264573765646794,17.855717107796654,-18.19669331462012,-20.84352693239385,-8.240128097782359,33.14352617324515,10.761642560805463,26.387106982868332,-9.639642270014456,-3.1546228433215986,9.469580737716868,47.237406668365814,29.730269148774607,-9.115953677195607,41.42528131262049,-3.5484908674940425,-24.340633914401664,-1.8165412194910933,27.675452817959265,-30.010480180055517,-6.921215709217084,-9.170599646112406,-23.211266075533036,-0.5472351215068425,62.90338109758147,11.32083852356366,5.229576052894437,10.104862452060129,-9.945049949232043,22.77417410207083,3.26325584799586,43.44531529232284,-12.944629932697318,-1.2679931336050718,-8.147462607935449,4.25180318686637,-24.745944906622338,-16.7858702869223,-35.27212163293246,-4.886292929368137,-39.189577936505785,-20.89985992029786,19.43397428238774,12.641872726819313,4.433484612100955,8.018427935679455,33.091560025613525,3.9875776873386144,36.802209787363566,-4.401160728436374,4.448719006122296,-27.799069049876575,-15.248539136908153,-2.8924549405593605,24.767307183233548,-42.687155467192774,37.331643541096575,-30.13440510283898,-5.085044599752305,0.6544210557623188,-3.8313197549334252,3.6747987856577864,-12.545094438561843,50.76166505415857,23.81870406629128,-10.466295650205385,-2.127457414947024,-46.04982427353608,11.398563581615685,-18.015760348217427,7.747151292300752,5.113823620066928,8.65407863167746,10.782583998982554,42.35336664802142,23.45511566602705,13.020309763523601,-13.087537702344608,1.5170455588715945,-28.331263997555748,-19.075109950730678,-16.98799693720089,-24.998919306748782,44.529177932245375,-0.05526620822016709,-13.74336133061887,36.68684177207343,-31.561561100427667,-14.808959870055245,-46.705644008377455,31.860350131865122
170,-18.284819646867685,-19.29198219447117,-16.44253778831748,-98.34465112653639,-26.079421513472045,52.036672185410474,-9.284808399765819,47.97392641055415,21.048095545629597,18.75639358461273,-8.985841803392782,-48.42956910113723,-86.69983891901916,38.41297743073832,20.064929416364294,-6.467899829745606,-57.45348736409137,54.25828784555668,19.04558202199443,60.3581766681852,44.868586891717605,3.252991911838776,-28.60686000578716,-15.8767504904599,-42.84466827381112,-26.913031624641686,33.57764315425154,-7.416434762772865,-18.368861651973994,-17.392188685108124,-66.1361582726703,41.0419979609622,-29.82133021562893,33.95154059940148,-28.86391578477513,4.588624315009824,58.78215408896974,44.14276666436201,29.995147951299884,22.285655131168273,-27.330513380016733,18.851497456506724,5.5408071431390065,2.1803189108026753,-35.9200632012412,3.069795030862785,70.2005738444078,52.49953767180695,-0.01424788623952189,-55.66696546340181,37.241081146462825,32.6876116123592,84.8364974798739,39.965229396686844,-12.975984392642143,8.194258137258414,-1.7153276336836414,-15.796492495333469,-14.713022293417438,2.4183690656354058,24.44041688503762,7.414342607828911,-18.56442226160877,-8.292789925375017,16.579505346208254,58.13822165619773,9.602110618586417,58.472812638102155,-14.017709312217727,-16.36421684518329,11.312450283157254,26.698066841509064,-20.158059555359692,-9.541871734501344,10.13486602097169,45.244468374645784,20.648488118568128,40.47954033202889,10.632653885919286,22.535649436458563,-12.179148756075913,51.33639566213094,-39.84097772089044,-35.64339412474837,-10.874443950363634,2.063235995411268,-4.014268694827983,59.62333854019134,59.48088872878097,-14.679471569842878,-43.33726116272087,1.2026248195909757,69.14868541334504,-18.86211312431361,-84.62306326399722,51.35811538617936,18.838492207814284,26.066570541471,46.823081288141104,-36.98851719599822,12.287660393110881,-40.834848527249356,-46.817686178260814,-24.090462630586618,-26.901936324331135,-39.68975335600365,12.514250716619902,52.84577730852353,45.91619085497951,30.169579944374686,41.09150071359477,24.210664117181224,-64.78186055573357,-60.94541052138947,35.846833328029874,29.455372059907386,68.28657385786066,13.746710739197704,-30.101495319435603,-11.066888732650325,-10.561243313756748,101.9628257600922,43.29259115015758,12.177159798941299,80.57394202616071,-65.680160225379,48.133458059621944,51.23118832505666,57.08911019674038,-31.926034224886696,-7.037017662015171,-52.076195511229486,18.100227782378237,67.02542595790214,-40.33764101265293,33.71347462998874,-65.11410299334717,-73.62587901002058,4.598111432085994,30.21837764873421,-56.74679575389097,49.36172211086344,1.8214813870347049,31.862988938933157,-35.656030309045505,-8.955968996943902,-80.43427406824436,0.7432285698483344,-18.34960171360315,-13.3657772812871,75.04291107588448,36.2722766301351,122.54387350604104,49.95749190356199,85.66472276627607,-33.53070256439576,34.780079205888185,-27.985728586014467,-119.74111870319062,109.9942624220919,-44.06800287931398,11.934101156360796,-31.50377849927494,-13.846616653319149,4.748411947879795,37.665962467074934,-19.817657974878475,23.036145215106668,46.16754714602207,-10.368177696206802,-40.23110569995367,19.476004241676705,69.00916027184951,-4.3936880337116095,-44.88290039543105,-2.9372450444236424,-20.121531813996906,-74.88503811437906,-41.112986180136026,-26.335158059139587,-31.13372591809211,-60.453862120765336,-32.36491062454879,39.18748578626879,-25.95705907980835,58.36351305105676,40.82676312490251,13.306094649311552,2.3561656767777137,-32.63229961365991,67.76556912508661,145.24320843460174,143.60256436007117,132.02007875378226,-53.69422657602147,-27.771617845878392,-21.48397065202301,26.068971282301494
171,308.6221649972146,-420.95824191892297,-25.13097516867958,-105.27272243272178,-210.29339983273456,-163.00084814064033,-267.961992683374,85.35696991138204,160.0342703883198,64.8188297123047,-208.02848227349745,151.45369792315205,-219.67694313317116,24.17018035589007,91.13311711643864,-137.8539778703396,-11.522725761672522,243.89286476493876,969.9213160411064,-578.1405527456704,-34.50164281546246,-468.0036960525338,-109.57636861560913,330.97478431611376,-41.552655033217476,181.17775346793826,-183.40552102189136,111.42825399647062,77.26252575819353,-75.83835480153213,-127.14039386111342,-45.48634142952023,221.63018311807022,42.11730050247293,86.2907389965132,33.91978310078931,-40.87917895937591,-100.48091910599258,-14.72393758450827,-12.749737227662107,43.12505011379038,18.32458459744166,29.449607940114277,2.2007434912466515,-49.400856773143346,-16.860734406422246,-7.639524984622306,42.87400467417569,11.641789376117154,-15.135517370685635,-27.616840707981993,11.713761376413624,-15.370548681628819,47.489239342275226,5.23386207728416,2.6440822260762196,-39.23029735417823,-24.450995115293672,-6.660763052212355,-43.217712367118395,-15.117898004771,-3.6904456643997,9.944553409714464,22.635799150142493,-6.007199253245493,12.035612776889765,2.0277593246399466,-3.282481592511474,6.876147017043675,22.123442850649578,-7.64900434347735,-21.6386502926221,21.753928041327473,-20.626093809098734,1.731278780395142,9.570174409282538,-1.0360623887474527,-7.6051048297914265,0.7752382288030002,-35.06486674333483,-2.36519893773833,11.893400033277448,-13.982922189785029,6.749223207941981,14.426308234292335,-13.946244334606753,4.895275486625222,-1.4462768050193355,-11.530301967281495,-10.385562283284955,6.027585480273123,-9.979433173819473,2.3658688841032833,4.302711547504781,1.7282624412315102,-8.185766626722026,7.911797637582906,0.44998569868743343,8.659085643993036,1.0393284003153032,-6.315068561916727,-1.6927207081661426,-5.984483244208422,-4.777263499229086,-9.768840612875776,-3.4176855459214144,0.08799668431192936,4.030430696464979,-15.621452250548096,5.545490870141497,5.359508888157546,-1.5485568973815522,0.06510478860468938,11.081000047956815,-1.0680921468265783,-13.74339285083868,1.4938617523340794,9.33130420417141,0.6348284146267369,3.460848502062154,-12.768166250519926,3.0253533126992247,-4.305776260688242,3.6556865179318825,-0.47410466789495564,-4.339481880126521,10.774913392618851,-3.2433945614956206,2.414698705393615,1.7655832917129621,-8.098370723758258,-4.342439466175872,-0.35580440212633196,-0.23410285814048093,-0.5147650744793397,-2.461436262558139,-0.6057754878107267,-1.9485439899288344,-2.9616162788932763,-3.7113239689128257,-0.6904974392149973,-3.2499598971507044,-4.605640359310335,9.25908444768422,3.3081557071519088,1.1549306726316064,0.3138114999695332,-2.1110459696375554,-0.6598472690924473,3.7039698094876012,5.9537466646793735,-4.900209194755801,3.91465857794112,-9.040253483903301,2.62951759265577,-5.642759384700725,-6.314368731174579,5.018984282510418,-1.3580232595583899,6.043352275804034,2.5921192454297883,5.1935738552372674,0.9225553040095138,-3.36445940468428,-4.364119971780008,-2.004345910393254,-2.001794828891864,0.9296495935514364,0.5919251186129415,0.18135425036688568,-1.3760964495669454,4.128571203288587,-4.804314214654215,-2.536922180310113,-6.885702127466986,-0.7305545473459836,-1.5634586843749967,1.8602726201252486,-1.7522609358358814,0.8928993212594678,7.200340251578743,4.19224219327074,-0.3986790975911744,4.904291686737093,2.187715303169451,2.276847958324,-1.8737345708190518,1.2688250529358887,0.3950620872817219,2.436465513034283,-3.4907554185887832,0.9923066492404675,-0.9444166496289728,-1.130710908850967,0.5621268740892512,2.406481978809333,-3.154844721937975,-1.7392515610932848
172,65.65812215077914,69.92171496704836,416.5351302876933,-98.24261048508353,-6.641933721460873,-6.810125544102036,-35.26887389841935,103.63636144902253,90.38724769498752,56.21441643499533,-15.977418631213355,-58.44998815703126,-20.70499960051356,38.959202493966664,50.68183937886003,44.390304774570126,-79.56006010591427,83.13807947993415,75.0089249859328,68.18022845497583,-199.03638771210535,104.91456910895691,-80.3223886666613,-77.44302389900848,56.076035955865336,-62.15886273991454,-63.92393543883471,-126.06066300823683,-220.9247493699068,-205.26333256342903,142.5208014316229,21.287592185016518,88.76453946635262,-79.82529382089608,62.99201560012024,-25.715927741574294,-13.361994719539751,-7.673346274389256,3.5702536525635966,24.18270437923436,82.2392005311134,23.67738724362205,70.92068943042254,5.958454395762871,55.458586772570854,-2.24533934092905,-21.596478806380873,-47.56900830545642,7.653420906265621,-6.512775162901134,25.12876226086528,22.792463400753658,91.44163306637931,10.49432746048974,85.52662454070047,14.605876887678482,-24.82440728298367,-18.39837381017897,6.653362539706491,2.5250210492918965,75.7400095643418,2.1321430317420065,13.123234682286153,-32.0184902188308,26.388994953743396,-31.99392378281261,-23.894303063893346,0.14837407348535764,-26.062670091081717,-55.21585767765519,76.31307661034006,41.49591298748073,15.22758589078703,-92.31957198109713,-11.295334433847081,-8.648779711307931,-30.45981787908312,-114.66879351554739,-73.9349648260766,6.490562776923044,-43.85205890257373,-44.337138104916505,-118.52918027361373,-20.81555909906069,-60.86275293893861,-40.461319955993915,66.86711236140724,71.48467271211155,-82.34411768890494,18.451638131983923,48.95916444008631,-62.57807526281201,-112.33571840419104,21.25828358392194,19.904608195885757,-3.4945988547095728,-53.030108258641945,22.994636827601138,-113.94975425813483,-42.810257301465924,-58.294212919156614,112.07738603207375,42.83573209135441,77.43659222699033,35.37501735250641,61.52557441772421,26.31866336487244,-62.811072055788685,-41.89846516138725,24.01084162942588,-7.355698697180893,-80.4427724408084,67.7462538386476,-73.0491552169399,-35.00618943431016,-181.19359213117255,-78.7148941771885,139.02825979984632,-91.70638232570195,300.49254473661034,-7.771872472179643,-95.06673345256527,138.48457748072673,107.67474542502622,16.26979189339872,-66.01909969179472,123.47957107874045,144.61084814415585,-4.270262901208509,-13.35719517598816,-27.03554233600204,22.528699343320593,2.3483157179802943,-62.5908842025924,-13.630430427056563,64.6526024235853,-2.001525050412744,-44.529332122590255,54.32483506912329,-37.011579951851765,37.856541251880145,71.19164412804976,-39.17813017576282,-11.70958698175228,-29.28517489109454,-13.002197563941724,-2.713758036822651,29.35789953164698,2.4286867884679686,-56.06180755315904,-8.912743990468119,25.60974972817613,40.30759213124019,-44.24117065200451,62.69093798970931,2.0927009998057033,-30.992606699792805,-36.00418376940371,-7.188963324565423,52.820021051732354,3.351543332489055,-31.580939980488285,33.871196535727286,46.76159175590123,12.778878111911217,2.61845606517036,-19.723897557054272,-40.92968467380326,-0.33993684517925926,-19.235177870048553,-19.680187062717792,31.256938619550656,46.08347969751577,-13.29528927497049,11.38119460543316,46.08072302649354,13.487179975229372,-28.943993915976908,-8.217197270022716,10.155969750570433,7.644745408077066,-2.1231179439035834,8.393807539552702,-12.48616115046232,-32.307426529169106,-14.047235227442151,2.304216798794049,5.512623621671184,-27.480656667372784,6.270177304957487,7.460862881846567,-2.316386111993753,3.574102483166226,-25.40814743150276,16.3479193562675,-1.183679549143003,6.203524090771927,8.57117836187475
173,87.88361202746421,46.776645774203296,447.97276723199514,-177.93819462482608,-16.871646427832733,31.427483279832234,-25.021247446899434,139.37953894389278,153.72979082155484,-0.9939030913823037,41.02819431633629,19.68212027136445,-111.83041574705422,111.68974353696137,66.80556599529679,-24.742241616186156,-108.18665414387301,31.855259475422773,110.43947703059186,133.10708568600552,-213.02720967278896,170.3952764935726,-121.67090595851718,-75.67672910244272,114.89590148141177,-76.82185507237408,-100.80013037046963,-127.69679661004459,-190.8865702196368,-132.22383405591776,159.18203794754422,-12.211767341099923,145.47339817322396,-51.8321914331797,43.29999473960062,-13.02552059248939,-20.38597381961197,-42.993081869698266,-66.93303352763262,57.53651512177506,42.26812295436041,-32.806880289650195,167.37140758014704,-88.73270117798718,-32.67256496283154,49.43512348931877,36.42229847794436,-82.36939685424835,-69.98105235015967,-121.56785079082034,-108.91199117536256,10.13489548303587,41.803581596330346,56.007772473878994,24.253534733432044,29.981256991759054,24.31902577032256,73.7226860054604,42.350961988030875,-22.80087211293704,137.10055711696864,-116.81239688320856,67.78426180839114,-195.18094477673424,-61.73457742229867,-9.832037864993591,58.25339951696802,-44.33981815666213,63.50642068964538,-79.65705754928483,-29.613857938073515,-194.50114594115388,-128.2878730190564,27.988053563167735,71.01988082773045,109.2211625679247,179.32265582374342,-5.757391854480225,74.69686672587542,3.6328323082613787,110.75572473838903,56.19649048993037,159.9528366767525,227.0689479827303,-57.73059950533594,-206.44687416147235,17.81815059751657,144.3439514762536,10.52856463256148,65.8736650319377,-206.89565265846412,-34.06263969090682,-3.2661678727489813,134.934919288173,-45.42555127931383,9.000702574264722,15.111484407037443,76.40849194651864,15.26360161481158,6.912702722439336,32.10184370446409,-106.27252732105421,8.55622253269259,63.241474467510876,82.91923606753488,-16.94782069540856,-50.56327212525969,27.33357755355173,53.18897467346931,-74.17265974761506,20.773333030607922,-32.91311654778269,-47.49243229303511,78.21010442643674,-10.160129076075352,108.85061041941961,-41.757154706543695,19.131327478748744,9.741934827191832,-76.79075138690433,-19.071503469591995,46.808657861771856,-40.368240469094545,-3.372555269712023,46.06813463035374,58.29562170668846,-37.30547152285919,-53.41850524442152,-5.174103691463705,-0.4818508512384695,-36.20225233940707,-16.72108026004255,-9.786077561043578,5.434529320508044,1.382732849774278,6.370608481264482,-14.22909319751328,-16.236114102503247,-25.679712253301943,7.931464836575277,-3.55041534799459,-6.446680557546283,9.685795973473981,-6.5986509962571995,10.295706970766709,15.007522207648401,3.2279304618879454,-22.555002937407334,18.189093685439257,13.328105913581764,6.287965973479941,1.9652859404599907,-41.08059209192017,-2.7760444005073905,4.527303928389774,7.521707539842578,-3.547413563496791,-0.39012495881540377,4.61000327951349,-6.5202020675018115,-5.629617167849879,0.3700871158014504,-13.214058510036718,-30.284304101587225,-17.789930481834723,-6.152024135316499,12.24041681870168,2.220804045180242,-20.221455613711854,-5.9901507221372565,-2.3892062480538776,-6.12358781604675,3.188754300405625,-3.5215767807503053,-2.837462081120783,-13.122641603890795,-10.00045814304048,16.943611450502647,-7.327321365103191,-1.7181028302787351,12.54335979547699,-2.536965994028089,-8.484634944959735,20.626215372450332,18.233775260837426,12.243156387857422,-13.716381457736668,7.841068352000355,-14.345115745248728,9.50949554025166,2.1275337616841536,1.496476317310352,0.757138465314152,-15.011444860597807,12.64670933866033,11.537229041307342,-8.784436821227683,3.8793571418227843
174,-61.38459987738498,74.08227454075679,15.661372960862273,7.304359741148748,21.822900483837653,31.645388161635672,-16.54491494528796,91.19996064563493,23.32497866809378,-13.833518335506273,16.093359027485114,81.60917803080905,-95.5351652160332,-9.976200954054194,12.196176698663722,-12.46482463240856,-15.281212059642865,67.8257140798347,71.83721425642085,24.867330525037644,41.671519875176415,28.210710594679668,-51.925682032434146,-41.29474032872662,15.878622036973855,27.503036008275224,24.229593779541585,-75.76833845048962,-46.95793525710875,81.1932443868852,9.724418885406722,-3.2790467164089687,-102.89005902601629,-23.8101723312163,-22.041222840703483,48.30310873388996,35.83313697391578,41.81307714829533,40.67055705376055,41.58858321059467,-9.826315616867188,17.743228337920335,-4.765619884273908,-53.376089258984855,49.00350862158722,-17.392708926837866,45.28994522025531,72.13440419793437,46.0059007720381,30.353768715720264,-7.845217858874339,-18.92383284598649,84.91759174909991,7.582144793572561,27.665820818732605,6.734917331882624,64.81084054626749,-14.770345795052728,-2.3082290352438797,-80.74461093779509,-4.901643798761564,24.00184159102446,-95.65654709516554,142.62304812926507,21.042667981060312,-37.36250395508084,-22.514941255304922,29.911124362142665,-115.37713770881261,17.511638361668812,15.272339012187453,5.305461624161414,-17.70476923282615,66.54109053614046,3.782196600033092,21.83941118058948,136.90888172671868,54.702028625771504,-15.89580946071092,-108.2651644648595,30.131862378724463,56.88232140684269,-37.35826450563204,10.467221643126575,90.2459109813293,25.520683608806,157.19464941895328,-32.394102674186655,-35.420937597406635,12.533031869607305,115.63789757399144,67.70575453399384,-57.39684311227526,40.73053137507745,79.69718949727991,-83.38162542553813,44.017134108977785,100.28848073790311,-139.38906027012874,132.56377714303557,-91.2849163380719,131.01657253511283,24.88859999217276,17.257814565390902,44.86663732930896,-40.72009340171664,211.40735962708018,139.6132276796878,-91.46317877696228,-166.20197407149456,-24.91440908515559,-82.85231656491476,10.86039546037504,87.71572423919872,-10.687545310218317,176.2562921455601,-107.93557234245836,6.080143764357151,105.0727882798032,-69.60508513127353,53.72708708643438,-31.78053271383985,-11.718382891671519,-61.960575079720215,4.614463014874433,64.58045679439626,86.0963158625965,11.335494576294069,-143.37913144016142,-78.8264689829734,-21.254614137306966,-52.504322712824404,62.62040692285816,53.18614480074404,-49.97839822626941,-91.694387283452,-71.97404666356644,-6.195175182075939,17.12432991010132,33.088282684145454,24.00200620461498,100.89238929787041,3.5803974973057278,26.564142247107483,-6.724427532224757,76.91822261325453,-18.941268139561792,-18.781199420850765,-29.108951854678367,-41.786466436951976,-21.18781230989327,-46.06832671846381,-93.83034587289086,-28.817354605794332,58.8489893636411,50.490306188250635,-39.037792372164716,-19.322002755165393,-7.876080028565367,16.211331156347946,15.042233930545908,-18.45251826850888,4.3648518334341535,-4.145511509995208,26.609601443209375,16.676498972371807,-34.540584296934966,8.253443281546287,35.93266944648118,0.21140716876159948,-42.077028535284896,12.643724299166136,27.74058232710097,50.17765236054674,-23.676606435068212,70.07868873174294,43.26739214210808,-23.859458271307915,24.021947632007183,7.063870607969515,-18.72835257833199,-26.31835708008467,-1.718224817879931,-1.0177154497694458,2.9837583457394357,11.419949236470684,-1.7777141955171758,-16.512241015494762,-20.7435082154332,-17.129500788120424,13.670127893582702,-7.132503329958222,17.98866276258922,-11.923271867311001,-18.24812027164544,-6.93904595313159,49.47239748961562,17.79471078031329
175,-39.06073826085088,42.93856612770797,18.63517396765211,8.709510911006415,-1.2541027478365088,2.2768725141202797,-103.79920201796534,121.72529375448853,-1.190736075862237,16.620459892997903,-32.355925404174684,5.3201728267966075,-102.15768406555624,22.751405395854185,-44.44331618727361,7.321274666573326,-32.845439717345634,40.51448317446677,26.299626212603165,65.03758895275293,20.413459053367887,8.36566006473854,-6.499909152320703,-13.20319431166333,-11.566348975512257,-13.665231557706747,33.30933408430995,-3.4758501812915705,-28.686324382336206,58.627560567632834,-30.578574365439085,20.526055199488525,24.7742857672402,43.0692764577048,-23.785934824089047,3.2021594757066336,21.06364619636872,11.387056144221471,23.610571367856355,7.5434152630250315,-30.038886103587938,11.584608301179701,-56.980815379443264,-15.950518914757492,14.77271696355982,10.359952359417186,7.165746194852039,42.86242577284306,-0.19069919381944278,-3.518908136985656,14.648807251971727,-34.99914788160535,17.06530986995925,-5.549165379512247,-11.937339755045153,-16.114209598803843,-25.65838236419892,-27.172307200895116,-9.755162774558137,28.037849172592114,-2.69177843624722,-40.30697551460907,-17.21673324678354,57.37838846996253,-44.29162274246299,42.60218152013753,-16.511473833860006,3.9994620326426182,-37.737709335388544,-9.94873915181463,-2.6252133537788853,32.90712052562844,-21.74629721684323,-0.1909089940983535,-13.90740725631944,22.939073448833412,-47.049391444408386,9.688152559971527,-51.29513706040311,57.24909200913988,6.976701803097083,58.151234643578604,-50.155669001764444,47.565029856310666,-21.8866674737474,-2.1652821845764,43.27579142198922,-23.38404256095409,40.04653694735198,42.25086588464826,7.846793043875261,-27.55113690870898,-18.440618968040134,-41.746184209873,15.096201338124255,-8.941728283854934,2.7288402625287667,18.421743060314153,-56.282469690897244,-17.05798512699124,13.521213325661865,-42.35456806107979,11.88127865728086,-15.674820217336196,4.230836764977416,19.274044089632437,3.6215049767799448,22.092186949040077,31.609847278193815,27.171888368457516,5.150966827295773,-30.53186458635243,-4.202462783954529,17.85215897388977,18.55709037181498,-30.360337740807566,-41.43633879825888,-1.8401097733646818,-9.521373980439089,-12.300654185935226,8.082601596265839,49.67421369273665,-30.20880042917375,-4.266739873330822,27.626074511259947,-18.384084723690904,39.35060075503864,19.212361562029415,6.401943270873997,1.5817531731712675,74.76893484082959,1.5109559635108338,14.33267869922846,-48.764579841328974,28.916981307974048,-9.591668887604833,27.57114771656246,-15.844792361818541,-36.4883121138797,17.336022305456087,4.561832291665528,-32.88141989942025,67.34022373061023,-35.785590388930736,-14.361224780306289,-20.149407398699623,-27.352997416375803,-48.799621598379915,-20.278387211837817,23.846969105801108,10.247577059168272,-42.44648568321246,3.6432205807887246,-29.09161468918242,7.528963859161493,8.420267765378426,11.709948308860866,-18.536484326326452,-17.567589312902363,-6.351269676628884,3.8263638650316745,16.17053058156874,4.421391750812401,-53.98617905319066,-33.248044357493654,15.001938357281105,-58.15314680542599,52.865516869261576,-16.457935938612547,11.130395450491879,10.63158781522422,26.706260527336855,8.724243593000974,-13.89881215560917,-5.600408084683422,-26.901253715870517,-83.20498748847216,-19.054272247273573,-57.257113078266485,-0.8315378656108916,18.066298629597522,3.9115966787546848,21.635393476042253,-52.63436721679493,31.10366377214204,114.19123259937295,47.429630566813216,-39.832549389753,11.010843910901203,10.030095665282898,-20.853461778244835,-9.930980090109584,17.9539557042296,-2.0641846349084947,-1.8895189209859655,-9.135165513518961,57.746905722052475,-25.888158132215032
176,-29.7619613922443,14.98369486987113,20.07229457499468,-0.08819060304676296,-30.076953688979806,-20.56060462540287,-153.1645126937722,129.9801139791728,-18.58455232511028,49.832935103949495,-55.10763965401322,-36.31608954236429,-92.73263203716324,62.35231484319061,-15.74004582580884,13.45304444497082,-52.48085669140356,16.1217574023692,32.917726604405736,11.382355651128632,-70.91661033631304,29.076060726610645,25.346600144395037,-10.53985573277833,0.6125132233695998,34.52245340398473,9.046014714928328,-8.916934676932335,1.4161301305816318,45.48356813649684,-2.636385776737439,-46.5343246879997,-56.382037423897636,4.576237368027368,57.21877774998388,-11.676170787236485,-10.544135978050663,-4.264224967749703,6.737721318420131,34.65100403523638,-11.112756176372267,1.1464938067400183,-25.33319827541024,6.974763255613977,62.38795768267293,-25.737184160288916,-2.6576135581254956,-0.6212089584499673,29.46210362200197,-21.533468590830463,92.796422499782,5.8577945054337945,-6.363869780696069,21.47852798658081,30.59185655612281,11.060904390270268,30.940641493592686,-35.0277438172888,-29.282199099178232,-18.124998463973554,20.878287162199786,-46.44048577904824,5.111684784974383,18.68516872053854,53.19701027992598,26.584614082553813,23.98423388122829,-18.758754421367854,37.281283596745986,-42.34390187593016,63.140309986285715,79.97496470487555,-48.16119834210952,8.582878394169661,-11.599556891847074,-75.99524686369311,7.661638983018047,-74.04334868340555,107.71637124813606,18.966501651971488,-2.648405384209211,-8.414458261988335,-45.93773353092978,26.68350282193718,-19.631402984168513,9.724394040005258,45.87417135023479,53.29948906089954,-35.568944543204694,0.3335096790806551,13.21690958661244,54.100671142106755,-23.917073561164504,30.61223925424937,8.517872865950695,-47.07431269244451,-21.513255175495026,-66.28640175458482,-0.7943506241070197,17.533245423832607,52.85467366662328,50.13562649239635,-32.0551319000902,79.78564384404801,104.74587643664752,24.698057507332955,-44.52835779392442,3.7184210713157357,18.86210119082443,16.609391253548704,-16.883207443720206,52.69104725793741,-10.664794737076472,-8.741084686776563,20.87803814923667,-1.7522735715379603,10.312331901851692,23.433848252916903,-23.96915321773629,-47.19041263269265,9.375812295142172,-2.7595609524427895,-30.224336173632743,-53.39668266012297,-34.22484097198638,-65.28385015530323,-51.496755514727354,14.784681803192973,-11.429178669558375,27.552227870623206,30.042477871857137,89.62743518150113,-42.047904607952155,-92.0581961714482,11.126968986618923,59.48715829180772,-127.28112542052088,38.98772136113822,-38.4299401306913,5.542109596551435,55.69733664716301,4.594574541183904,145.3417670801438,-64.46470312460497,60.71979375244237,-18.163789588717055,44.68956509493982,-87.85168523206542,67.69099283624362,14.050503271569868,-58.98966023468987,45.510474560680116,-48.87181033603331,9.333794583553784,11.320916108933766,74.35917484774086,158.1726761093828,-63.424855309898916,46.44572611228152,8.707003688882685,22.836895782720536,-26.806358673457844,-22.363891014210047,155.43158842898163,-0.2380421094789047,-13.982823397594979,-6.257649625451476,67.63557329302901,16.038961893149892,-87.41770036964455,97.13728225884496,-16.390843946074202,-13.776805206701269,178.46722149701193,-53.08747300312559,23.657857375660228,-42.01635802715309,-39.773845476422395,11.023642433051224,15.858575558571667,-84.44019205713252,15.481504105980683,-92.21218640865483,-6.849473796802669,-1.5586143294439312,-24.66582805572798,75.58982111948514,-58.42280898778516,128.82153712485447,-60.976951337316265,10.005289968177548,-14.069140611798948,-38.751125687021904,2.643604185932665,-22.968501986273672,10.546823342463771,-58.18323081893294,54.096591349597176
177,-50.59160883010281,56.4173216575844,25.88497456032344,3.6272229713578197,2.018483248019016,7.32767251817395,-118.50115349254634,152.49385869742568,-2.016987568171999,25.10108973286979,-24.86727611959488,24.022890679020986,-111.8227106184584,29.277886351116212,-19.09806904975377,-16.18462173119842,-54.12041433521181,49.63779497858123,19.69276197879812,63.04411873777223,3.5043593450429134,35.23910184431374,-12.666021377641496,-36.32311823216934,12.405495848148066,16.865199419390983,-10.511516517474949,-3.338573343448501,23.342697351964254,50.49674127407736,-22.07632327377446,-9.559060196861841,6.869215136549233,27.242190547720796,-14.543840004210704,-0.9065892178961791,16.185502637093247,6.868734261361373,-15.598472917092392,-2.040829279041871,-20.051486872912655,9.712437808475002,-6.093809151319217,-25.327576509057923,9.240019681390908,23.286288738654676,31.84164690936647,0.8082622450580131,-24.617957573349535,15.21724520882875,19.52244748925506,0.8553642533071198,-11.789145295608296,15.17248912183113,0.022275794981442498,23.11600048859834,-38.47997366812676,-35.34130507168907,16.204160443352464,-5.796773753703712,-13.515480660285567,-25.828990895313673,-19.013775546173466,1.4735437841477164,14.621674851972015,5.6958089042212645,-1.324699163478143,-23.27796884906384,-22.364226710188422,-47.09412713668494,32.102642673191674,-15.05432758792682,-55.75811827450794,-7.440548453664318,-30.37219349879455,9.008710129761257,-14.992443570404774,-6.901650501390485,-30.20983894749619,-2.930448524865469,14.730972264994291,11.37008824681572,-28.1922951169283,-25.951863138324946,15.327373090304146,-13.671135864602716,-28.003161665331625,-53.35446889579201,-1.650559480877401,40.35182675301634,2.588225690828186,14.376085077695848,-25.635637167812423,23.926198511870854,-46.65280281751168,23.104676742121825,-14.856387843682214,6.659672109059531,-28.790840695100737,-28.227889739509994,-0.7373779875573424,6.392247421377313,-2.5538219780720652,4.511183980658054,-40.09949876678713,11.518485185108792,-13.571234434199546,26.524674156695156,-16.85300462747853,-6.990395907723949,-0.13188754175503847,-6.831912830078246,32.941781029782376,1.459897205960369,-17.609932150005864,44.0438645978042,-12.616733756477705,-83.04454966809273,-11.201824633150759,-37.04635046050076,-36.07610388683814,30.916388140256977,34.83928759337521,-9.50163194884003,24.187743211397613,-28.497583414617125,14.88978582056894,13.037555299055104,30.375645998906062,41.57130971674598,25.0043533960586,6.351894423193658,-20.2847136071966,22.73521721217293,-5.999436459013869,62.66757647745038,13.7466256822433,-22.21728563994694,7.320867800763438,-11.23993063264801,4.753956168172978,-12.547244478946826,25.969574985367906,-23.547074015619803,15.95299464488739,-13.82289607291248,47.47522746627904,-27.426745204323563,-3.3868532694519047,0.5832525768432153,-29.46727252065276,46.06972517958604,8.349713930435092,22.058779976853,-17.371548140195497,27.924630386152376,-4.783455412897739,20.893928124104924,-15.836901159760984,-54.31864499941376,10.332617074952134,24.77924243843447,-2.05181633950409,32.73417340672579,39.68526620787418,-33.84142689322783,-32.93567034123779,-16.67081384004015,35.60459192271331,-11.192632641197422,-3.261714770964317,-8.44269310925452,-114.29358488398638,-3.7878372665344173,-27.139168520988747,46.929690784601235,26.049668254152103,-34.54206505677324,-12.28996912195154,22.057683462753474,-34.17831182005715,-1.5518259990704633,4.204568201782697,34.29398605960951,-69.00769636709163,53.72147104541873,-22.45686441121626,6.701521860853467,19.125397008042192,29.0236378972839,9.747393073635237,-20.16167644080274,-68.95632746684856,13.865641906094087,11.945625435761348,2.7276052145196927,-1.512989098799315,-47.760299673172504
178,36.07130233170112,-130.24064526720872,-68.5470480516118,-210.6779635504923,-101.20085143985132,88.25974785221266,-13.176764912018582,19.546543970411545,33.86847091447188,20.354189915154105,18.877094611815142,1.7428333172380381,-132.22337493122177,-9.930006511512284,-19.585083100165605,10.12773522266177,-58.94885543890192,22.733731918231857,-60.520248801052446,-77.65307018106533,8.746498243683165,-11.949237636655944,-83.16456963260522,-154.9938331341851,55.11474421117638,74.50672126271944,-95.53958713606917,-122.1696668082866,-99.0403329182659,23.725732752851034,-23.261715855173502,32.280427361733885,-113.64731988022747,-52.048260281194246,-11.014617237089498,13.93774457726067,73.32139516117924,41.543050333427956,37.19977596673028,-37.79226925871865,56.95576706438214,73.98767959082834,-49.36564359138579,105.57963278814955,116.69323838431127,71.17507631743406,80.56728719375077,29.625275665926576,-2.656405322437429,13.248780007077409,28.813230450048835,-35.63909211860581,24.231692334571292,171.3025446472278,-47.16705791040253,77.92379459220189,74.53959862070137,17.762542797458313,78.92715376494871,-161.25365311648414,79.04254147238032,99.94626932792963,-121.29342149122625,183.1502880586481,59.34205456448028,-21.11922110629748,-62.30753613025729,-143.32178940459482,-141.15192246396626,201.0579901232265,69.77029270639646,-188.04724074126128,-66.89731638617816,-36.86266851628922,8.95203057682175,-6.071368442597186,1.8157041158916767,43.361355730752514,37.11535629361431,-109.39260703321854,-49.70671645935891,-42.17122695622571,103.72600464071476,-30.867987826395655,6.543705350248335,-40.06263508027994,-91.64081498735835,-10.614264500020644,-36.32738246373602,-42.938216830554985,-124.74059601040909,1.5672161718038815,211.0005739501497,-10.854784752093533,233.61084386098474,14.875968188010743,-95.423354518197,-73.02585863575534,36.57364989037803,-151.90410126162863,101.63096574810146,-93.99353951237815,-96.28589303055236,15.798106709562575,47.64352135114774,-1.7472483405096266,-21.788967750111244,-71.38686123159444,-117.17047356392497,-14.476356046079562,-51.92635877076839,-27.384379904600056,93.68106353898476,-13.719505760063933,138.79184459998226,-35.82488645149435,-16.078120242089476,-70.83916233077663,-138.59535956396311,48.01643964182763,-2.6908997286460328,11.639657777271504,-88.06561693127988,2.444479809094327,-31.178813495672856,-37.42200945795215,7.123933293007509,37.38697911783248,5.464675613870403,-128.381463071002,-14.666339843387036,13.339952012381744,-1.1803508108359142,8.832183637508827,-0.38520598210059775,-25.92922444591679,50.24419529223609,-20.491808643523598,19.638018373367167,-34.12275532211591,88.69054072424059,-34.43842082295973,30.357336431269747,13.663668027071312,10.257844257987308,44.82704383007401,26.077522688138366,10.582429916276,-5.486403045745207,-56.79380509447641,10.315941493203377,-8.927245486108395,8.499275104839484,2.2493447407162894,-22.91462324021974,23.67491281962633,6.202178005018187,-6.721369243074877,-2.6037548599528284,-19.707855204353873,-2.215282299874409,-22.680651217173143,-6.569742196491045,-23.477628954239012,2.114509390127038,-4.622899096170371,-2.97193741376157,-5.571976877460335,-13.179028213326909,-34.72309493759197,-14.251753320063063,0.8672689846425814,6.33562810573276,-16.181526108259394,13.402376808657626,10.948334636777886,3.8984338383356274,14.869838725805916,-12.239682862247268,-23.9243869651831,11.211888606660917,-0.47158733003318115,-5.904018995206837,-6.404697122507024,30.272510948620283,11.468284086047692,14.11990506669249,-6.020696865921363,1.49423873368395,-14.13009305987098,0.8584373590610258,-15.154257697092458,-1.0663331792062312,-2.6050786164819524,9.955100949967575,-17.538310362885714,13.12733854603805,1.4786458411460932
179,23.886835792855443,-88.24374716562279,-30.490032022395045,-149.65051431142,-101.50035755627856,56.57291472014671,-133.06419862773234,82.35757090761003,-1.1437670474667632,41.620272145867524,-14.389037753729989,-72.81194053926856,-105.3314927916838,110.45347064889047,-21.26442343084952,-34.16732134318564,-45.720063681986545,-18.508803796415858,12.003694328737842,-1.1696892578075864,-41.52971641428206,-27.058085779816317,-16.38390375821376,34.85188872951907,-51.11686049205575,-50.02119160574613,66.20795146174456,-11.589695387375754,-32.70793743296681,50.8408183259021,-5.502639791080425,20.88540729193295,-76.96376435146014,19.16675142963965,-24.509291774560158,52.839151711826396,19.706661212110355,16.071590373176313,8.567454138990556,19.45439057125812,-21.26791176838934,-17.082110728747402,-93.05330931106873,-7.21162968586371,-15.960065050430229,-34.54916841572087,103.16814015173685,43.338344144461324,-26.58598477692863,-34.90151706857127,68.91009033677962,-33.050095057677744,23.267008120698044,1.5017875244822452,10.161717038835544,8.39450345881541,64.31562162813809,0.21436009315035265,-32.4387223799673,-2.0133142907384167,23.794033591649477,-64.4660252314551,-1.9904265555713125,40.87499700221098,52.24442539497258,-13.630009807863262,-15.627255514321881,25.01884583018452,-14.790644627868234,-46.694015735160846,12.476732758594569,30.203907411875548,-29.334986156313835,33.19340394689223,-9.589677470875474,-13.457524041904952,-12.969930839551871,58.084615907819924,38.012538286751585,84.0745888304107,9.570663209027828,2.912064060947228,-31.598940580788973,-11.834194187411422,-18.461448326359378,22.679540710997287,25.212111957978703,25.188316353039124,-33.54412403700042,-57.427412337874536,1.7673690122126642,-69.05387667469451,12.23769164621384,60.84285388944775,-36.811543023742146,86.96398417246509,-25.485182998834745,-1.3157924252368924,-31.985735262170166,17.656093015227434,56.734165073609155,-1.9712022417828954,-22.933164104708922,49.047293346405915,6.9519649159393495,-27.175012388118468,-50.889216257459395,-26.197107267512546,-40.101995620218126,15.7720502935301,76.59380571688928,16.310484580653597,-36.54875473844239,-106.93587652711169,57.33917443199611,45.60579496884889,43.91723765687522,22.785813909999472,150.3250853915927,4.847214220834302,-12.273856296110218,-36.03656589187779,4.287149039343975,115.05533988991942,37.354347167223175,-13.036732161876692,-37.41649219012078,-50.10942386840902,-102.61948009021438,18.76840872678283,-1.0595669594297168,100.07981892615209,-1.4883531914903974,-58.81389295960353,53.2433439700237,-53.44060794971065,19.283150888915593,-96.98163767826762,32.10072697499531,240.5307813694804,13.15886351813945,66.58590637442911,122.90917636492216,69.01606453807425,-58.7659219322392,56.08824828446472,62.73305675363611,-8.10647450728107,55.31426386226118,-6.681303453255569,1.0949143304885802,33.039979533239624,34.09728144921212,30.870015130602646,-68.92309392409587,-82.45223390666602,-8.077921293551741,-15.76363007732684,-75.58779357952041,58.36671987660691,-25.003639189792796,46.89392690295804,28.1817290379037,-78.5786355898307,-74.7945454316218,-3.2223070775182,-41.9951525144333,8.56726688873481,67.69387208655503,-41.73482109198743,63.83836333261464,-38.216922314792406,81.03905265182175,-84.29935448143794,47.751109280923345,33.20132353885211,64.59165210966353,69.62062784516462,-60.25460384305322,-68.37069445237698,-34.197329962779264,18.956250012489548,-17.11807424845351,-68.9968304040144,48.812883369792026,-113.5006260347124,-17.727915825697824,-70.11156424005367,-69.0671174640649,-32.51628036486937,-23.77666644500418,25.312165564737345,-55.26091175039475,-61.13829321805983,46.21506728322497,-87.5256358253425,70.35198381595147,-39.16113345557353
180,-10.914707925773651,-3.898372498724631,35.71617545005707,-31.983500700035457,-41.30093085059547,-5.394386372152402,-164.8124058329642,154.88665104254963,28.63644134320124,53.69633191493651,-51.05646376939139,-68.42493059874616,-109.41752745383172,126.91816257354408,-12.13509406599419,-20.765005048535137,-67.49956175461571,43.03578671201411,43.397672674100434,76.60921526553626,-27.196970125963773,30.25044875577962,32.64423689208592,16.585453574466015,-10.156255766310842,-3.8667647170866695,78.07604152633952,-0.4305191345282511,5.8298993265243055,111.93804385881674,1.8287090081343744,-41.66545161456097,-74.86655171080525,53.43123770152566,-21.941079777720088,33.813627864493334,28.951365546221787,29.88350495447793,5.405122976870738,-10.592093937810182,-54.198619576366085,25.23030086722127,-31.72188211313787,-57.71792403291355,-12.31173135974936,-77.41265540147475,9.94086017282442,13.744488583992613,56.618801812471375,27.071624045431697,17.497046271641967,60.442337644931534,-2.4902589807100113,-31.286817322196846,57.11859081842075,8.29620772585966,74.98951900366546,33.789522133962805,43.776063959042624,87.94469168161662,13.957619622733073,40.28079908530915,13.981289085567859,-25.545427228719298,17.606386272563668,-44.50984182370096,44.955073574944116,25.02403180812182,1.985075545440641,-19.021090026402028,-14.32582312780133,18.6760559394664,39.91432139242754,34.86825655715453,38.086173173763534,-0.09135558139870104,-22.78348896019949,-35.42380130407958,88.06917462616073,-48.13587742456472,-37.37554289619347,-19.828001435640726,19.065920847937463,34.512927114313925,-51.307621784535506,9.064921317654404,-72.14938763919993,86.80741222991881,-33.03696817258218,-89.61699821727736,40.50634644610822,-27.588120267217043,37.99743583277289,20.91807026934071,-38.59037041216218,8.21632961435069,18.103820766770255,-43.35429639890639,52.063418762500895,13.157310163469662,-72.39573218624402,-24.271622285860843,-1.5939423071570262,-53.68932467014349,-42.91287124517899,31.098107932809278,-58.991194365332376,-89.33877637354426,-13.047997943382674,-32.218629155379496,-27.2641990290651,-31.171923282740227,117.68810065566409,9.210893488316035,-44.59196548066955,-27.26075348442274,48.11491152560361,-5.59815678399065,42.62152123307958,55.67428332741473,-78.44296618296325,-51.433287642886846,-50.14154053804202,-12.185333443062088,0.45432067204372206,47.15896413950422,65.43634106606505,-77.08371461011545,-0.5787085327421309,-17.858896132151216,70.32700517372133,-31.455966672849325,-30.591178367127526,41.727495036745026,-54.854061571244245,38.43573754914258,56.83712411938924,-105.94803444445388,12.239028140514376,6.474641762026012,-62.915070408480815,-32.03339759605268,-141.8623357776816,-5.3607863872345645,65.82388752521275,73.19174581377128,-62.83092754482272,3.3289952958293005,-90.13767776488079,-26.66378205624443,24.554154133850613,60.95894100989128,-24.20331991406152,-28.431382581777363,-67.08946181201499,-29.49376475649692,-14.293657424582577,-69.18361781280824,-40.24154751577375,-1.2897821938126652,108.27015992868641,-4.142941746691188,-117.16394665887184,-78.42028014513741,17.263790327420356,35.85543911433343,-57.83611861641224,-145.82413875698182,-27.912797505724345,50.72418115921626,37.26480695189807,55.23640818262822,-3.989124875592207,75.47675490084812,-44.88443357833517,161.87462329061566,-35.96535955295623,-30.559922175423328,50.901771915809114,-63.96022791604331,-42.327992814612315,-22.58390930421039,-18.443143847363558,52.1969174093451,134.91684660100353,65.99712525169609,-25.49502099908186,-37.516610602362086,115.86895323208788,-46.54464115640242,34.47647382935956,-20.077451566124623,-15.945049119417982,-17.82879247899175,30.622689519478275,13.573851798775916,-13.859515040743618,-60.88506314483344
181,-21.005175473184263,2.9107694377240128,30.548936108838173,-35.45477269061525,-28.233014784089335,-1.2332140737568038,-183.9746830198722,196.90429446741925,13.048383866260185,25.308043498927834,-38.46863549577187,-2.227406744655279,-160.5893926025646,86.39084058706221,-27.50649851879411,-23.16396293138111,-67.8058698377043,13.532686841210015,8.966641126514658,64.4575058508013,-10.810276457174432,51.56394693640992,-4.770181047400113,-46.35782931750403,32.423784985002975,30.036273896401276,10.219156891305879,2.9277309541628824,31.418716617876527,146.85524679485894,0.674083736481826,14.059759950049635,-11.46215610589638,76.1780798479929,-17.051346285540145,-19.78959760396325,-11.5503665152627,2.292213044825461,-18.217287074770482,5.331023494277654,-80.49838511859686,9.874732131428576,-27.91662081615296,-93.67466668590919,16.444083765127445,1.4269246158011852,-4.298701803029903,12.624541724982304,5.535163272127242,13.317963678948093,9.16398760104952,28.17352186613056,-79.2316487471797,20.018059164642743,65.62606501653809,13.968917661910364,-19.528375017444045,4.303194412326406,-39.55215961451437,22.04272262506363,-0.4619974522918745,-85.55790855789894,20.713984993507403,67.02758958529422,-17.110815748064876,25.44716122043786,30.08718612963338,-153.65459460575656,-27.794283551947686,-18.692184427242612,-24.10353952616911,42.34437793203125,-64.1008347347478,-4.618599755188807,-10.594400294300137,29.454824062024052,-22.260043455836954,22.998770486646166,-43.663752842412904,130.81254325133742,52.44597773545433,-75.1828095083702,-42.6013053471769,106.68350161916734,4.855866592032469,-63.74269323066897,15.023260468022242,-84.15086156772428,-19.9224889795256,57.342983359872306,-22.79770354959035,-95.8922508059081,-67.12006602548428,-59.46006125388108,-12.472877644473577,62.131664177232224,-38.73312764002822,-126.68500962865971,-5.276075020394988,47.278219683681534,-47.26161197865963,-8.017862848580027,-33.00760579989088,-1.7942711531029463,-63.79174795462503,-39.84932854319927,57.681805709105355,49.47503914598933,-40.64168612747037,87.35090990071939,12.422054977811507,63.2234577185827,19.729530741926062,-12.813952923230435,-89.73827132417071,-12.021380793708287,40.160494642425185,-22.80759356567848,-9.484758143157546,-47.78191186526817,20.838158252565293,104.74616577032484,120.71665106088561,78.61562206809178,-139.10229059723324,-86.77568033506708,-76.14203340287739,-13.924649835615773,-22.822430993300923,-167.291421992189,-90.35336249646548,-9.823719339828251,-84.14443154788873,101.97860457436077,4.346539559416561,-92.41044415832994,-10.315567391740363,57.248493803899166,-101.73328601350461,-117.09067274705642,100.90724112892964,-6.384493835893171,80.12249989992112,18.351057873058537,-116.61548196342486,-48.261671717997956,-23.479826577338844,108.68186226469163,-36.0569724557955,17.227024600072557,-59.5036672447405,116.79641194206751,-14.742360297172368,-80.81726641545704,107.89631741510325,-68.61483117162554,-12.209316514379754,9.49883765128257,11.174657617263358,-1.1989625148138279,43.12020414097507,-13.06340694942322,-0.6592771345641414,8.592387815169733,-14.80683849263418,-13.364584782708794,-61.185538860556115,0.518803563205665,51.14516774352529,9.7505897382126,-11.07933171702448,29.824544060275603,20.323273493035334,-24.20900497621784,28.15692145338676,35.75097083059849,60.88287831561511,44.74061639617408,84.39945966191767,-21.75700503835578,63.92232919223894,40.90466927080567,5.848948059922439,28.17814050159456,81.21624393206787,-18.706636769127243,-43.005118700277514,-12.179813609265677,27.836105341925663,37.046277614684904,-45.925416932607575,-17.346939447920615,23.206462369907694,-23.32070480319825,-9.984688334637967,4.049751171664888,-69.89054148696918,-27.304238356193803
182,-37.942606062463426,32.04108891421989,34.21312758775093,-10.327678615888768,-3.819716485721413,-4.073765149614695,-134.00142042549695,153.11535562330917,29.908494989965632,16.90117053358747,-4.1249700417018635,22.3642926832911,-157.52051351744606,54.515369390201855,-30.644955167606653,-29.966790450227222,-61.62174341877194,16.380016193898907,8.200518191384072,70.28994935601737,-14.84666552107662,48.54403091759779,-16.725873243358784,-36.092198246854245,38.47955959581587,42.15797684447016,-46.92065736140768,2.560116868603273,54.345263198578365,64.27854797830312,-53.151932731117505,-0.8054207854989216,8.819175824054277,45.56412498927716,-22.87521181259447,-4.994234727107118,21.2737544367467,12.446419995262078,-37.32034422175768,19.98414310995387,-55.753131065400645,2.331106928947418,-1.9750477533981294,-52.86266856980779,2.206803679375519,15.849860544544132,19.36799154362107,-6.277334903673922,-27.103878485313658,15.220550131104433,5.386751660863378,12.2689060727483,-91.8968829729272,1.8134458468132961,19.385173544112167,-2.8580148706902078,0.6756918962464723,-0.36333076577304024,-19.056829320882034,4.435681009533342,-0.30872795775348727,-37.810197238581274,34.30404536301284,-10.462182370237336,-19.58842936403829,-3.305948260163728,25.9635841618641,-53.899295850809125,-13.573664034113408,-47.113624041495974,7.478412794094264,9.910475492731127,-30.274279240435842,24.694480636400158,-4.790236466086529,16.103772890189934,9.494165634656754,8.029359965936411,9.651495087784514,-4.943395643060965,40.72578765957758,-26.409085094925164,-0.5478558821598034,48.330613200486916,19.61608995528643,-28.56427910778338,-37.71240713429902,-39.64214781781351,-36.62939480319069,-6.294259576965329,14.139751909538532,-33.89952898525468,-6.728076521823182,-20.7120138322338,-9.721958672632624,13.615987830158607,-13.438544337966558,-76.3204874057313,-21.507439575741152,-10.205483113575902,-26.837969242281044,0.024579898890929514,-9.547656857725942,-23.926992627729053,-49.55910202783804,-13.552473540324339,-5.010687203858745,-2.4649291899969237,5.043605742497103,4.059858811453941,33.80718311833099,2.763673386061813,40.21665837226267,-29.271401077270713,-19.478668510002304,2.978845773750337,-15.942488988369147,-66.58822260315242,36.81727146156556,21.032174149022552,8.861455179475765,16.530043894697734,1.2157045083761682,12.421593757009587,21.91612351942769,-10.486749017565122,-5.8765823774331825,6.848140373078934,-16.972152308803732,-9.641843346468454,2.44406502687292,-29.427005681902664,-13.483515515811161,-23.016230329353863,5.799164107152997,7.7668693686459145,77.44381977543037,28.41586227798444,-19.919098681283486,2.5380260788874995,69.67953233341933,9.531405987435022,-1.8896721810928665,-60.64122787546102,-3.068324673125853,-1.3540921026138635,45.19261748053661,-43.37052294922493,14.129692789083045,47.4140021296437,69.77544940328436,-7.777378359350647,-2.457622420465813,3.797874599438494,50.8107075354486,44.64733625315151,42.706620558315294,11.575888999299048,6.964994438297549,-24.681040211045634,2.7774831188281843,44.10959516805248,3.251594345773517,-55.061129275819944,2.2523976296385224,98.75481215052045,49.41793095032427,11.121654630490163,53.83301028081044,7.94747007331439,-31.17746661747237,0.9679688625162548,52.858821491480796,-19.20096985514711,73.3857254587074,33.63767188942362,-55.25245776455511,-79.70176423654819,-24.33166558313572,39.258001570194004,-48.78104204185094,-32.04511090471605,44.30623086342237,18.773560946825235,-12.475719918773429,-4.507769334340077,-6.297981668386707,-8.327817251509323,-2.083574705038817,5.592260966904648,-28.607525017220567,-52.51942176738043,-23.241386113184944,50.164383093880005,-45.01102967843788,-38.30075073602909,39.60701370088013,60.82420558623424
183,-55.59408680306754,79.48588059780322,42.39846690654583,40.38059496410476,34.250738784829956,-1.016831168323931,-74.68765178656255,137.44367112289092,47.23735913351133,-5.28208042877401,-0.5072079620868168,64.63710058480946,-125.96618737619474,-9.99958322303658,7.183503809085203,-59.213466279299894,-23.79594217887089,30.201982395075312,29.540731302865765,53.88463316127517,75.59338347697911,15.426024332658248,-12.150449299440265,-31.82009703575301,20.488185162852155,17.53958645558913,-4.5193800561790125,-11.565437260169213,19.243799248827813,95.09209235523409,-16.898084635957414,-3.2546945396823714,-24.371045069277738,51.740999359471495,-39.27282004679231,12.150722176654282,22.302434463240775,22.665757970641664,-9.198945873294342,-9.934586458354147,-46.857590984710136,8.939999348468902,-5.845307648272064,-83.05139286699762,-5.902091800930834,7.103910399631985,6.7252512324068014,-1.6765520544851285,-22.809082914523266,-3.068023892297354,-43.21909371200914,30.685120685012038,-0.35614488197632055,-8.769553941502977,-21.19159766903941,-7.9793877044092785,10.31540932313106,18.1158827108593,-5.5165874255941025,48.19717324122139,11.378561468973432,18.291299389668666,-7.744314898432183,-14.779622279675344,-11.264373636567253,-12.030591415391262,-8.50201339654078,10.30502905522616,4.939019698613715,-12.365347494002284,4.60026095516151,12.770580241079983,14.220291433563315,15.40357479494895,-13.724422603687323,21.98232101793706,15.367577081538647,5.495369571834969,-5.72194550939298,-21.444425113275372,13.2216332948522,-0.4149628330587482,-12.184095837712041,6.196964737327422,37.94363286233811,-17.7201417218328,-18.725707826352654,-22.03810832375247,2.8674195264830606,-18.341150051773266,-16.455662716975986,32.91864651016233,17.853376887258907,7.910096592272159,7.800060533358749,-1.3516040137866123,30.289369025994183,-7.234402172331209,7.835523765174596,6.824682091061983,-35.94562719916418,0.5238624982270231,5.958639783211733,-8.858878080863693,-17.486553727589406,-17.957378411501065,45.224301758357164,0.5709125850907644,11.909541666498212,-17.37515237310323,-7.684130922355137,-13.945440962988432,35.46743100403684,28.16181293510847,-17.475030144039476,4.642259378186755,-38.66173427273856,-10.393673250475398,-10.049298234960695,34.25196608801601,-28.19327756368237,-23.88086423977932,23.7440179914358,0.07075518737755582,10.945890246098104,29.521199659646097,-8.275180921594895,1.31742938884361,23.55256025991622,1.0797827495934693,-2.8980357787392235,18.93243556197023,9.797913129767727,-11.653072244864779,-20.75439817804963,9.336718841497346,18.69820869969761,-16.836180370491242,-6.749321605738546,-24.682387442968132,-1.4247424883268316,-23.968193371650937,-5.006307604854986,-8.535018927814786,36.72933361998726,17.663241025296866,-1.0719655414917781,-14.884110589373917,-4.102678927118022,24.494011769518174,-19.577993341232165,15.470824262577459,18.827328428293235,-14.01636263065416,2.5285615806316772,17.03429480482504,-10.022962302077426,5.002294398507637,5.599127806235655,-30.253973978810233,15.902742156229156,-12.253131639290899,23.86178797900377,9.57143554849667,17.644517426849397,9.215834582860634,3.6874433945217424,-13.640330411451217,1.2002011736660274,-18.042580457156973,4.748940751028139,-0.5685849346115792,-35.66350065152528,-7.827821015951443,-10.891331256884113,-26.852439937006764,-5.993707931269788,6.002391457910831,-40.40200753176701,34.88511981923419,-13.919090864337123,-4.126708044254742,14.769516367361575,-40.05914779573639,-3.4584466078218488,-21.018714715876893,2.628088231837738,15.312732925281848,-26.951726106185152,-29.575561066165633,-3.331812414207512,21.198013765037746,24.24340822039965,8.067124963842835,26.006898257667157,-22.285996866765956,12.481766524838381,17.20380074596242
184,-50.06866040561739,39.53353418363518,20.13056456466084,9.35315730560165,37.754784927633935,-36.714458675642426,-10.160673764097986,71.2472509414621,75.9466412893248,5.199574647944594,-29.65219687424342,-50.12127674531042,-156.71868101626677,122.92626425010566,-20.99679853141621,22.223867031760854,-51.20339751360224,68.00547043327623,26.704635111360947,87.60883827282412,25.7270367792461,43.18670113852927,-15.03888726445484,-23.284308922027357,19.928695619043122,74.13752395165238,29.689276615791552,59.98865877777958,36.05992004134402,4.537153315523023,-17.54449050649229,-22.034479457837953,24.701660957403014,-5.795558281372188,-26.98195650437414,-80.5303530319222,25.93270406261101,12.610797707188423,-24.37871115722203,-20.58858856316723,5.102835614873126,-8.800090243715461,-50.91959151539044,29.778184395363542,19.851858056289853,27.221148734537675,-36.70460495963554,-42.24186568360105,44.471423398890664,-13.322295973385788,113.1184668050048,-32.36082766346908,6.415020236246692,-36.06933099336006,44.446187087573264,-58.04636733701347,-1.2539348257430518,21.037986602323784,36.279268772959846,36.715102551247575,-19.050413141744418,2.947282143919693,-77.91844367343826,-0.8155409358187049,15.354040261789141,100.69960873498802,28.601072293248336,-98.01431909254009,-38.53632278972498,31.240641733922107,-11.440917633206189,21.797670100901374,92.0558204764674,46.82370253000599,26.274697683292747,-12.795178413657265,5.450906715461603,-50.89568292036337,21.645027306867963,38.32289973698104,-17.211604488852885,9.974719348366476,-1.7005670514516156,45.41828120036048,12.488186830079705,-13.645657824973997,67.34839601752849,8.553185243827048,-5.815166082704976,4.519766510592408,-8.695330710734476,-5.631015121896459,28.436374859320846,24.59253304434475,-3.576436618474547,37.24420472972723,64.78436036429866,31.87364421080425,-2.947036065754045,40.65229204555872,-44.51529751730027,19.041659493320573,38.60302734309086,22.288059689042143,125.61620623965258,-46.48423017454211,-27.022079773566634,5.357211292608037,-72.67203332023198,19.520576636890066,-33.92319453338179,-14.6017864008871,19.394656070149228,24.322398292481633,23.34649829331153,-54.53690148709044,28.65712334663135,-65.8405862180057,47.11567726118438,20.600122658802086,36.21478909399158,54.05415727385664,-5.306247578569511,-0.3683419065139668,60.96834030199314,1.829279716598502,8.13283825866353,-2.102380724214392,-47.834001831947774,-78.61986830631466,14.502434223729185,-75.91618958623772,63.0567687101161,-6.3121505044147845,-3.6920781624684635,5.765987785609242,97.06667064034225,43.37728532867708,-41.780044818565685,-4.064879861861423,-121.80862820371149,-107.05922738276945,8.558479530335642,-48.856042291486325,-35.25599242782946,-181.98929312187107,-63.44381688214018,21.708549905563974,22.604768330265216,0.7470617645275689,129.40945476277787,-91.41600312632778,-18.711497940833624,-13.735876940209991,-77.48534138980096,25.8084229111442,25.941457172444363,4.064923349689427,-14.492079435159162,77.75049825899873,-46.173376787041086,102.79663870805456,39.45960485453332,30.154284052684343,43.82007117095754,-72.57734970701098,-125.91373237919377,-44.26647986110287,-43.23574612731779,33.28895057753962,7.644214271407921,-27.659875474577397,80.01979019288808,3.0758875031165207,-29.40275487945896,-104.11729412358093,97.12161752506307,56.033036187257316,-60.10968279633117,-55.58264178793261,-15.058668833725775,-19.15203348240096,34.76123378887689,-8.313967717328019,-82.18215809250898,28.830637806665845,-23.774582299195743,110.0506302664716,98.62369762251419,-10.437175085983032,70.87374109991926,-47.37611837056913,-58.481777807813856,-76.78924302187833,60.72742833726684,-64.48920471460073,38.36382528687613,58.46962031585454
185,-31.70666271977198,30.726398123462438,23.08969097871353,-30.37344834801265,-26.187861351148936,15.931437323139043,-164.88080326065872,188.96119758660592,8.813980161091617,44.62574561258024,-38.89961304463162,-24.637941957743827,-145.8928459774628,88.1374494695522,-16.149941448850132,-16.087443475138237,-74.6434896438899,65.29446838524622,50.27502219609045,84.90137614735087,7.992431708395156,34.38808405457837,43.591281837295796,-16.447589763925322,-2.65515165631317,19.468668748778686,58.32567691739847,1.105706897685589,20.603472368755465,124.54222488428204,-31.473618213741993,-47.95600975316152,-36.18251879615606,54.37974764425444,-21.960498799168064,25.58127774410236,30.791035163933255,37.303734661951054,-2.038506756066869,-12.145653814387877,-41.44875671769988,48.70514642267763,-34.12935308953715,-43.56601292051193,37.66386479515286,-30.482907526008255,50.92387976594508,28.940107189041232,47.465132244648494,65.26000762365973,39.25481291719469,42.67380624857102,14.008095068298267,-40.27849709798934,82.47302193000222,12.585859542800678,29.86910386484403,-0.8675825524374816,35.616740408112854,45.374045255453716,-19.589786129145114,6.489937579866919,-62.914877547263906,59.04781075470598,15.835131093011055,3.6158424875343584,17.40129846010309,33.127207995105266,-11.778005776241113,-39.72118033797674,72.29605563010045,0.7064404574564184,-6.3385061238368765,53.82314542009972,-26.118824836539993,-39.805634658638745,31.114461961605095,38.28461574021082,93.75395692937467,-62.096185160712395,25.77787669052809,-5.2021502814830605,26.68026068974607,42.6382752037627,-56.41409398934686,7.732211589752024,-47.67822005548617,12.602735472077713,12.22664396064046,32.181825187783325,17.872304355495494,52.39681029352013,-6.278320406240366,31.627925798621465,-12.756149829276117,46.9001934229372,18.438949465499185,-60.48996346169503,-28.981909476268015,88.72720202027433,-110.40356789615869,69.32477899488995,69.66903912788119,-58.12829196064823,-63.75108045642157,18.510850267991337,27.20232335576303,-63.964648941630486,2.552905457593556,-139.21077145156227,-8.556851327099213,12.299367932608778,75.49300730477863,19.389770938187212,36.850308404214836,91.67667533855409,12.25324717713658,-40.44528709944135,-71.46393484905299,94.42280770486585,-53.82067659568976,-9.13748366013639,19.039111282458062,-28.829656272011118,77.23091014168823,59.0180593455819,101.8584156085694,8.662334587132433,222.621101876426,49.05671555543168,115.12401745956996,-31.735501046855905,-35.39925329731512,-29.24792358639337,59.94324601585068,6.826550889881391,23.412961478030386,5.986057784554855,-76.4623573091204,-4.51547616620976,-18.406590212329533,4.59626950091849,72.82390500062817,-49.248445634400234,86.34416586593568,17.102357385696507,155.0613713207048,33.259092640768706,104.29220266710817,48.872669814938405,-63.84825515799681,-7.857447917740831,69.49620518479928,34.69527477997877,-29.5858277575738,-79.31589586082941,-51.38978302505218,52.78052493017781,70.94055400196322,48.84810795971695,-68.52361377710305,-11.957314383242949,48.05999215599193,58.49306302150708,-81.51125966050843,-150.28299070734056,-15.39994578229912,36.844644053641034,-38.69553994172635,-24.287052216339532,-73.93196563524891,-83.92729712526243,54.62616090706214,-21.856002146704743,12.848351720075065,-43.01047149663588,-6.952953296217771,74.33509299658604,51.8814410442573,1.1830731360819302,53.29443163625471,10.107688517800469,-9.473520766270655,52.501580569506324,27.848436263026652,-30.355786681739435,-29.6437967452025,27.155935789802662,-15.305872688259303,62.97109261712807,-3.9112928955251696,-22.611434917465836,62.01695508288203,47.700622407380386,9.190729143214863,4.41541041412884,25.32017556952821,41.52219770752994
186,-18.807503311470473,123.2858270906806,353.7566207103715,-42.41521307369002,33.52319527381394,-21.692704021407117,-101.03932480636634,307.5062658722423,205.66731520933052,35.900930243662145,5.677705829730361,59.39751506782063,-411.72862336842735,-60.810590791831885,-362.8757590105085,1223.4152287350391,698.4679567651949,-259.468541620442,60.98262173531227,-56.2692823697331,217.04156531755498,-68.92905488301975,-3.8058391036401877,66.14044335961819,-45.96341790417224,-64.4823498352094,36.30082562348132,-10.087740332795073,-25.297217937620815,-7.397398919344466,-20.03809906896512,6.265760683806166,-2.344745456726474,-44.619933654555695,-9.117844635305444,29.144385050056087,32.47197862368466,-40.961590832191035,-39.1276193140122,18.410021215190945,-6.833008723860854,0.052277163615335964,39.507798375279506,25.962282112078185,-26.24316879288298,-14.900303705188136,-13.941841340381378,-9.951391353431404,27.853937810283195,17.904604345362316,-14.360148520251988,-10.69933665787194,13.141444091029143,10.49234601416979,33.27808709307751,22.788260379312938,-7.918078123907721,26.47918726004816,-13.836319727721182,-15.871064553989692,-4.538384504784167,1.8930587284572553,12.071471129096414,-46.36163578201494,31.013474065581345,-6.172322968867455,4.552023050961211,-4.781374929857461,16.61520232213209,-16.46744931516063,6.538498916728617,-25.496412794087284,-8.389551136608006,-2.877243807523842,3.1382072171002413,0.5318521578576494,14.718293849643693,-0.4373664088857252,-33.94606693981477,-11.397433483066209,-6.018840837380365,-23.02519793538681,9.502811794891588,-8.011426661589926,5.225756693382868,-3.33665803772132,-2.1095491879448343,9.71702941043783,3.5839729889153014,-1.5760232815904835,3.379480662320404,8.135592052025086,15.931062897623402,11.526375349706528,-4.613588359001327,10.420100312478718,-3.4681097042894313,-7.233713311388977,18.85018644757919,-1.7926002819565376,2.4006698427144784,1.4096425837750228,-6.674768820064423,3.4935221853092173,-5.997919363352103,1.4488647157405088,-4.360847790142051,0.5502536246718739,3.2593081149958705,3.986782347552886,6.3316846005123875,6.233967720019866,-2.9727992501029408,0.25419970722417196,0.9597921951441757,8.489581838899698,-2.2473313017604784,3.388887007329275,6.989184624824324,2.7098624984443713,1.3936719883374007,-9.532733471579789,-2.9092311501169785,-1.8972742318084577,-6.448961550281689,-3.664751586304476,-2.9144565678689345,1.4083811829815882,5.451245245319715,-1.128088639939626,-4.3042365324064935,-3.257338293127831,3.7134221706047046,6.989505433870795,-2.6215458923940047,-0.3790067984465914,-2.056594631047991,3.9585438171539566,-2.4152041801328066,4.892414331773432,-6.22032655686159,8.42770962400267,0.08082610815505831,-2.1093820430146613,3.9634415951189252,2.5076191082364456,3.212862816684669,0.825721787917379,0.3023202288759221,-0.5568384838055614,-4.4508377209285825,3.301973558618136,0.8911043969749846,-1.1282532200328441,-3.400339052094272,-6.622450457531136,0.4856242064219882,-0.6665092757865048,-3.9952104764993632,-1.5656577619174699,0.6521080613595696,-6.303593041619997,0.31065334936206446,-1.794481841301539,-2.2835692803078187,3.2808798107665345,4.617170787347529,1.847697816964506,-3.0497271777225716,0.907326901784703,2.51284103170597,2.0588694777594156,0.04473320879894804,-2.7551585883757,2.3228902667584723,5.869375685672345,1.9786879128359494,1.2296030586427396,2.401158962723453,-1.0318421013665031,0.744509872738524,-3.722589466859785,2.8427621616335044,2.5412350094475245,-0.1138919071076665,-2.626958182285046,-1.8708455894409122,2.636369712630745,-3.8130310648127144,0.9066241532503019,-1.0448659233043036,0.935074157855772,2.12131776646635,-0.27198251326303663,0.8655264914058359,2.9251094633948975,0.7909994103131478,2.002036914119623
187,230.94428655168835,147.58622029665784,1204.5295946778983,-361.98790810586615,24.688088499519893,29.091506670309194,16.84882793538479,555.5012585539187,1098.7207438492767,61.364122389815016,471.66576547304385,-289.7590335842694,683.490185279069,-293.5327496870337,-239.76963573094258,-250.00581048379811,2.832149397016324,-12.1366686675077,-66.34516177021663,-116.44749607008355,174.2960084682162,-105.48497603593239,100.84885050604586,36.96053767428811,-48.08186207276797,110.57652733858293,36.173902407054854,77.07723041390304,170.48102260432492,71.22989552260377,-95.93480279490637,-18.979441039891903,-94.05853148109148,-15.60170707091627,5.206572364566272,-22.046396329218688,17.513274841133164,22.6884408312758,31.659958119335982,-3.1221924084155934,-4.984023866347055,21.042069471475756,-32.03393327618978,51.49409242752601,14.954769780196006,11.737280945896119,20.29424636463883,8.102971077541174,12.65738631054705,7.564010774279088,31.263127749402244,0.37590511743121713,11.251055588923707,-2.745962643001112,16.432190625926044,4.382412639167673,-10.527973311231282,-15.848153925940352,11.309355097983135,-9.547450944313894,-14.854560945268044,-19.44396709270761,-12.157569385842889,4.198337478331186,-0.09303939933299876,-5.204002102719867,-1.6054771627511384,-15.868618985089729,-7.7815492753924955,14.057546422896419,0.5946762240240533,-0.0007819816307197414,-18.03582646648887,4.827525082335686,-5.588967840788935,3.4330168980887765,-12.58922771621937,-16.103874529645154,-1.4802794351099497,4.968966837425221,2.738567417264334,7.3822099179930225,11.77437417819047,3.57531925715948,-10.504448786746249,-9.394210166011344,3.806171193013198,2.7557217980568236,7.110725726592273,8.24335729962956,-3.2186248890119575,-10.623577285009201,-17.448868480846198,-4.988120019016904,3.995778779832668,-3.1425972231862285,-9.641570899877694,-5.117737909674181,-7.328511363387404,-5.83479079036437,1.8408329652656423,-0.8756717823091504,-5.505715135459985,1.982955746116066,5.866097237437424,-2.608549690749652,-1.5993286334852024,5.291605610967585,-5.134220952679442,-4.272652358489057,2.884330757180674,0.7488276584180524,-4.761043356837119,1.825656764673352,0.4394290670552823,5.571325849814646,5.306197130851048,1.0583082091948288,3.022317324635462,-6.794605430201665,1.9228738795136557,5.542051022559342,1.000723794496942,-4.215960834622311,-0.11610519195778046,-1.2511969768684184,-3.68690135178172,-4.537222610327635,-3.5873518127436186,2.5519328661015046,1.5895807220065183,2.394575369922792,-3.949539686217404,1.0632403012067861,0.88618964432962,-3.249818619555194,-4.238783048963887,-2.5751659773267734,4.731139707817386,4.461252753616679,-1.897481093823481,0.6367045456165235,8.104239607552117,0.5450859788386007,-0.4663552381180267,-3.2448302797244817,-1.8099316435103994,-1.749908429107081,-2.74139706685796,1.3871877713891525,0.9374456360974801,-2.396413949796443,-1.5363209093773011,3.7654746413196554,-2.9174508656686284,0.7671311824970699,2.540524361780348,-1.6093307341246046,-2.5879596637713878,-1.4391659362332954,-1.4760502696864077,0.43712992259007777,-2.2797216172679944,0.28023665930638053,-2.512587449442264,0.37188804062679504,-1.9860088865768004,1.5594034319977632,2.9491233533568897,2.3378702328274468,-0.2501902094257731,-0.282746151844286,-3.1865364794352318,-1.2765658279758993,-0.6366623159044735,-0.6740611305969632,-0.09634736631378038,-1.739660649362106,0.22685497892779005,0.27821237739351057,-0.6690884154129484,-1.3493781686840778,-1.2497191860482721,3.1702621896189904,-1.5731238549650866,1.7301886138955105,0.24924431444798445,-0.4600800275707577,1.7852050025976318,-2.0056057342679408,-0.19194864798292643,-0.6157737120605249,0.702155517653801,1.9202272560156053,-3.629691966605294,0.3836488661998716,-0.06415774883550596,1.028773635398998
188,-14.441109291882968,0.24389135885377855,34.0477612010714,46.422810673272494,20.37046044115883,-120.11743206285786,-137.70718189575476,95.67183470213888,89.10884728864539,-8.682063169457262,-101.35519708449498,18.99413262205785,-173.83788182895873,182.8471554833145,-105.5904024986096,-11.12787248748521,-86.08055367442971,21.325008020383844,-115.31916239644512,-5.5510094621758395,-251.92102013841188,8.273413301287562,170.23799035855077,8.352777510588728,-54.202044263510615,31.08120529504432,162.92145078337182,-51.379990504080666,139.40490189249695,5.192850390954747,-0.3299077713015035,-260.6799176525653,-197.21650063728563,17.279519329277708,252.18346416274522,115.71003710276452,5.365105396030703,-57.227755836109324,6.949877316689367,-184.5965754530377,370.21836228174743,25.37054182262217,-169.33326077457212,295.1301962831541,-284.82974781105656,207.86912748056943,-403.9663706811349,9.106635332004492,-241.96124631066405,-96.5185530315893,-128.74935498216158,-101.07002674687911,16.152206596888874,-74.01940848245256,193.86327130085942,-71.56781441216283,-8.649790381804484,-25.696212189873794,-34.41212158764768,-9.738245311045702,49.091789169405445,-97.62379863454031,-18.93494954296344,123.68503364406739,71.10103141236658,67.52891216893791,43.40046736250513,29.958684795483595,61.62728010181021,37.67549041667955,-15.871238843179166,-61.825607487980676,22.166997388668673,15.593102732030015,55.03854343705286,29.4507163583398,133.29088966582296,109.00344086926191,-8.84103575054699,49.0907646511216,4.19648167733014,-59.23685794423154,-79.3432091542363,-50.54958558946926,11.262785340909595,47.88246902502978,0.1920033511792374,-0.7180088760102531,-26.91818076680949,62.11664263922417,-44.52028486296231,17.260390283332708,-3.740130774701981,-16.357830331618292,0.8588369063672763,-12.544973685190339,6.636164304150592,27.39575924070364,8.144749231003633,-8.57598560340066,18.221880050667394,-33.91526116676882,-31.862248157546073,-28.015745655218772,-24.600361147630775,-42.412773424212205,4.140658707317461,20.018502172625922,30.138252822568386,-8.884342429544521,11.594731298451855,-29.256603440631412,16.804061518534233,-3.3427909588732696,-22.332515125449905,19.259103151919938,-9.079511088609804,-6.606282289301317,2.1127451584431776,19.155073762753972,-1.0174559981083755,-9.706979537492359,24.497332489576447,1.813213735538709,26.267557573249956,24.176304039720378,24.306070685396875,30.37328831242348,-0.5891995223588826,20.869359321342525,-15.066438619981891,-8.22494627208288,-10.44648017904494,14.228532496307704,-9.186098916189028,21.683303753069257,-13.268271287227854,-13.29894041856352,31.47213961760488,-23.759637048912545,9.18830328665176,-11.607581537984565,-8.86757384291649,6.624843039253339,-3.607083191896409,21.701559369870896,8.377462041485426,0.3225715563184878,-14.39373428202512,-26.237249893240293,-23.285834591732275,3.898571230483727,4.029269416278687,-10.924664388404958,-10.548183199744757,-1.6748636799795031,1.265010508365672,11.1218371649209,11.559955150055254,-4.748710425555121,2.767159395952107,8.533975344595158,-7.432681880890043,-20.804314103946787,-3.696097786032084,4.7210046556827425,-8.739143340623118,-1.9270708999769806,-0.0034898397339320486,-4.3354036546103325,3.4759478672557393,-15.159639205581074,-5.06338104418092,-11.276369663618665,-3.6616755777449645,-11.71706666302919,-2.1339200691411913,-5.720480301264614,12.705058670648867,22.41574641989915,5.2732592981786475,-5.252379141307587,-15.993995629294451,-4.927417648344541,15.904225251343709,6.440804466761975,12.37253350190866,5.670546164714542,-4.33461741772662,-4.965254803446383,-9.613831781932273,-0.08059055536836478,1.1286012359523516,-0.10953761355139169,-15.086765099722045,-6.040599994212579,7.375536956060083,3.4946392359063347
189,79.43951541341421,80.76004547022164,472.53672927521006,-87.49299114877525,-19.303565821549324,0.12905544292608218,-100.78071750110823,157.90644815569908,76.79164465390771,49.525164306761845,-2.9132953735726064,-22.92547262642479,-12.575207958458446,2.4867538080800107,65.23142186910107,-8.944843255819922,-92.9599157864725,59.94667261347735,35.14877278741864,88.16149683499236,-118.77234040693811,95.089869465052,-98.19278405563722,-68.57058193419786,35.08062520277319,-115.84778454570221,-108.7415211911325,-112.55251061284783,-231.66312705083553,-149.33159028198236,103.7523499369691,37.49739862112269,139.27584897952076,8.549593103560204,3.342807573756815,16.58066071262028,3.0325714583691847,-36.74295176735564,-74.63393687363092,-4.071537077698918,1.408882680539767,-18.348573901652017,110.68068062953057,-121.8596717333027,-28.609751423864097,66.32059025685786,-22.77408207274683,-49.08307186942247,-57.7985619072557,-12.935257383732331,-160.25202602533443,-1.223037798319559,60.01505006308609,49.19313588401956,-83.2985930739692,-7.296174432735829,-21.595867552776106,16.398324337829767,81.8700789893854,17.596400972602495,20.052201279659247,-3.834862329985482,81.61928079084169,13.93668854312346,34.75789032420755,-10.121485060425547,27.428181562364156,-105.56663377572602,-7.418561668381742,31.544150415620475,53.136818381510984,49.027286074413716,157.75953945930124,-111.41808900008817,-108.25462460037295,-67.12565796862931,26.602767553799424,144.96349063772058,-20.032939033147066,-56.29251252804071,-38.103014179996805,-186.65975744566515,-162.87112238550137,-167.9125987770803,138.6484304568071,60.81809986094349,0.017103367580240558,-194.98565701383575,-93.49235261990653,42.82890370515942,161.72589183940684,175.14873002707327,-51.11563019800939,32.40520542085393,-31.315855086582992,178.80470589556512,84.0275639888893,-95.09132789568152,-34.46935263639327,-28.537896372544992,-2.8773920065184173,-52.95308452339707,-36.29373870410984,-9.530015031792438,28.362326954119574,-142.84948750765707,-39.82445463990626,-63.25292621244572,10.273416652251067,-34.40038110901349,149.9190746740382,128.69006355539798,29.995372100283266,30.305656653494914,60.73527722286093,-49.171663583211725,61.03334981621222,-20.516797255159254,-20.22245924789668,-85.21266856103993,83.8381217085514,-26.09129291291864,-99.73574264210083,-90.73863224910063,-25.256041709629628,52.448907282670284,-52.673726631587606,-65.93351389926255,19.86178523298281,50.54144275780456,30.57165669188439,-19.55323996130051,-0.7802330033817297,-18.912848001913954,-12.490046276349384,-58.41985929883671,-49.85095126052599,-48.12678097626687,-44.36229008785651,6.095118438189699,-34.699492758496945,4.926928986047889,-6.118056091418167,5.521620094453734,-27.42405850747155,15.825368653730814,-7.78864590560695,12.121949367294448,-4.974923847629679,22.122980686740952,18.140044797741485,-11.92097865733363,-2.2066536886859858,3.8480463876979245,-33.21975223679904,-14.633693665961292,21.89123938025041,-6.176901772038237,0.44694375816057175,10.61234561912579,7.6402387347881415,-0.7034815125780496,-1.8726933083400508,-12.566020739946769,0.8462898259700622,5.96896621936764,-4.540747245631288,8.243651354827994,-31.209667710171484,22.87432515288598,4.855689543452438,1.4580350075697064,19.057077400015544,16.7689691914462,25.762820682955283,-16.896022964125642,-4.807785879732335,17.918061850761013,-0.22944876833721223,-29.35147054667653,2.0926133173986634,-30.418750415328777,11.713882083656584,22.104666374329142,23.015849037636105,11.729984726923101,17.722486536023375,10.217290475420414,13.399625448495081,4.353859439994307,10.145802589258938,2.7893968811205085,-3.5347557783861476,12.793269560202166,8.100019228956723,22.503198286364437,7.392693440453584,-7.352649865403105
190,-26.233693962700087,26.205352804906656,49.34135360595593,-4.679381638688593,-11.811044871035165,-9.295179617140418,-169.95595455401272,181.24450397784076,34.525300244014325,34.565266609766844,-40.11683153774398,-17.830941229425395,-123.6908413865912,85.11457933536417,-17.24023688408136,-40.13829699273367,-64.46287743803985,28.026314898640837,17.364371163482822,81.41776135281647,-5.40614269306292,43.46828634780777,27.2855329435274,-13.738534682771293,13.497307701113495,7.410941177702208,55.05319704913567,-0.8035251777658217,30.252392818511773,133.21155341463293,1.021962366426695,-41.8394364415139,-17.28287124644198,60.447055810241075,2.731350596575776,7.124237144533784,-3.106064457639174,-20.484565305482228,-23.110030936740543,-18.576954163195374,-53.11039521260608,21.292474581202953,-2.1870128671708478,-75.24200572249272,-32.847858506385116,-25.695052235648046,-23.101013613014274,6.741030926526603,35.33143126315381,1.4416514820023694,15.672457601775212,38.55950665987301,-64.86616304748624,23.96855331505714,32.640305485811915,35.06644017700019,41.78073833728003,-11.167108770761699,2.209965741538283,28.623624650420744,4.928711288052634,17.603101405825473,22.039517514824308,-19.41776106331394,6.776736777211807,36.513200480889076,64.24925828252798,-50.76189911249188,31.98727254283668,19.009678090085927,-5.202344741817365,69.79869166772083,61.1002419217062,6.719428784941127,-9.815227222705982,-6.192922561356675,-30.09834676353152,-12.51081458667998,41.84376895320429,-15.589742988912768,-2.5074935230551767,-3.8648503354321404,-8.426540152455104,46.9833993931607,-27.79097405533918,-0.5397652895113436,-46.773713578075984,47.85670534550145,-27.895536163663486,-85.5930231332,-10.60211099681413,-43.676311440341436,34.43506732716308,-5.480844249753627,13.59412162178628,10.645693148660502,52.243144908974024,-22.69199500462575,27.573755295987112,27.560731730071975,-3.6043917980097486,-18.42894116734801,4.08323219429411,-45.86809625229656,-34.52106897382401,7.639597695054762,-14.102935866561356,-26.234011915995055,70.5615589685993,4.903594677491297,-12.467665458676086,-24.452488735294388,77.46625144481561,22.986933014964393,-31.9064860814744,35.136132952961795,-16.59338436787904,8.254478436477488,-9.729585063400249,-23.852395871091836,-1.468550199313886,-25.850223044422123,-27.47562560524414,-12.045447522372012,-30.679303015189614,-5.363467353582168,16.33257964679076,-47.64608244924684,3.2723455016242866,1.6035633473771562,-16.39099004766701,-42.54689107666949,-57.17110178645693,38.85317861571559,-16.61947169118875,30.241072506499204,23.71148695351789,-20.55579749564748,-4.097997143758414,15.531497358281932,17.42162324943695,-11.656737494537623,-41.20439873806998,-5.292467076677835,85.9520498704928,-20.797134659193024,19.101778449346835,45.865350091275225,6.020458101048048,10.307313020623646,63.09826337799551,5.87849769486531,-76.31932257811062,-90.18266104497037,-49.53952834329547,6.4053706445577765,63.797899538844014,-27.37016918020419,-63.250252311341804,-66.98164864800518,-11.785390852114142,-88.57172131403863,-37.01907445605872,61.016227481342376,36.76875558384257,8.587314870692463,77.67691051518798,-54.26583650568337,22.07184186590187,76.77221677447953,37.54259616327827,94.06208045926861,48.25743844397316,-45.98655357478037,55.48659582622098,-59.081977200302546,-39.70166943245306,-10.501912741906812,-26.104553296708822,65.53882038799144,11.320417865167293,22.001981218879248,-14.52709283143562,13.494933423236281,-19.590417173117224,-57.681117281579205,75.81707247891936,20.99680098978745,-115.87834441759992,-30.25635050370575,-4.066538958502431,56.64008650940082,60.80894690977815,-83.05457272397477,-19.139615943700257,-30.53236534110564,83.09452664336409,-0.03140984684176362
191,-49.1118948570054,66.35394370702218,47.87508308624709,47.41211243094321,36.692575239019874,-30.387100791822583,-101.00523986159402,145.76672413577316,61.895211038245584,-8.402191677744803,-24.457726165322004,55.787119679324086,-152.69644200529035,25.224730063533713,-43.659930645417205,-55.82363193486857,-36.40715557261501,10.483755200354379,-5.904550170249755,56.46996515193154,43.87604927504662,15.65660851553309,15.803896916569995,-22.09140566443181,22.090810897578656,15.422542781546282,8.05586394826559,9.06939733831542,41.777311399395174,92.9068263108621,-20.750136917188005,-24.20155506437521,-21.657462940253318,61.8425119524317,-25.157254466885437,1.627230849932087,36.09339525818533,30.78593525163139,-17.224626967307486,-36.726468075961215,-25.579991532143037,13.25253122559086,-25.831953733049748,-38.764016590100326,-39.47718081184226,10.399688901694056,-37.5396391035086,-3.373542748484364,-34.20572261265837,-20.16847425977816,-46.62640085899842,34.680238879542195,-24.899451827128285,18.23665012698869,-51.28208646625091,-11.239686381217927,35.81361378529488,22.922540308773062,14.731320345087413,69.00401266053845,-1.830171891905212,28.615192450573478,22.730866307580175,-4.5571870830793,-6.819124682767909,1.89579830122464,5.22111466454773,36.42346734130578,14.282861367709417,22.087606564420234,-22.269543587462444,56.512123987447616,65.31468850510157,-4.193716451963299,5.874763077129605,33.45495540309591,-44.435006495749654,-15.35857632714926,28.113227397324696,-7.971618702817802,-12.791191569081628,-18.399474676575565,-2.216340569918105,15.29216609979001,20.762159660502146,-22.166735016009973,-1.9538453673412568,-1.9196861108467238,21.601058098967243,-48.25680857004945,-33.33263587089678,-6.560485103397137,72.35902731401583,-17.3944994726473,36.73135596290226,-4.536647944737436,59.94637148433381,19.90605162806388,23.73757229217833,1.4447507043647838,-20.066048970080175,0.9493168773470004,17.721992494710364,-11.91123047643179,-7.7722063127729175,19.381426894199286,0.1966506842935981,-3.27655505695943,27.68542429779779,11.60484234355603,-18.322131114325142,-10.429029217053454,5.482639104880138,53.9408408045112,31.359637680914677,-67.67686942783962,-37.99934839154386,61.03591377828343,-48.50487587374298,16.77370680956529,11.556299500599962,31.967115402353386,-13.84933453308464,-19.63985328887603,-11.065917186122089,23.32826306988662,-12.900485147688524,-12.929023644468398,-17.008193252073454,3.2743140408751747,-51.24652646161793,5.081387312992014,22.14221260751186,-25.742039833558117,-33.52774634528439,2.921709186220577,0.7423274754707254,-13.913396343126129,-17.263265604743577,-59.47626446522352,-51.26352442630966,-31.2754694179867,-19.310477452161155,-5.588619852595895,-1.2510612657216895,-1.6570771635651615,-59.975570077771344,37.08386000571847,-40.1974167920681,45.99643213429845,-3.192348300255032,-10.078593112146716,26.80858680651193,4.689356285274396,60.47050681270027,47.47304453344954,-18.969083041453768,-17.378831775753113,-24.53521894064768,-13.422587499332844,-11.971070175220989,-35.809975263165256,4.63010453383009,67.31564122059231,56.10919444613988,-5.199105189127638,-0.07007216488165613,-2.35102059402257,-38.404355791708305,-36.39043114836266,13.658478374742039,5.357630219461036,51.783001220572956,6.375298240648792,-13.034046410197272,-37.56198247944826,1.4536061325298155,19.89509484827917,-14.351748480650995,-17.100850262460646,-30.83944967777602,12.139037276806915,-16.311274425815117,-76.82023427995834,-35.47918586027632,-73.09152887402487,-46.99994698793797,-36.653131962757826,-80.34392153076405,-85.66230894692697,17.31728113431278,33.296099114918,-38.6114449322993,-28.473482879556112,4.325634561320397,31.880131886584024,21.14280575183492,13.567772260928853
192,-58.1449761487286,72.35793382836253,27.832050400325066,45.097037107784686,43.31312602788642,-20.78733155790646,-29.003614136686647,79.9541508163503,49.63236015807725,4.169620695681502,-6.603547374427771,35.615935049184614,-126.92551070217858,8.226894013456414,-25.299423231205164,-20.218735745616087,-25.499481999567358,28.18385384314249,-0.2085035236193401,22.800828367641856,22.257869702777676,25.424466242154075,4.235833693280439,-33.94874740238039,13.190179336863427,36.51392893031949,1.9928725192726833,19.112664769951248,-3.937187329879101,24.79831702234246,-29.055298974194503,2.3620291264800697,-9.57857710373326,9.49933194233142,-12.535981597718862,-17.845991311523328,9.64469276191208,12.022036352640537,-8.780606603205364,-5.831662415286373,-10.651450509137977,-11.889712676763086,-10.001567745066424,-16.64761701921677,9.684175458943242,-3.486001217235932,-23.131885552933245,3.49048300979906,-9.028711042512285,-25.667588981553727,-5.495293546790117,-14.458399968798206,-3.472529727249273,0.9627618293136303,-39.92222498877397,-25.79382717134719,27.27794651786183,7.86527452499094,25.467964875539632,36.01107902401611,-0.3530297410497649,-2.484527246624757,20.244387975236634,5.7302496879768565,-24.43857277590694,-17.958795663350585,-13.646886735385134,21.269675959312256,-4.7919780245957675,6.07120580259136,-9.483515734966733,22.836096990810056,28.761900393550135,7.812597268542248,-11.76411846850281,33.57223431951669,-11.478139076706862,-34.147232007627,47.79162063583953,-20.41735704681617,-4.287877981830309,-0.5485142361030471,29.968686713239087,-36.06313525516208,13.592934420031302,-2.8160841248501027,10.296900759111123,9.57888536429868,9.238224752346518,-36.40361079412028,-17.636212407341954,3.3236791373172725,30.65203205433068,14.891893334032524,-10.234202584603707,-10.140978020472103,-8.880661137345916,40.89039209628709,-26.94271966858831,-43.48935720787354,5.803920418622235,20.452331129159322,30.86544061839601,36.45322539972331,11.665068504722672,-8.44092191885121,-16.059538425362355,6.607486200795833,4.04080562424132,-10.121751869331828,22.222122893956424,-2.056174631755983,-27.795545151747902,21.169918429217002,-1.1811264249095368,-29.94879633465362,-8.388448040536316,0.5958812585143374,3.701894924102261,8.894308938115431,22.530303746870192,-4.7376603298375874,-7.7646252548954084,19.272115625209768,36.468570177645866,-21.4780868803005,-3.41785492447634,13.96448179123832,12.698601900516081,35.0431220904043,-8.526563615423376,15.083134999620965,-19.777288295379666,-12.2894564499366,32.97763985496525,17.963327883805576,-23.919029739978935,19.576064106864475,11.427917932435573,-23.521429250162953,1.0297053565084404,-39.89481978657814,6.023996851969759,-14.06490174938489,-20.576179889595622,-9.229241964944439,-13.045313121844032,3.748163160504374,-10.979757910678767,7.227731866488519,-14.038943153342771,-21.559333038904377,31.574674336816976,14.523077169146292,-24.800818804584665,25.848632480583465,-43.9403586238416,8.858784821072204,46.45649162666741,-10.835170111118996,-29.779822460241554,5.354887479609876,23.033128199365013,31.01829020443115,48.042091383008035,41.3037506166934,0.21735181639786327,-3.413083131183808,21.3771182825383,-1.40021830839073,-7.844115569541625,-30.124701929279134,5.730736292659444,-2.9416772481000284,10.146426706386752,-34.51642132990765,13.196103313858083,-21.76190938974944,6.52409427857438,9.88635098041576,19.526468668494488,8.969591889565564,-2.7994222407170857,22.294582221741575,14.813532434704564,-36.984900651755275,-10.271913129835298,-34.99688974520773,-9.015710679518863,-12.935524775570824,-11.98716065549096,38.83438781892452,-12.710216389097067,39.62509098824134,9.543591429393215,-25.883363455703055,-30.116364206671392,-12.956196525891299
193,62.13209181501006,-161.43388002508962,-38.316327939296045,-194.56996458232373,-107.52486560655483,42.26255728065269,-138.24436255159114,81.53483063488032,17.5536987931094,55.07166074706676,-54.41100870427645,-89.49118983228644,-160.74827077424177,35.52705523509338,-17.27253388049952,-24.27999357169559,-68.68337968973282,-12.703638115479349,-28.50983044699684,-46.98002517032956,1.3672058202045319,-53.296625064931725,-35.54341110433334,-63.02134747707759,-27.730911909694672,-12.125945824178833,28.717454573011256,-43.21433584529897,-68.28833488599456,66.80857079517037,-13.987727975991556,44.33522429663684,-46.529525250762696,37.50614281801504,-18.773283831989666,3.3512292423694046,-36.708971859709926,28.51479257798326,24.31117135938685,-39.30775743145996,7.0499911343363735,39.3753650114084,-134.27311445494013,24.56240447784547,32.334537958866605,5.859123451265105,37.023585397445146,-5.626957967574096,25.23215115797218,17.363414457335622,30.208498456816546,3.524832968611131,-0.261717294748648,51.97578916904845,3.673826110333298,74.85151537090496,-52.43388209855414,-35.963402385077444,-17.82396910958791,2.1018852286333556,15.901824391065261,-25.40703625419723,-88.05201745181826,8.69491776076445,5.829586954688095,181.3643307568161,5.646023369908637,10.625242602191678,-62.85121485611642,-33.136172329309325,14.019287087001114,41.25679944193309,-111.5141064887416,-61.73846968112595,-81.2832822111749,-78.41422424438959,-47.9393885344092,-154.08080058492047,-21.42667937489057,142.84191310694888,0.8315924144333988,19.145491503663415,-25.614040014974627,13.212248337178739,-34.59611463020477,-9.271738509482919,72.91433626144645,18.814961540261553,-8.20839933591391,-21.935918633596344,-14.135483303275038,43.103041743284365,-25.437710409564858,-95.56049765434815,48.154996480406616,62.63832831125084,-25.991351578496143,-77.41103403523417,-79.37886697777168,58.46751280790429,64.11871785204549,-3.4893814619324695,28.47515161046655,36.11896914177585,84.0695640245403,11.729180812578575,-94.6971544677526,-55.39561376124675,160.90686802518886,30.0404188816739,47.967109073143796,-16.63534138063714,-84.343697532494,-108.20432514950144,-6.9084198285883325,182.72747580425096,-131.5354115456565,47.20134949521929,77.01903117742046,-89.76282008189563,63.16981804606849,-125.5986629240338,-123.91343784921915,31.621426510055908,-54.42937666701336,108.82432506319262,-97.30745144834945,61.00685879041894,30.514666710102116,95.09602918684595,5.792384343263314,-39.47713597843048,144.65307755508303,-35.47230618636717,-48.07875735692141,-44.14500473973472,61.369716884563,4.4847564475175465,94.85990215417144,-179.3066550653901,20.967659664043847,-17.446106203121083,-116.3405028110607,-144.9058384057363,-9.17764150569857,-15.339125901457013,-17.031060348094012,96.07657967997369,-3.6931261888212217,-8.477239921852346,-10.182465122509997,-11.254879894347612,66.38006580636713,47.798164820097064,22.55086800676498,-0.5012124590491677,-54.91184772667511,-1.830158575944804,-10.34016497362449,55.282174521507656,56.05989546413228,6.439228756293835,-12.756113236466064,-0.1862116660805575,-75.03297459550065,26.19365371921108,30.964581946331258,-34.52765646809138,-2.057980118951723,-10.351455210076299,-11.941820559546942,-13.051278229484463,-46.54602910920807,-14.272617441997257,-10.78152327554963,29.668516545931165,23.84911962017392,28.34652379308386,-20.509472506036147,-42.71273618830102,32.17723655075207,-22.806584595769134,-14.060064558748486,-17.25421917238995,-9.34230954955571,20.76677046284137,-19.050741118282726,31.231158198688995,-15.969588701273707,23.31821743330936,-0.8224248022718473,8.663631105415593,11.78924124620378,19.247891203338458,18.234539574426762,11.14720076583366,8.416807473077501,2.717405167720061
194,62.23861752568125,31.66688231201489,329.63066004836685,-86.92644895259481,-41.93320117494617,-2.8453247639570662,-104.57081243073688,130.90153166160388,71.73697025067096,88.98492439423781,-44.31470402845333,-117.84840224736243,-19.827410766810857,75.07579040350929,13.68638546158424,-0.12281137973628198,-88.3815396287931,129.14917352194757,76.35372470035117,61.440116962213665,-98.28828494281291,74.28988359826037,-46.69596405387235,-15.718829660062053,9.17802931188544,-99.87589383660216,43.927629994183874,-116.94649390530712,-242.80920980558363,-153.62792614235897,133.18114027070268,-5.425999374404596,11.100173672877874,-35.776753706615956,51.0967874151943,42.97883398667705,-12.38842147121079,11.263054390639718,24.96428311122515,-29.77543964295106,56.96196066449283,64.37817275192496,52.582614483896,-39.745693880181676,-57.62923705936902,-24.340319155057358,-77.50397816586853,-11.762412203495145,46.854529907145256,-38.336455415336275,-70.41667867433117,-6.2611377510298,141.0718097724665,2.3859393145909613,-1.0561441019889748,20.931890935512904,81.69395695766345,-0.07350994305989877,38.50719509421061,36.6885513889295,26.410793637394775,112.13231240518563,-7.080427210323667,-106.57494371588287,-16.649642115830385,-100.51681176604205,-45.84342804563008,4.997646299389488,-11.312784274652364,99.58759835544353,42.99398409466404,52.0463662563196,133.10312650522044,-49.63845938526824,79.39250833747217,-120.06485598111362,-52.90319305043198,-55.62437870109085,-77.56711969959888,-18.242566987151427,9.580212071406995,24.053304493077974,-17.414261746642193,-40.588155136989585,63.7527587831925,189.95926092982265,-1.953420382342957,24.55899278963602,13.02441472652488,-107.62858431271644,139.42938197966143,-85.11022683351814,92.96743826958527,41.11238238897782,-133.76112175874744,-165.09878872907805,-119.0666438446389,51.85963308236728,94.97623254348049,39.08165544367955,44.8352938719791,14.11218131164041,-16.79685668222735,-30.99177458564695,-100.7295937686292,132.58605287133375,36.084045315711194,-23.918157413629494,46.02024425745819,136.11602211549805,-123.39046843448511,-20.3209059021189,-15.948245879125233,-112.07630317306248,-18.512368512795746,242.13054656065285,0.45779229320490855,-82.46300582667683,-15.132695513315959,-117.5176097319223,-42.128440203650676,74.12559491498781,-11.44791188695871,13.899955076573324,-79.26551046129757,-84.90089904034767,53.816334484843615,17.96837792537078,-37.15980591441834,-70.82490536267801,-8.448824832798302,-23.22974206728891,-16.89911736583432,43.83119493671252,97.0236016153327,-24.740027970264023,90.10402861897936,104.72133577478176,-62.80353308090945,3.1167391237545625,22.11692347806591,-68.34520225333806,0.2637575849614142,-38.4522727631478,12.428728069769113,1.5909914196107122,56.57752289447577,-31.29111736269665,-20.256781708299293,16.650121041349376,1.03774288240312,-27.894857411914817,57.04931503286263,10.493799789645186,-16.771893645775133,0.7798428514431919,-27.500463908259317,20.644766097926937,14.29461143065398,2.7140462683678486,9.596234364670645,45.60752734328895,13.96503413312393,0.24984064733709832,-37.492530740450306,-15.555153027610865,28.60587462580787,9.711785716520515,7.452141215840728,-14.382908511719688,-16.047630391908438,-20.428745107712565,-4.294193939157131,15.46269353821165,-22.772276165617303,-12.135020214820013,0.6370191419115252,34.88926145692563,3.6934805021552295,29.5611669244963,-4.986043373477262,37.0072446683448,8.554565215457398,-42.47296921859071,-20.702398650698225,2.5840541690025316,-0.9399270401750206,-19.8895024982118,7.950608251817897,-16.087434602074207,-7.269658392371577,8.881825287149987,-15.098455266908452,-1.8189422406188211,-7.925634796602572,-26.588899932421064,-9.180970627233934,1.1076349572337132
195,-29.240825066016004,31.907454625099316,57.78350377891208,19.84860781563094,3.8948557719904713,-37.13397985792037,-161.89451264499948,162.5220924386643,40.87038252216461,33.479644645017565,-67.36089658748284,-8.870649468383869,-122.34927292001568,67.79696165361831,-8.530912838595526,-22.433966508892123,-50.287325700723734,20.431910313010736,-20.812396222825775,67.88170294232893,1.6867476182787084,23.027429738772238,-7.160569844043336,-13.405611232277103,29.56326895355951,-15.243080211100342,9.097207595806355,-26.545086863087167,37.08691277207671,78.81704849572192,-32.8093803251766,-20.150232019832416,-17.121288093492197,56.39879666791867,-33.02145508434081,12.154308139617708,22.194582947243354,-31.81828496317128,4.210527002340947,3.8934436115246553,-14.369359993155872,-0.45106908931037426,-30.78823788621493,-24.968190877677948,-42.85021600420174,-13.048218443910107,9.788320647034302,8.195575774938629,1.4440993952015053,-16.796387313887383,9.835713459123724,-2.4722646913156336,-18.49159313981151,51.07453496429816,-40.43058828052704,4.060535502016132,-20.197118459825283,-26.4541812071666,-15.936942386519512,19.185441816566307,3.8078275779404707,-29.22165443160587,23.278145890350274,-51.44720400707189,20.649465013442047,7.157852236492848,2.4702096734390073,2.3464497882577335,5.03090174714509,-25.563208022320183,7.583799190127679,-29.48525099257451,6.294553403807469,4.558440986982814,-72.75549941073683,44.21487877093369,-37.5757853464975,9.248297448020939,-19.257059720982255,22.61480366613423,-3.853125430029334,17.790553421811616,6.859103160766679,31.321922022393842,-25.165254101105237,-8.732628664449543,-48.48704132163716,-31.720128576404342,47.904111329985625,-38.26159572319181,42.16831172983712,17.029421176859287,4.398134812943532,-18.162934719834258,-27.29616077015017,2.15112659305793,82.29765352063706,4.4019819901994515,10.160365903415878,-13.78383277638578,-4.893852853863253,-20.74091705124669,8.450414704575234,-38.174371954842144,-11.237690197286351,-21.482829051042057,9.818921612713584,-19.84321964016673,-71.55103229107551,-29.33248268990403,-18.948502670794074,23.97013834755525,21.594472330016657,-48.63388029545051,31.2016467098052,-78.10687728246441,-23.031440815958756,-40.89205232741339,-8.777157086193546,40.88237179789204,-15.372334249522059,51.86437228352335,5.895082363928841,-4.166740060494037,22.936037757201394,-20.196412583370616,1.8675680748052488,1.5335075406608931,-31.677465522334547,-12.695680603230196,35.45909824142246,-4.578282419281605,24.95248191910951,-35.283368060730176,-0.8408764126050208,-10.671456087694807,84.64629252014879,18.85449619944122,11.590533765185475,-39.63873035719984,-13.973396826384278,34.983492430564986,-24.11084461028776,-24.372326238961026,-26.8094302979523,31.41682198989091,-2.997048531795687,-61.21150632281889,29.38348716299954,58.47879329037551,11.497097156561296,-18.290824906685472,11.772492714922329,-39.46795669250119,13.192373031274888,17.09496693677406,18.218925405835456,-31.791127009640686,-32.93332686120333,-9.479479019672572,0.015284357204167542,37.82777290807073,2.162151648896153,-65.98191883904728,6.78689197739805,60.174116791785124,2.720510625989201,39.89982652491872,-56.034989406924055,-64.85587439018383,-41.93071630885597,-24.569037594615256,-10.513771591672658,36.25421666090002,-60.871288005653234,-8.750732837384938,-1.8424253370410026,-82.86646729548721,-7.520279334732424,-22.09960666479013,50.169098320164494,-6.554629436177181,-75.72046414425013,-111.13327955770491,-57.58304660311105,-81.98524914966072,42.20834813573632,26.68847424553689,-60.40600721646328,70.86571526119977,-56.422836848467284,-28.209385607543666,-38.299884736649865,37.94611052821297,-21.120439758080273,31.83667358211974,-12.78720384964527,-90.55489410132999
196,7.225614769069624,-54.246708804201205,-9.17917969471471,-84.98656616570712,-26.664087805839387,12.781726274437329,-33.934976763684155,55.23696393385868,47.74548197333782,52.897448279610444,-50.83047947470569,-102.41830734595128,-105.50686172867626,88.71485600861295,41.10071014849182,0.7510944390627103,-78.66045746198493,66.65563914330698,21.93334116882772,29.86754750397892,87.49751848895963,-23.203394382401243,7.761176686625332,-35.453358574862285,-15.68769543693653,21.859561824483933,53.122201454742196,37.09405736389528,-88.12315303244084,-45.38870797412734,-27.486480370446667,31.87644769370167,-50.11360608822609,44.321915877861755,-46.155392176446824,23.1297822073611,27.417873251055006,35.04252740091578,59.67675294964934,-43.85171694317027,-29.03811481011426,20.242529493463014,-58.42304594063896,0.17058942189843473,-0.587402164842903,-9.328551817577065,50.737295138309335,27.751251788064014,21.730093707338227,-33.8933882327195,6.059038416138395,19.49066635996841,41.766210200473445,-0.35363416840808304,-0.4832679220098297,5.341536267779356,24.51708463990514,2.1921838596569048,-14.786962618612149,71.13182920541715,5.843207456248129,58.366539187571185,92.439745366708,-9.808381827591584,21.335644062644512,7.495348975983191,20.60837817203374,73.70355319607049,38.786711180815644,10.446204392581851,-10.008316037418806,-33.04863593205325,-10.638077027329663,-101.50017207558344,-17.418272873563453,45.09935339004299,-15.87562678711676,-1.1289375024530335,-39.120722312901016,104.26049193665384,-30.480757495116983,54.66107624469774,23.8057778667869,-108.44597358370831,15.531950639340113,9.887516229582177,-56.834144904188165,50.144295493185965,99.32343854354208,-65.94865819000758,15.686907370616694,9.923996968316533,34.464208056075,15.572399544763496,-53.852636961686386,39.12638215941445,10.889583550723765,22.66814466396751,-29.648266673508978,-78.39528287663745,-59.24680717413392,-68.29518703883008,13.336454797431802,55.06711669279778,54.65150752990393,-61.29846721606476,-108.44555446652434,21.23254904662668,-86.18168703079881,12.16462015571681,62.07436753089723,-11.224983073331334,-72.1725522727672,2.391723132820048,-65.11050370400453,109.91896932031143,75.87853228836218,42.715874335405985,72.05499094452327,-1.4212394356443538,59.868678952659366,84.59163366060223,38.63461205812296,52.078390080561896,14.588473304103632,1.4838649690400982,92.8739518395094,-42.79780429812953,-6.88810608133279,-0.17222647931094703,35.06839365271776,-3.021024640840076,12.690858469348838,144.05678469479972,-37.00794927572193,46.012020911592415,-37.01292169281345,4.129332848323163,97.5655073782969,-24.07338591238455,132.2018738417114,98.08939969788163,17.575033507981843,-1.3117295810439538,76.09625231520836,-58.005798983304395,24.93996257637507,72.31687352258277,80.8007075963824,-29.448831892258973,-138.36408654611517,-138.87545331291307,22.617524950288388,-35.00360021415819,-64.28760268411865,-17.78415443120367,16.96453473061893,-10.702210794342715,104.97523938574518,-90.63614943714175,12.740741071309289,-133.95017229795303,-7.983546336768558,37.703171957332906,178.78088571764556,25.936900700479338,-90.14738166973724,5.7709838834708735,-84.52480174993782,-54.24891046345119,0.348975131818246,0.043241473309588496,44.55374541107995,-20.31553503605997,60.721835909045915,-34.930912189173824,-18.662331745655326,-96.97438702597765,16.374293966973138,-54.47029716673469,56.944741408880816,-23.644238554312068,81.3820244119134,-16.607461743259197,-19.064618107899722,48.51104577558194,-1.4121133908625139,-12.139740205037889,45.45863590848522,-30.185830368758605,-14.034781049619488,-51.27683453754013,-53.499672142501566,49.79345366202236,-3.028805649633912,1.8603043782187612,39.25947138305267,-12.015460303645659
197,21.564480185641738,-55.71905047215452,10.94744371434295,-76.27101483398116,-85.96110569709757,24.03633666069585,-179.96213039401434,135.04998949708988,-9.382869891065582,63.06767346486412,-56.49260857601801,-87.68443023916949,-84.87831030626072,117.90091579924028,20.340301576071546,-9.209084875879821,-52.62235237087199,45.10965219074737,57.889021399082374,24.404713792151263,-7.858176434782981,11.390723349060364,0.4769209367407353,31.468425730011443,-36.108283637713626,-43.1832313636493,86.46330106961183,-29.617670898456403,-95.3493084063821,63.510989068689014,-7.720436789228365,23.707410246693126,-144.52920433687154,66.58190266043769,-5.17621095516458,89.0996401733021,24.038883141461504,50.59443774766799,48.262849902392205,-25.91595122547946,-52.527138909468114,50.06664283515375,-92.65839429262478,-11.911089801290213,33.332848621315485,-87.65916837108719,38.49331798965458,58.24037226615774,103.97922508664429,71.87468233843487,-50.08996205608262,30.71570356444236,-4.6936821611282795,-69.65188285348691,-15.469027961415595,-55.97326607033419,63.54688285943087,40.55262291029748,34.79512427371432,82.50529005233709,-35.33667954831741,4.707441325282936,25.710361295067493,49.39787707901122,-38.09245266966884,-166.01191340127411,-119.41154174070422,16.413331861119,1.2755000770818348,1.4757860137191225,-75.98612629691004,-90.7168788863475,-108.15585286632438,63.73017992862535,30.034159415138895,86.4401528818814,98.55508421209703,39.14741840187728,-21.75445214305719,-54.25564137170712,79.5476315007211,7.54130775687521,-30.888934269457618,-63.42380966247305,-16.62353903741528,86.10944759658256,-12.519453139173956,150.12134907462513,-5.156961823564265,126.56200497624613,1.8356877601271293,-35.357299163092755,-177.25285303724152,58.47223280491149,-42.11097901954525,-115.94676649639636,-136.4800216851392,-174.48819469876818,86.00276460961503,-78.19129851182545,28.565616918094943,-89.68028456812422,42.04730713089572,-148.1121604441639,40.48773758662012,49.10142993591581,29.85614563824478,14.485506029977728,-30.924720127222912,20.855352943140915,35.54067386580792,102.26083091903077,-105.77649388584071,-18.40821078664106,-76.25360447979587,-139.74662984070486,90.78188440060713,3.804436644749779,-96.05103007341876,-43.621297816856824,76.7451502450179,-59.085690268981615,-17.078286127105155,20.191356110050833,19.257878480249865,28.08272719879907,-88.0806701971682,43.07706923014863,-22.668882678049627,1.0186843642950818,9.490350434360018,-121.98522426843203,25.307067376260832,-79.79141703887309,-14.66396672980363,-122.61405270893636,-26.473111698717286,15.236697696579432,79.6134995450551,-15.95499400963961,-46.08243474595012,38.06806875753696,-37.972551507461354,68.79645262547082,-39.011546447836466,-138.3552015580555,45.33188097366898,-14.000463345959524,22.58819146501788,-63.929637997313776,33.34929136407988,-65.67170624535592,-21.17787875978704,33.497348454146874,17.827890874074477,-1.8371673789190939,-47.36663585719002,24.86879831112047,-12.251542566452384,2.905181962351242,-44.73396906031874,-45.14982162125616,3.9858970361074886,-12.834834876338158,20.896674624554137,-32.07016544853636,65.77186488082693,6.896002525986247,-22.106575742796707,10.120879525359662,8.943152571833945,-30.59832607458109,-14.898718744732818,60.80711442401344,2.7354796130832013,-6.1474794320666515,25.56206971947722,-8.533118187700309,-14.3404974959364,-23.356823415077006,-4.448888443055164,-23.84776476065659,26.45292452182539,-9.988583957298605,-19.14105910954072,-9.404020407158278,31.792401622597893,-7.33037140810349,-13.403089362789956,-34.8927859862854,15.596030312732694,-20.172233954101994,30.884287879427873,-50.74116425924411,19.480232608870534,17.492173505416023,17.8847213658272,-1.3841931095839495
198,-47.21763941992009,57.13034030405746,41.55402670263438,29.537708149876185,16.956570089859525,-16.54768736267647,-78.66247492046519,104.38578600949063,13.468563441769067,14.259854850869699,-10.984608717229346,19.23894795011317,-136.6791219712821,13.409483361426618,-46.734885752554746,-7.973398106239163,-42.36353179460377,14.066962746074449,0.7580126257013783,27.335416438977887,-13.767018289624124,30.916567819410897,-2.362440321355062,-44.53263028334112,4.951391964639825,33.96509628314756,-20.91844206101157,19.530016707387173,-9.685526760720078,-13.66251235487898,-4.188809513772404,9.945257277622318,-1.0020067973916333,-4.084004325613472,-0.184725985234174,-35.22150718473759,23.38865892636595,35.029140766579,-2.290890391904812,1.7503736263033454,-5.111623136198982,4.162680216269992,-24.640849395289,11.782994620992458,28.29463798357638,11.449735426583523,1.6103068584515337,0.7726053506665783,-6.991548919661085,-0.042718821978397076,16.284316282366067,11.215532302525768,-32.64032293645005,11.529518805096785,-3.782640736848343,-9.183326167871481,2.204146461839576,-29.30063636116051,42.33084970412465,0.07714250973054793,-22.996085251514508,17.31860792727492,-8.278183156885483,28.729284399124385,-2.358886101234415,-15.233373043554778,-7.356568689332372,3.3886460630182063,-46.96760539790608,14.136052230555165,-27.15150730572277,39.798336193215356,18.118012235317867,-38.670561407527565,-8.014685013987107,3.4250340820588177,-50.22648638826469,-5.067163093315955,-18.22465589565917,20.437199270479564,1.3172245416321544,-1.9280122883278716,34.19800790286545,-23.36113415033077,20.68282953621218,-26.124390391107397,32.59147003932825,-1.9360717535563852,-18.873798864048045,11.703359222919236,-26.723648720287656,-17.777827790378854,-15.835601986364926,20.767841350403693,-10.07203676783838,-26.693956325386026,-2.755735359313332,32.45972633086237,-53.3292133653903,-2.5966844992653044,18.838603383621674,3.4548745459892602,25.90065195780857,9.308935253174669,-8.180078261067447,40.60646550523541,-57.67706033905349,39.219991241190776,-11.251558918794798,4.957407104136846,51.537904312571584,-41.28055157617466,10.080678137759786,-2.233653337666948,5.645901941628673,-32.63804111931762,-8.43237970569066,15.144231676497071,-14.500425654389023,-51.98043109334501,14.64859863973697,2.430421029170635,1.616962051820247,2.104730363885408,14.800336235909691,-21.325935148264318,1.6705412859823152,20.538563490481817,-27.284638893168133,31.418633708731317,27.68662044266533,11.125229301634798,-5.217518814035533,16.978449196519108,33.550891980233644,27.122807525761853,-22.227447645796712,-17.400869509227007,-9.305004874624405,20.808980576675008,-8.154120577794579,-40.693483123564285,-19.30065205673005,17.071364567770537,4.939757074312733,-38.86117118739344,-23.465957715167658,11.558549493592974,-10.920643644328274,-12.683016876807692,20.776432119701713,4.880916068052833,-15.536004337113996,19.173882290636723,-35.2469713568161,47.431153055091954,-15.660814203027883,7.5103283291949845,17.600973925130734,-29.439383253981465,-38.4935230749531,27.27883678372081,11.664925688159476,-34.99677105663311,26.252608253888738,-24.795330343624688,-14.819819142878854,-19.540798333734053,56.84119002010168,3.989250614906603,-27.63270716773651,8.905504903372695,-35.399418818098546,-20.80221148322866,39.55212291337797,15.376753584700348,-22.250464482064622,24.237881198700943,-5.1369846417683345,23.424919616643212,-16.191796494857755,25.19996925736158,-20.45137517664198,34.496176388369605,-29.406862126474067,29.867839450479778,16.349500235407614,-14.270097828625746,-21.626058568114644,53.170879378289655,-3.7518826642535794,-2.3371573406836985,0.060938890812979984,-3.3377021285727566,-17.76433875135831,2.209266820493305,-20.06740558552027,-12.319804018881124
199,-42.88691938243514,67.29254585076437,64.01713585316814,32.87011426571247,21.446112094917417,-10.206425296580951,-104.38484291236259,147.25353207670702,72.76222632125777,3.6366962151073476,-20.424078841228088,37.68597831459468,-113.69788181602217,30.49938136809159,-23.558329552972385,-59.20482774524077,-45.73069140098139,27.84658948064984,-6.706178040576379,63.2923214072209,58.19529808266646,35.44356065946525,-4.340810040424039,-29.15743552167114,49.004683030393394,20.23027139446589,-14.280863660517252,-3.490155273958938,25.983912471922014,132.40930712897412,-29.975301590104507,-28.31408551482437,-2.369324121899366,66.50777100269612,-52.52651028428044,21.934033817922813,35.10992379318823,5.402303018344327,-21.595348068862695,-7.422815818776726,-73.54886457373205,-4.753095712401482,12.894254867767234,-101.28616406012537,-51.78089714002607,-17.080986796096788,-28.848601476238983,28.473275561365963,-41.06109662112165,-42.957922743316665,-56.96736413413201,24.4858866371714,-51.03126162918368,56.74683196180937,-92.80910871622238,-12.68039697541507,90.50010703762347,48.763376549309584,23.30897950828949,74.62205002296021,40.31356845022721,-0.45134081495799283,104.92728250290462,-22.84155530437536,-4.506136050433252,2.4944981724864417,9.919540988034461,26.093520416891568,52.172859135987565,-39.222344700929945,-21.610601058964317,53.03660641726467,82.25230087860241,36.05382872937636,-5.956235933766334,73.92265042068576,65.61684560023033,26.91942627694613,121.21054489466799,-72.9223239671465,-3.4343105066941506,-63.735906283104946,-26.303996132417293,37.06992027776177,1.227324800776338,24.033461452763092,-46.575069536977644,-0.7961797828453004,23.315663065835196,-88.78358175922658,-3.9312307329991887,17.487219823468426,165.3804754812945,-8.56252704063267,-18.869667947273665,7.5880217095706115,100.94742398376218,-36.14988444375102,61.160573638537315,3.734834381594611,34.345881255112964,46.354840875697406,-14.857367770449075,10.268143911547638,-10.780629300551112,-72.08154916384345,-77.2264004074029,18.155467247438228,-72.94363231171384,34.41885587414852,-107.5335672960755,-71.75951296648785,-48.32258552063247,8.197025556599607,3.891288472766977,-132.3150841666182,-5.777126745525488,63.72817179714206,129.53207069908765,23.702103023666673,-30.6484887073522,-94.60591760443072,-108.66909646306316,114.93923542165565,-21.951528259461355,23.654362391834088,12.438671747577358,238.7276903916086,16.951931856355664,25.536162648263915,-63.3612198995348,49.921023396832226,96.80890262633244,58.364975315938445,103.36025729272323,-45.01305831036533,-113.1234226724258,188.67846919615204,3.696141695486067,80.85438705118177,84.09246732664819,32.08773931406686,-106.63098628529637,27.4982665535399,-19.81080140154224,32.75527126480839,-24.09040275138098,2.046384930844725,-0.6806914860497629,-128.75353682160636,-76.29938451393129,-24.268648792066163,-59.28928865819849,23.452604110406543,67.79662469191085,-35.83111920420375,29.62786550159282,18.506469365078495,63.67975549569033,26.04118966416769,-37.99506871321453,55.02315853926198,22.018751223662534,-9.764528569151521,-114.39742425537843,-50.7838328612331,39.5840716842964,32.33679268247996,28.179411528007112,67.61368892848505,-38.802579372828404,-15.22795506463862,-33.58125977454616,-11.127637297666327,15.130048204233397,-15.846353152670867,-13.616976170505993,25.65808096379176,-21.729926764274172,-21.501471579354014,6.7019231681532805,34.77912598007265,-3.06618651246031,3.0325475833935602,-69.41002328498651,65.79978674672506,12.106440405653014,23.99570099400713,65.39898598754941,41.43371609986782,17.895040696033828,-15.2715274390008,-20.857617321486366,23.538745542009952,-20.933510546930503,-10.650574949953848,-45.49324816846896,23.685785822867626
200,-42.288778581068115,52.90004618281052,40.9216258634295,-0.5387889345885124,-7.340136356559574,10.488535356363045,-107.60350023079933,148.58032911530503,17.321866067604944,38.10022349883406,-22.93645980517561,-7.762925229546124,-121.96406455091828,34.233336335781765,-6.899784560653122,-3.4235073841056787,-70.11673768627827,91.4906327966828,39.379598755701274,57.91949554784256,18.986290742245938,55.77376550410111,2.8632309336106876,-61.3027308624139,24.754410117939372,67.20569481781443,19.52205634763476,7.593161526913888,-15.300662222482488,28.445478399047573,-28.89369927038763,7.698686315221604,-39.9567539525368,21.872085557376884,-3.7434481363539907,9.757283114700545,32.22240664437782,58.11404800299021,18.370028682663953,10.000082060314318,18.017003217202,30.282982047862887,-2.0846715796525173,-34.6057085804237,54.94790032736518,-39.81590695465052,-4.535323807963356,48.832187872547145,-9.75348978100989,19.233075319488254,20.496234048850255,-2.843379929259242,62.09883884741558,-32.350391066731056,10.02702918009767,-48.731592400510344,11.281760684910681,5.003201198244461,2.4736997632549675,50.168167379531305,2.7770851861673664,-2.2942048877750874,-8.81045875174817,5.079227386894684,-0.017574516549019925,-55.59381024624306,-15.887118597284438,82.7123919484151,10.349334393246787,-19.930387929606713,36.19683650103912,9.763363507489807,-36.797685424004236,44.36076752035676,41.941992281268156,25.518288176581603,12.216336137309726,0.09850715173239832,56.67970282433648,-52.46832714948675,32.90810754920097,-37.69021402238417,-13.24021132376508,4.945097093190331,-5.166257235419368,-29.731901681668734,-3.7133397553617846,23.67869680868773,-14.372094858953064,34.438016055489165,-9.196714058168439,24.400750907619067,11.549231576740778,8.881717203977066,-11.944383011659264,-5.600343356802899,6.026922352231998,-6.10401213508228,0.20496212257986834,-41.82996703862644,-5.3074721274476495,19.44430511160501,-20.24520192521832,3.381914514665939,-39.18631131401271,4.570676551443372,44.63605365844413,17.91263919892658,-0.5400001927309854,-6.677843487689313,-3.936626380818049,50.11947542505368,-21.810377631957337,3.627870247092522,3.0549002860943832,-29.45052586217616,11.618611570642356,-23.226974371547765,-12.130730253079284,49.565940075117744,3.397801095219184,22.2613329595585,9.261187860647938,-18.524905667106186,24.87231163716139,5.879823701104459,-16.219045715421192,-18.54498995745112,36.042609178179454,31.607176487345477,-32.99228864405144,-6.88910460069705,-17.149850273592502,-45.138864232576545,-18.625305451783795,-20.58096260867709,-0.3005285375597936,26.570352514984357,-16.579441369017953,-55.8938577377438,8.267069931012145,25.37281969326924,-51.015897908901415,-34.147375938374815,1.3719103858904391,-3.90190264363528,8.836132731670016,-80.7775107586732,5.753100527864792,44.19817017132985,-13.234690008672091,-10.80115726911169,19.88121948251188,64.23926458369317,23.443973437728882,16.982338774652792,-27.854382874002816,2.8362455691086828,-37.751853268174365,-23.43344483893486,7.89651580788994,29.99778749893365,-11.680702471761425,-6.04901005905209,-0.6620972120854297,78.73710872036047,-5.214456043943298,-5.4105197981279405,5.286057816060467,-50.46940225912345,18.03457357771123,-24.191310451451415,-3.592988850408579,-9.275483046461181,-16.765088070086556,65.36404997221724,-1.9501955217656,12.973035643023406,2.4870913145468787,4.6998346870369,-23.882298574374293,36.64195845959715,19.410545039383724,-11.931849280597865,31.9325635139439,11.175467934034597,-83.19024095044287,57.025483455845894,-2.77173717669957,36.127749836144055,-107.69806990813774,46.937945897288664,-15.266523775764576,5.482768463464,-3.199930501103885,-61.59318754351954,-14.325713830110693,-6.04392924895646
201,-22.55653317889513,-12.934897021417605,3.89413061518458,-35.72821506105018,-14.092035853996158,-22.800578836965,-40.47251647783743,55.707122633164936,66.4044058482934,34.995674603556786,-36.69823640903081,-112.84973677388284,-136.868267348162,123.06806686706108,-18.491169707893576,45.112406843456334,-72.03388725483332,62.43362313070509,25.400237146062953,49.34848933649166,-16.2664508301279,78.68034482602926,-18.293134834180204,-48.17313973162871,42.290245776710385,142.8362972566964,33.237686972532465,59.6599316599323,16.890934487345348,-20.677165621637037,-42.243181244222505,20.582863052637858,-0.9040354036521472,41.40464043934967,-65.58049053647306,-12.291062829239316,52.593712231174315,66.32234409506265,-14.852163763783844,-45.34992006871754,-24.45519267941273,14.332120341797825,-38.45271809870265,-17.97943205327212,13.05173533823199,-33.467674379005246,1.5908991813184798,-48.90564497449262,61.55368442974158,42.70553060545254,-30.598471708191813,96.11277031551465,-132.40317831876337,-73.16382190780112,62.690618050687505,-80.44155507549819,20.827940548989588,-112.44899698104292,-14.92370945878457,30.223540858032997,-57.78260212847665,3.9016184887717205,-47.50202982165432,-21.662998270061856,-84.47990418824553,-15.91155570057502,-19.733913068052658,-116.84025555571301,-49.012749875583985,85.57598321693189,-142.94274123636765,102.50863352360182,148.4382416730769,-159.85492918448887,5.77742555996075,-140.1881170247799,-47.30747843234353,36.35508171461656,-16.407343532373453,21.513424707927577,5.586062489838511,-46.17440124073111,336.3947033112372,-104.94352337630573,126.44490304215329,-89.99225603935697,-41.166511821978716,-159.08499986943252,-88.77254050717436,244.0610116260299,-143.06061937057675,20.607042366028452,-70.76263450382416,1.2695236784947481,-28.72889967339201,-116.22443429396542,-34.17282742875323,182.19940491375826,7.662516769619946,35.57657137397496,-25.679892588396815,-70.14890049423703,6.693931630783851,-108.80551962700919,-7.538062136381615,-28.531060187136312,-19.280412941747734,23.712862868378142,126.68817796561757,0.9075077213144598,-121.78127264141047,31.09185597610925,-23.56202167261512,-53.60553343595742,95.56764746308231,5.899088959948011,-14.964935087381292,50.58950691121149,38.53840620227722,68.56163630478127,-65.81540895485503,-111.16564804572977,7.204329436269494,1.487884547244392,51.581077055804826,-34.56052717101825,-6.195772552438367,-27.24563842197388,-15.968951116757124,13.576701847164063,-68.38359692972772,-1.6248253920628009,4.017678801654943,-6.674740809793629,7.573760669385501,-26.46208530013565,-55.162185517643856,0.8792805554155455,51.19323911499628,68.45217098693107,53.49463168055845,102.26439940911358,7.3767671183542145,-30.236934284714813,6.893197817222431,21.874955072120446,23.494477475654012,13.82177719488584,-4.373512867883691,-21.16314240366857,6.720694732382062,1.893047315048849,14.36050604782774,-6.353920899812238,19.924018311411782,-49.218666787848065,13.2862924073264,-29.023440714804657,-22.565319241931164,14.422318013286212,45.39751504407748,-14.284774242447083,-17.422955618346236,33.33224132815216,-42.644617652617946,60.042365690822244,12.131077045850015,17.269875222878387,-54.01183117702208,-23.521688231948858,-0.5359527148758184,21.800775795906354,7.279579601611907,16.025424312222448,-3.7813203082264533,-19.292947970565077,15.002354657974397,-20.503407045762714,-20.135803520737817,-14.62725124558928,-10.171245738982554,-18.07583272499264,9.99880368446374,6.0296500240382205,1.3069384004311673,-13.114718249541976,-2.6961492969824015,8.770214496147439,36.50820779480724,-8.591145402629168,19.22644330780453,-18.879611948797187,10.716067480789553,5.757200099207045,-15.046181769478542,2.968189544390928,-4.454020600623871,8.455319355347415
202,-60.24906192442905,72.58109302083483,19.10390056085424,43.37554990119639,23.80071583584957,-7.105232964468808,-55.03861000751874,96.72720623725365,1.161879583180411,27.11270731960075,-27.940411703951685,17.07754246614477,-91.04573408489964,-23.755041411554892,-4.574326271923012,-7.186983731354713,-45.77288636235342,78.10547968815078,23.514641181504405,16.562255793617936,30.016619996512993,15.622890793353912,-20.28081163139935,-66.44435671825464,12.290707957941558,36.76048251301508,-9.344689321475085,-8.08564525718853,-15.841216044610276,-2.1400601098036485,-17.445959918134566,19.416557100151,-26.21201221428142,-4.386432024805544,-9.320214879490646,-14.587275966659803,36.1461101263778,38.00490700731218,22.738996285265525,12.886625437967657,12.2025721970307,22.7631261733254,-14.107016370662636,-1.2299218357240789,31.873078145479695,-6.466368181130424,-2.705791369300801,36.65094568011501,-38.83560949199197,-20.856186943881653,31.441664263392745,18.536247602018378,67.16643997401331,19.29258967263271,5.017581781480821,2.1705037284674833,9.778223349704897,-15.346147660931443,-9.612681120667876,0.5249383737532665,16.046245927365284,3.939606099400092,-22.383930527279013,9.945016522252384,38.43639137247244,-32.507203763672564,-26.025068289791992,28.644338964225632,-5.0871884494138975,-26.9955861895312,30.201930544714077,56.31096032799765,-26.612246522159285,20.711971358442195,16.46623574501042,21.07041930890509,-39.29182971612525,-1.7490899271600733,5.641438217763594,-29.92242645160088,6.803594374042989,1.7954706967028222,-38.79619891755604,-21.85641566019749,15.387433242716689,8.614051641228953,2.1514874210811454,10.233140775019788,22.531355940055423,20.92795667928795,-26.361079774990106,21.799196541593574,40.432811029250374,-19.285337805934788,-11.307382530255667,-1.0692302880632916,-0.002135846850156442,3.4683058014530563,35.97645168538407,-57.40163269829784,10.704997663194426,21.74502028077962,-30.605257391183116,20.950223697904782,-23.542992737365317,18.691127228923833,15.982840922527295,10.106501502144349,36.417927100148205,-9.055149138390716,-16.582716384603888,4.377746810940043,-38.830093905355284,11.950316688258635,19.02370864232227,-18.420227637810772,9.416400162090586,4.84967350457268,-9.101546163853103,7.751993792318778,24.245553485429728,30.748058443787613,-7.380036527772265,-32.68920555740029,-4.214435677925498,-4.513265585297226,0.6889279383549725,-21.78747686517983,23.199285888622946,33.58429920394934,-62.36446853295381,3.5616292374748033,3.5910074927327496,-8.132262275410758,-29.34523226278307,31.984408241181313,8.476512469679601,-4.1429153418889095,2.2839413945778273,-7.441548144365159,-28.663392629424052,29.69804150614337,10.120046322979803,-10.574376776538823,-26.049103491651692,15.175432679151747,-25.221408472889596,-33.94315177859748,-27.804621954748672,58.87020861548984,-26.52626955805397,-5.699100409344015,-12.63149366255923,22.29779828586663,-0.9631156098966673,20.04194291686553,26.817399610950684,2.2240799286832456,-41.91231575492069,-19.51766523630039,-34.55464353311066,31.144609630282257,-9.868727417458574,-8.160891415898202,35.34148901114516,45.43774034135505,-13.887084378053373,45.16426746222829,0.3028434390061191,-36.71921373266808,21.091616467159525,-3.589142704614755,10.689572786171356,-3.6868065164654835,-10.127578146435237,-11.559377703952384,-4.046219776747791,9.438663877772102,2.64095652863761,15.533389831750785,3.986325894841156,23.596732270928708,-4.988808606650601,14.869535465864415,0.16051513910803983,24.742663122821433,-32.322553977268235,15.141830367945722,19.23020570125217,-2.816772792645037,-28.8107206115743,49.002720618375584,-3.7559837108703173,19.461122293446724,-21.549814895994967,-5.846500916072114,-39.03204861561079,-14.172902163727665
203,-44.51398087026876,46.320611919708064,28.967513501826048,1.8301367689329646,3.4740841180446904,10.337896500003106,-117.52293650288982,150.71263542652136,6.845805395904337,17.95194618769744,-21.36905072004743,35.859235153664045,-142.5251640335114,31.250866735427604,-27.549773028566857,-18.909567671956317,-50.36112980807419,32.65004187780541,38.95485117121526,70.55453140721256,26.004869425769918,28.006643157126426,-8.724436315465711,-47.12999923734522,21.19638470571784,16.388984084517574,-28.109746139417236,-7.218657259343775,17.39446388905333,70.83806978611139,-14.211142041618599,-6.706088839168751,-18.125427901063734,18.922262811839797,-24.697312212656175,-19.310882432474287,53.80810312401326,23.349994095313075,-20.5766657839759,0.21944093681469423,-54.45562993042048,8.484052929504422,-36.103149250995045,-12.06903419943655,6.6985867472281,14.018859696881119,9.859372688134487,-10.24513977013318,-9.116006793169777,-10.940888478158628,-7.020308171301213,-4.032780222834012,7.169293937243732,24.19678577797654,4.161547760897395,8.157766874018,16.87639833788955,-8.695486470282974,16.477545123144726,24.651094814117133,12.034598506394765,-0.7609674840762709,-28.597802876438802,13.883180021546995,24.752399849683933,19.889363174041158,-3.687772090115616,1.7313098124455084,-26.941854979290433,0.20138925771782124,0.9136519657449771,9.360494124143527,-2.962632185519913,-19.21507880807061,22.222255791620515,-10.862629511106508,-42.529017391926075,6.043180622145342,-30.467150459320955,14.488998373096981,-8.208500050392015,25.43097746191882,-34.12167107006702,26.80955484523247,-21.572288004885262,-19.40501041730954,33.296108045389204,-31.752546660478643,33.286615984965806,46.687637294129246,-5.061423454326613,0.053263068718703455,10.717043866493135,-23.245777783936713,-13.057348942916766,17.07190411817451,-18.73763820012275,28.384795028422786,-53.32872210217023,-19.46424183052643,33.17184267718126,-14.850394251168328,-15.436970952603446,28.352303753873585,-44.50483124037871,36.22257283369208,11.514090484002304,31.452496115721466,13.073613713463313,1.8772303783568163,-30.131517041099748,-32.83213531467757,-2.939386435385537,5.153420724347885,29.586373542952902,-14.144979484520054,-38.21478570142959,44.83681301665764,14.977978218389095,-65.49124935810435,16.428240475906502,27.593341461520346,-6.6781587358529055,3.336900170139524,-16.010256972268238,12.957362418625122,-5.612770121700927,0.0056153223564186505,-4.842224003454119,15.992373576094236,1.0708720295326786,25.9314825577479,6.344500097161861,-28.769722586071293,-2.5882393396485517,19.275608499338773,11.11004601951794,-40.01200027705707,1.8857656073841518,-37.846515743164524,-51.702221897412116,-27.75261776582288,40.421648276648014,76.50991133407474,-30.871856949690443,-31.736871951144597,-43.6246848893117,42.557347985095205,-37.59287668886102,-6.659072644775323,39.62751958336851,3.3992983219044772,44.57163446236461,36.295779979952016,-1.8065097864042925,43.35881521577574,5.848785529334583,-7.280965974789083,44.721951543229366,22.288451263310282,-77.12529455375183,-38.98251421689262,15.755058362873523,14.561165009373834,7.20555571150133,0.8075125571440751,-55.13612289245609,28.099544452525524,37.6222502253329,12.83206481404513,-17.77913859171247,75.17924266355976,18.6681565855228,-18.791028456287577,-98.694568640297,-31.031153424704232,-46.93898699803781,20.872972148489964,62.6949319600459,0.9354760992378369,-58.09290981454641,12.240577311228344,-15.990218785732324,-6.894567700981746,-30.80571976700179,18.57567276715615,13.03793923956744,-55.62666227645012,-4.2197674608906945,-37.324846916602375,-10.870425235201353,-23.716462639908553,-8.159424606459043,-46.60550095472414,-26.915772161493535,11.469492451701514,-5.018225349130604,-8.265934687481922
204,1.3969592819710202,-52.07404899471457,-26.22641876384505,-143.62773236443812,-80.5699608974198,83.77635503796175,-86.04747099674192,87.34358461134849,-23.4608449668754,19.52877183082226,21.60587637906483,-29.491630397735523,-104.61232414397372,75.28483273908836,-22.343530868255794,-14.70854478725262,-56.8712412943013,-10.535586752722637,4.01154266131057,-3.252066834100684,0.1921634549781803,-21.225180689106306,1.1773565753535153,-41.592164812457774,-19.795751871382297,10.309388061879758,19.675171307266865,-3.454779566888591,-82.91003842010338,-2.5151968221676997,-25.238170204553576,19.823128251228155,-77.55792036198363,38.843540625988126,-27.770838319822097,34.20760716794648,12.81104033406101,78.6401361809041,37.14896529646973,-48.24982033128037,55.86187203041811,41.5151761896035,-134.49318433206426,40.534933652424186,45.509060577662254,-22.034766764668795,81.61378101661286,-2.773150474104395,-41.83083551175361,6.467529089272527,-3.763554857000458,-7.46334251988463,40.30071987429144,7.6433589254505785,-62.35576552052741,-20.770101426927358,19.057684528596784,-1.436611993494933,4.880291627136259,-9.944340905044497,-45.47228449532233,25.410150415330722,-44.46270654197507,-14.503495071120916,68.65519238457456,-17.53356203124494,-34.32817339164775,97.34312776181126,30.300970884216834,29.035867538498344,-4.865369031566055,-67.72669140431664,-58.32392357643887,25.592652746542882,-46.952724900603144,15.414316015290657,-18.54683357661476,-32.124590270218874,-94.93264360682019,15.223122527836054,88.06086940620045,46.28179035851101,21.565813103325635,-3.1821282232314063,34.76703594374614,-53.84841371764211,58.907027810885346,-42.72337034636157,55.77086381183013,21.03542081909624,34.90273346412366,43.504887404719184,-26.865474099561897,25.059143586553397,2.7141854528916447,4.275832680647361,-20.522680900539157,14.166258549157849,7.122739911036922,12.13822211641548,25.813787599739467,-33.0834959568472,11.896811386989016,-3.744012911689171,-26.997633028012608,40.336281615246705,0.413447041924089,-5.228573887666855,-51.643352888926856,2.286362833566541,62.35589227513339,-4.2679550892790505,24.169194518112064,-48.38779484221628,-27.836108059925373,-39.515204851856915,90.20471945088508,-60.23111898031504,51.93188110176301,-31.728023613537975,15.16872526755367,9.497492768537622,24.038367290645365,70.85113920577096,-26.155272734389722,-37.388143664922424,20.05368474555141,-110.30035673850894,-55.22449023793975,-28.575012023171027,-60.57923135167108,53.783883974608486,-43.4119719640576,-93.23285339914085,-134.46820215579015,79.83896829866808,7.658509931849069,1.4514747712554958,-3.8645009853596535,39.80450890687519,-62.944608284169334,59.54559184861912,-30.852268172220924,5.299075329862931,-18.362710650659196,80.77625611000315,-25.37905253087954,21.801012683335436,13.943423945486469,20.99052083227391,-48.99386947751748,45.587952743045896,-11.456364201275141,-28.65210047243176,-26.292257579875393,-3.6187785083212742,41.382046815002816,-16.562335452024712,2.8305584117467544,18.55165149755973,-40.888556987688425,86.94202971599053,20.649199806944754,48.822422095727156,-55.80395042137719,-51.54087061908882,54.26341472956649,-17.889251832068723,-99.2754986472457,80.74206068891085,-107.50512675951055,88.53020248013837,-61.63193170790597,-11.247262288976458,12.52721234652544,-27.94542628482171,-137.99860777321607,0.1845934070237491,27.880043036750926,33.71659408265199,-10.145946272706027,0.15331241694664077,7.1377651157893895,-15.463940030392287,-76.39589809227027,-9.90160109593481,28.777493518732776,30.0141035241416,-17.753662640943517,63.37661942183615,19.417690609079326,106.60627688005518,-60.04007637001767,-40.87518793727844,16.41435381073613,71.21256026642742,-107.17192075038368,141.3576510373466
205,-40.734003934190795,46.2340917359798,25.44755858046468,26.03893048503391,3.5000080635037025,-14.926733466441815,-110.12895496255561,108.33645927486147,-26.14748686270632,31.307365378072287,-25.47552493265499,16.70636407671823,-84.39589218800798,10.716800732111105,-37.350928531793976,-6.154001832506393,-27.699641262280405,0.1847558320623699,-7.777878709981824,43.53219440937455,-23.81292883920498,17.968305406043598,18.137258607972214,-14.300079094413606,-15.183184376779762,-5.990021276251475,-25.4957583275724,-1.2502647728748282,18.205972178881517,23.48526262627377,-15.994993050505034,-9.768148554023556,2.2291405450169974,9.3856570727164,22.02521810196034,-5.854204891054627,15.425480668851046,-0.21276190055247035,-4.872610893858222,-0.06272663023655178,-17.315791900964108,3.2885800180786298,-8.417211086562627,18.36594886950121,15.573015680319772,23.074610947727507,9.317011927856976,-22.062112315648086,12.518801325767864,13.231104396009492,32.336981554218866,-1.1260522495777878,-22.64686246342667,27.873592941273397,-18.32646272285149,16.580019878394133,8.393990803910224,-19.048314488544356,21.543126462079755,-5.077905188506398,-5.753060010838736,-14.32313287355284,-9.762945218795178,16.968407459426825,14.15661812389533,22.609956716798006,17.581808053984624,-24.019869838476833,-58.16458793966398,-5.765009221614691,-5.70362735366937,0.19439998840500688,-8.385819591171492,-27.95595716775983,-16.53899751920422,-25.954358707897697,-28.919281930629168,-12.128259288971936,10.44080077450668,29.06764019591238,5.813374832461811,-3.9805276877705373,26.58681122363097,-29.073897054053518,9.556869924528163,-18.916788157902776,13.68534071758903,-29.46658520433002,-9.604078207428488,-4.330189739268623,-18.054723683442102,-21.749155925400093,-15.291058529826117,-7.444733559512694,-9.660565992315854,-0.9352452234679932,-14.536051591410178,26.686530028637716,-50.299188478325995,-11.10748931308963,24.541587729163584,0.18933738333122435,12.224131110801764,0.864194192747493,0.19294377388940864,26.650371307976922,-26.479456094331265,12.01391897237844,-10.204192880861084,15.632191889426505,5.575976981626801,-19.717259857245164,-11.74625879795663,29.050169332815933,-15.299382043511713,-35.61832355408313,15.145975024376263,-3.5354972462693675,-11.187494798000348,-25.881319903337342,9.01759175548372,23.394656119048136,12.821107358993238,-7.223526871494972,-3.462593217736322,-27.269852260724814,7.025519327392772,-2.140681351309449,17.244844235302594,20.303681900841976,-6.0619758897648275,13.769385092814524,-10.238861602591586,11.450964253931874,4.796138493199083,28.607526768377248,-28.91766863713702,-20.392248340735232,29.011399543027565,17.024519417162207,-38.26725930435522,-39.72331916069951,7.893111784940347,-0.4633413556543946,5.511852428508152,5.7569109817873265,-45.886939599292965,38.712315668090994,-17.285914552992985,-12.782433766077482,25.336440778244757,16.802002870585824,-17.017695790166485,-15.273215838963875,-34.47327747197193,-0.26142123228443864,4.5433837955007,-10.587066567924534,10.876141697132391,15.690782385344791,4.008200078341365,-4.386376988076827,-7.298387330608423,-5.489600531195969,3.274405963673719,-55.69971736478235,2.2263266310855645,-4.859551834858099,7.976085645049206,5.1076601257128,-7.72536870353254,-14.624666059594079,-10.506017165200845,-3.3198971320856847,-0.35066227364786084,-6.486722623207585,-2.74565545199358,9.296129452688648,-28.091121470363298,20.327861843150785,-1.842210015939481,-0.15213130226505328,-13.861862563029774,12.636147514470075,-17.151397902091492,8.409967912726097,16.898530659788012,-11.278279098930192,2.6183234593530744,-1.8947497426668003,5.249665514886389,32.62501198060598,16.00546141147691,-16.801784284897245,-12.7915788690154,12.72915319057271,-11.335934591339642,-39.84046915804706
206,-73.02003530035282,89.32992638395038,18.32896395356037,50.54185225964669,51.0943095388095,-5.740910010799691,15.463198811324336,57.56284241384923,34.60288559147346,-20.90062959446865,18.23249230867228,89.126217676962,-115.53252234638111,-29.28476796178661,-14.859474928162616,-39.276617727443146,-24.988839216982342,27.297199812967733,39.72071911591869,4.801112366733819,-14.888633418734546,2.909413762297966,-27.403722312510506,-32.64895223552568,-4.382538638126081,20.139459619790404,9.091487003864303,-43.400319450425116,-11.984621190857753,4.165005897646544,14.546969540724819,-1.132242373941823,-68.1288384796044,-10.719514316755362,19.414374642013446,4.989278951255572,-6.987584770083965,16.385222484945203,18.809410326595383,8.392740578626356,22.759473005012687,0.5919765020829364,-20.296978049439353,-2.0213962851117553,26.711550564086284,15.524442893114852,18.234282076228883,-13.794853843068967,-6.142517947886514,18.070907026469758,12.855328283716712,24.517635398312844,-5.220807435545896,-41.685037707157356,18.882939934662172,4.907717372271155,-16.547143928556604,-20.201778675940822,27.091330298276304,-4.4418713131935395,-25.214488440118867,11.145662778824773,-23.25401254822444,38.47403097219814,33.67531751607092,9.07791383886503,1.0859296754974,17.518809111520632,-52.26277905199352,-26.07139765310002,-7.463051742413991,13.424525785081707,-12.273179734038008,-32.616117890275525,4.5538602002312505,-20.175344417071646,2.2258305637652875,-11.102721871717957,-14.91799930711895,41.86698503518286,-6.952237890879147,-12.201649287054769,-1.4522588241303096,-29.540057614269767,36.60732820491597,-17.05709800936316,-22.621314494236945,-13.399181699068574,-17.229617453669665,-8.587098242798692,2.3944813474173436,2.636383473064392,3.1129804604769973,8.391064745367737,-12.09936297177504,3.0822883522812647,-14.072041376388084,19.360370081004795,-22.9348220968535,13.395313458649976,20.75366596832906,36.42821362035673,-10.923025270470587,24.332500545100906,29.108118981668465,45.45604425484396,-36.97051682848707,6.7937426197103905,-26.420396568190082,15.646767290375674,22.77475408156384,4.918920523050029,19.58373565561285,19.884218324891226,-20.123372629779077,2.1124143097953114,-33.57779299078329,22.804049873608825,17.607352324357137,-43.81860818653038,6.532441969223408,3.169845412775077,20.561067469855,14.058791427513206,-17.35089964301646,3.1408572080452632,-35.82468473437904,58.39018355386526,-8.994591400571283,11.628510553300478,-5.264736081017437,44.294840380112724,-21.65230544205972,25.97203891037884,49.359413493588264,4.533044911162783,-12.790850610084153,-34.78303456221991,-0.3516590162032699,50.171736064055466,0.8514055948815149,-50.091971876868385,11.462674150209985,45.42116045637565,7.239242233641428,-14.284613223284364,-16.019675176728295,13.141947094930751,8.162295526465593,30.933490759412102,26.91049752861461,24.08398235192839,-28.83978727275024,29.896452785204946,-24.12859794303204,23.181754540118856,-2.19424980506988,-22.07665061285768,-34.88514146714553,-53.8675023814529,-30.34684199021005,-41.55643382830293,-30.74744781119541,26.497802229398463,17.12176361331104,-24.868345412013465,60.66906667103991,20.84732581213057,25.476819017531717,11.437757626955412,-0.7281685759995811,20.94058660867226,-36.44686207984234,1.6644638182164844,-31.772149085045925,-5.33977028444883,-0.7782400787295088,-32.40140419842317,15.00661829942069,31.266049264195008,22.96096091593828,3.7556545360008076,-4.439651758259783,17.359808201197342,-72.52888129784347,-0.7071624990034883,-2.539912580753756,43.607055651014456,26.841907607629903,18.702709370374198,-10.850323260973061,-9.13578320435961,0.1516100934551183,-37.488349670269926,4.3440443243998645,-0.06851634418844255,2.49700400838616,-4.352291772800918
207,-13.71548869919426,18.090556755041515,29.03973666987277,11.1558011069663,-7.259959788597372,-21.243634613966076,-85.7049080557034,89.47837374220539,18.092143335880788,17.984702358946187,3.822698971710002,19.65055889407524,-135.63201375442125,4.910381663938017,-44.8203871943865,-33.797347601176504,-45.07922093425706,10.493405228486015,22.390057465623826,26.817857052431144,-16.11246692003116,26.939608663108537,8.011861107386592,-55.72266477798702,5.5226005904693265,31.143220091052633,-23.641301131856846,33.047543053058945,26.426521020649204,-14.479550972751777,3.469788652649532,29.78949954444274,-7.3189734999345974,3.6548617030867847,-1.3222190797347388,-41.06493564613519,41.991086268299725,68.50737755375349,0.0730794256771824,26.022268384625296,19.49645428962447,15.988477769897836,-36.309352992441866,16.796538267374846,28.881612722338385,-29.310918904719284,-5.64794303463463,12.734916090797464,-12.08166095336939,-15.898872259016144,59.707662828912014,10.190117180235216,33.66198336592113,-0.660209950649072,-12.69840632534258,-24.478683455478357,-27.87763421821993,-5.843148437898201,9.661456148881888,62.226454852125606,-2.091822498808167,20.900555262784533,-13.695619816313194,5.499262538652765,36.22747908852621,-46.47067855652328,7.174965445834613,40.516048276024634,-59.24804340338793,35.33215395110715,-17.756574101399117,-4.6738507605963395,10.335926168021246,-34.25061226789182,48.659698321113154,-7.078340790830283,-81.0440353649248,19.564830226692784,-28.74334103188863,16.334251489836088,7.689429113777008,8.913891542483858,36.69000260627385,26.007505084102615,20.325519146468686,-29.176841885336433,-4.182379907490004,-13.597350901086555,-12.670129288202006,5.086379233093759,-51.408509526138694,21.95610721340306,32.77155657571461,8.046959031448049,-32.25855035485165,-6.262463061293281,17.865147043721542,46.809367985286045,-35.88701830941688,0.7779267039977752,39.59461532111113,13.44167214375548,10.557654279496598,17.003283685877957,-21.491915114954892,40.53187578981548,-29.499432100765038,8.304233070251081,17.43021717926702,36.868476312838666,53.01594053153755,38.13168769879269,-29.98728988694415,-8.202729540273761,-17.39656957547436,-45.3409389728879,-49.477075275654485,35.76238555040511,-61.635479833367775,-24.756403449009223,-29.177622022817335,67.94152567901625,24.730055044223008,-39.077340473235445,-24.362981958379013,9.433291590960398,-13.488420891740736,12.153939361628382,14.667428315498938,66.78604483890769,14.07079093545062,-37.61245166718097,-11.18005372380097,15.390217739962265,-4.5780161597479845,48.09116840244541,-80.2199281634551,-39.50294507934947,-87.1022733186443,-4.668411002075261,-15.656555685241493,35.83504918316979,-45.59998740910015,65.26858206769704,37.995958769339175,-28.159022331649364,-45.414948785805485,7.279952354943145,52.79852523322586,5.993904385942123,-50.87362768549791,-5.830538266062791,-22.24969789606662,99.8780210143669,-117.80405997631314,12.715997566385335,-31.510728683508216,7.089714280605001,-7.439580393098192,-68.98731247214081,-65.39541812559644,31.513125141372946,23.682017955001868,-55.3765476607916,48.301593275166,-43.487701349913365,-48.200477375245256,22.67771258540391,58.434956043326984,62.93847457611454,-71.6434137722446,-41.57023176776317,-38.66510395614979,44.93294950350205,43.63879957794372,99.45778767110329,62.852195134203384,110.11753642152892,64.41711936501197,79.08183591442277,19.04684508146531,18.441458841196358,-20.101064961918375,1.5670599022615415,-41.807483179979386,-37.28608645682078,7.296633688177714,8.270675348357644,-15.949874311995872,79.51732988036264,91.51193773785461,5.3451417378233455,-44.637272365797706,-15.92221529784035,-1.182800125026114,23.85648748273504,69.50761270110368,-127.23818054900532
208,-37.2210756551204,59.78624476798312,29.471159020610273,77.7950339673513,13.027683373093245,-31.077382835399,-82.79321017967168,67.60148759179727,-22.09321130474821,34.19827027269362,-31.082858566968003,-32.94958381478334,-57.470850994593256,-4.799996519779865,-41.95783447933952,23.228654459206,-17.071882004534064,50.531529952976165,13.554357944318397,8.331787769480298,-13.11508924564815,9.604694553218717,16.841373455967723,-40.81337462008104,-5.792727305380864,40.1054895152376,10.471478860392079,27.93312375618642,-18.948732584114126,-40.26838417672924,-17.995200664293517,49.812247941845406,23.314121223544543,26.283505782105582,8.76765624902637,-33.96040630622549,49.52723536263782,60.7880629742108,44.96944819923621,10.544915334318267,26.125359029127896,33.5627794232171,-55.691785115378366,7.448834799920183,28.304861958096343,-17.70837329592347,-46.20417114851575,30.65544943781983,-12.441329527618992,1.1562295844778747,22.52353413036385,-12.464132983839178,19.282050605322414,-21.71653424436187,-44.59410515475919,-50.48162990011128,-17.092865980777663,-44.7572547520459,34.05070268372277,67.67608808592865,-17.6274494900296,14.282935638964892,-9.715716191400332,3.79144863744219,3.8291330291215675,0.8307812461970454,-47.036878372592916,28.04113593502066,-49.30488969619461,16.673624720606785,8.404789370867219,47.48887151625865,-13.42605624187319,-12.34305241323246,18.967030201994977,6.115486224699111,-22.281946757818346,-53.44708263641681,-12.362356355624971,27.045657235137483,8.337301252708112,-4.621857090878764,-22.794310465862342,72.54596101121855,-29.520976909793752,-21.907421918132652,64.46129322669816,-86.7643634756676,22.655194764552235,50.82356153432519,-6.610682124989343,4.517081477373549,57.93616152368228,-53.758374768905824,-15.131152090004937,13.571804223845687,45.04149153853224,84.29113030313503,-56.99991749695383,-45.69722186801102,94.50741400342345,65.67098529927152,-29.802371775249572,62.3176210314888,11.734097437290306,-8.189752644201448,-29.42444424760804,28.880983428205553,-56.47815141272128,15.014307931274406,-71.84123715137966,-14.785314687441252,26.274048922487047,29.34825899002594,-39.91740298222472,-14.755817183544497,68.55895734474447,-27.326673647430876,-8.533407829453015,-27.201813341476452,115.10470877184343,48.66677699242113,15.393196339284142,41.17535713366948,15.740010081265412,62.5452967765585,-39.09741576216308,-6.217691672247748,-100.35209768236892,6.37561041311983,-36.56814526424005,14.157110161689765,-103.23429694096774,-85.206006481837,-15.124578488439301,98.92978214523413,-77.01193524435287,48.73398292578645,-20.58510179066232,-29.986722093412187,80.16467461885121,-89.701577116101,-50.7482447353318,31.59234756765857,38.66112191710926,2.8654172777860634,-31.983975523325295,-147.61816080776893,-35.3025862965055,66.8312325723615,58.57771537367373,-90.94951877449054,33.44783977203579,52.27209572247352,-46.2764967629235,-46.67679450160709,-137.77014679792342,-99.06817863935127,32.322115936541365,-68.56637861872824,-26.21285654125507,9.382212006362202,14.512373794373799,-11.846849250193262,-70.31089959108324,10.502691790451857,110.6143404798658,-17.300365470225124,-11.239898933816503,-12.959443887371293,5.770539433212172,-71.2476526648262,-28.02357578276626,-12.560217104520305,38.76022935478704,19.19532845112417,6.8443104968941775,-60.06493850825727,55.57486106009612,-63.98156646534685,6.37151166875607,-81.7107786379001,89.10394104164092,61.832154494873606,141.69253387100588,-49.20681312293473,-17.605245235947617,17.871735035825033,17.54542111439166,-22.604180429680103,33.74924348226049,-45.496378410896874,85.13476442426496,42.95639650956668,29.646433977552984,99.43937519682146,30.389168021673562,63.67426482120505
209,-58.605642818288516,59.30996159666996,19.34365493849441,0.7108545381327687,24.18755849288148,9.800819028424764,-24.118869221401525,95.26933924076654,54.62675155846576,0.5900935118187693,6.203794720917547,27.247672359054462,-122.32685216590572,41.91641036035503,-4.888147326203073,-31.470997474207373,-50.43530491997672,60.63364686698677,57.98772671257805,67.00267786503085,42.58118368700308,41.55167123688897,-12.751590253352314,-36.41453039227621,14.187292380990296,40.59563641203161,1.473581539995202,0.48456597617773944,-5.559451586733223,40.32829237791875,-35.978905177593056,-7.415768852086287,-31.426943524275924,28.20840217409311,-45.3930501547577,-3.945044303352282,44.79993003011865,33.49647126540907,-28.63235029589493,-5.816973222228407,-50.67496217842728,16.92175480988458,6.6915639865459156,-48.27589554316492,-7.919492992095542,-10.301093111587026,-20.650823965743193,-14.74491239531842,21.4094544181208,11.211448351126458,-36.59248625047318,8.482494058007005,-20.288464049996357,-38.14684518124128,40.08896574322857,-14.610609230528194,49.03194439476209,11.988962280485548,25.741765963339247,64.61379254309364,7.54678076879985,4.083235544017801,-14.317129618146366,-1.9387655986801975,-38.58400382884556,-3.8688410547447725,-3.2935709155775927,14.747810265222617,26.868465615094838,31.392597991257198,-15.574558595654862,12.145869927211512,80.0272355416879,51.31109350696362,29.497739709333658,39.147242462310686,24.14606115486876,-1.1810654246738115,65.17970141837594,-36.49934405838453,5.024213853986811,-35.666653359291814,36.62467063976106,-59.06664778610201,4.716465958597111,-7.438130089859799,-25.715188942670146,37.20311160370182,17.243029876246155,-35.47184442021262,17.212592450763953,-3.6598378803739244,6.744472032042132,3.796036514798026,31.32857026749551,-0.26633792813289014,26.12140586958021,-24.15398191465655,19.51463229475561,-0.9412853701319577,1.6867516111789809,20.93458771351196,6.265642851044419,4.07960407415397,6.996962844271627,-1.3956937099734867,-4.734838552191602,-35.551052699258506,-14.94075267121436,-30.753597052360377,7.444591160211515,-36.25064905162452,35.78313771580108,-8.054460265023549,9.312306618613267,2.4758456474889683,20.7604242150146,-1.4212721774290384,21.161893380530234,19.47312395232818,15.5942322173328,-33.79396509046036,22.136558987751663,-6.408563118390334,-19.416824749493426,29.12392914123859,-16.698208226009157,-33.93563431757237,-22.84502017947771,13.904619178391796,9.57532435631201,93.53654849990602,-13.132657110662974,29.506857070417542,24.948487904282153,-14.751954865416431,42.349627034975875,20.269793537726965,40.60899787247248,0.01272066904789873,-18.088915164252594,-26.585463289094914,30.85200681471047,-47.78957243892048,-25.23522684015733,22.270064132116428,10.766899985998707,2.245078565491754,14.038180857405969,16.785332833439394,15.485598048190807,-0.6237987232025342,-3.4559513614146713,8.466560781551065,20.682537020419865,-16.669440988658607,-2.9184683761135184,4.237862989125525,9.067574703088496,-10.28221539761044,33.5895184317669,5.78406446614743,13.074924818502518,-27.694731429986838,68.46698166471307,30.47453926698473,-25.994108752601708,8.999626656360977,41.9859554178427,23.212295837714993,-5.1749980549276104,26.570187256135657,-62.663330299200794,-17.585581119938666,18.772728528216273,4.847825348542706,9.680712885446253,-56.74720990079677,-2.8799603898791846,26.332336442132128,0.18024673813506153,4.2878417546952745,24.626716153043258,-16.91551497339622,23.784763166174145,-13.558777258144259,21.05109465035602,-3.9685826842005456,-93.66312909605371,38.74456279508771,-6.315260682332273,49.14352405423095,28.433019095859215,4.365651246552615,37.302916981657326,83.02328744122923,-45.68003306393678,-10.683470319175665
210,47.97666536499481,20.548069049662406,305.47228005747843,-211.9812031747613,-73.8198436736457,101.20712645143011,-46.290023409665906,114.78707499411024,38.43046719073325,17.19697559082144,54.52835405900692,-21.156896493591717,-30.90888759187062,93.24444392897124,-54.28033553106266,16.06378351184393,-60.65209812356342,39.907621242133494,60.1199258216778,128.46316027494737,-192.12066354115785,92.0495050794643,-27.881385608664147,17.73970678154781,-33.31159886896631,-164.36607927546154,53.53109066803989,-54.19973613693675,-238.96833099223974,-171.13554504461337,126.22478410867112,12.93182386622519,211.16839317015936,-52.774414670936096,38.000160832934384,47.471822921417846,-101.75923252963607,-13.445585031698677,-47.08574902719487,8.282447382015517,105.34718992262634,6.364803282297879,53.757231581730906,-98.51131497117477,-85.04154347222125,30.10278629010333,-38.244229654744814,33.183508320344174,-22.31441616657294,40.24340106306429,29.962348878160782,-9.860838164286532,41.49774029690706,-67.27158502556703,-7.902900305582207,-45.599419893412716,-35.543654055497434,-59.40603239265323,-42.14453016868415,-152.82421150694773,-161.8594933523365,-39.82052255101786,-32.059596954540986,21.28724061847769,-86.25578304989722,49.162253183720345,25.63077102017502,168.66917191124338,6.004252035151186,106.51047310647323,-41.36236911133503,69.29581976340229,-31.712896319017126,78.05875180045702,-134.01012395920822,1.5606700867895746,-214.31308478475628,-4.353597157493412,-33.07336239088876,73.82494611101825,-46.031926901469205,-40.62662714872043,83.13184329125802,37.75633291527704,-89.89606302420283,44.9665483185762,58.669635811257955,-61.81303477433588,119.56708017979483,-29.229451514156576,-108.05035740356325,-60.26941289411087,135.4139314020076,-156.83334830549063,227.99197603399983,-52.82158938517457,-35.958831506832,-159.5347343602289,72.30451476973788,70.41875191989934,-42.21726606995384,100.3385984592658,68.04771967813771,-187.82008917450372,-14.868021139548736,5.907547927695662,26.853217528350083,119.04055969864588,-87.81907019256786,-66.09168904174484,-12.037271718804453,15.079035862007757,-60.59642460020597,66.74227373880402,3.046033269667086,-83.49968126046424,33.13187845100116,-44.75172719865599,95.01760477810053,-28.949487148567847,-78.10755376322814,-1.6753685383107835,19.063820796619765,5.207916628070146,70.06815941191789,38.020356471846775,-54.44750305157718,-18.836430233645657,21.383860447140627,27.88814839276229,42.98827750032936,3.2668854342394757,51.25789423484594,8.786690281946019,-37.26095969389613,1.5620371606143442,-22.993042149401944,10.258889523447293,61.15071975876207,25.840364946236424,-14.304495970082554,-11.350790055063868,48.77600246262299,53.67450329573919,50.04753102462852,-2.5157816391858754,-10.333534772388461,36.57790258648716,-17.624083106845855,-5.100133854348749,7.258527071528517,23.949529520382246,-28.188111636969726,26.404110795405657,-7.527555755160796,-20.21760829854044,10.415315333351213,19.952856360463898,12.797724892718918,-29.15122055999312,10.724983988845791,-2.8186970093620993,3.044238139362533,1.2085988124701132,24.844066108514284,-6.606461265455268,-22.164084211730923,5.886232607979483,13.579786277632218,-1.4063285285967428,22.80743575317468,-11.093231950081314,-28.527483273631862,-1.807428695992451,-14.075473908351952,-6.010455621342024,3.492395236255099,-48.17058355420825,19.750582126473113,-4.303467349112214,-20.943589730488085,10.512509285623667,-2.504678990667703,-12.599254871454486,17.433551402755747,-25.4051248214184,-3.877738153495907,-13.55140276552607,27.96543182230191,-7.394178397067319,-5.5361152957147635,-4.6071631732241825,21.74437155416358,6.754206479952143,-17.923413393866657,-11.136687814876002,14.778857408296707,6.311637211364166
211,66.60901561616495,-61.229160118243776,206.84988075566636,-238.03060360322328,-85.91819104165525,87.14917143793129,-63.15937552386556,115.4000411918637,84.01785354595856,28.941969559962715,36.79088439624713,-60.96852193949014,-71.23514419390031,119.95642981137429,65.36871484043817,-4.418224369582914,-50.037118065479426,-31.709951932634358,22.462033807243042,58.649233760449064,-142.2060166255652,7.338588907714677,-53.02872694310387,33.72638906126272,-55.584231230338354,-117.33255168912906,20.81088751932903,-42.86067453336155,-169.43222006477433,-61.02951643244748,15.311658731473145,54.27078193027206,61.29193889840064,-84.96358145742039,-17.83557878288294,31.997856691055585,-27.32872994051665,25.263698456830106,26.033122556788566,54.06846642073275,-60.235436646502144,-35.63820247134152,-73.70817394982222,68.4867131522079,-21.88487674431029,-26.672746595926963,184.83272953698278,-38.77164632806091,-110.31062265080273,105.944561342494,48.83534138353963,113.37142427927695,-226.40655431440064,-266.6853811022317,20.911432677906248,-107.6263921558954,-12.282437977690137,-14.390490163978022,-113.09967619758626,-149.14737908215136,-27.827751120852145,-24.749779256885727,142.8945583803215,91.5149725662778,-39.52466451519009,235.92710965248133,-116.45008697044081,66.3448491624162,-111.2202271808635,-236.74641512092745,-187.270544351583,-115.09309012179042,-111.54523992762144,85.05558083760513,191.68107212516242,28.3433429929903,66.78704096392835,105.36897531874472,-2.190848615221154,-33.93708138079972,-210.2253436187481,139.07470592574873,46.56795363530758,-92.18049686933195,78.14001214363627,125.45335034611436,-54.904313178517846,-2.9342676021392773,-11.122984514336924,-98.14910736857183,79.65048733576037,111.45851491572145,75.63579719891884,-85.07901063586601,-17.137259438807565,-12.667726844333206,69.20098619033841,124.06803819916635,-2.643011655027176,41.99604653481913,-0.12964151262453205,-19.44500885466592,-55.87093884853116,90.04210867367036,-53.98396165550279,15.579168151968794,43.4442077538017,-51.318752773351186,42.45455794606199,68.3275493090861,-63.520783361393676,15.390647207164072,5.167560073884542,33.9957121031923,8.469852568380873,-67.80655610639596,33.11558597852565,-2.4316172270641623,-42.50891559917327,33.758153901037524,26.737067691131937,-25.72216701230455,-15.03793537347277,-19.43826487678045,-29.592224212803057,0.8509666151937185,-35.207788258514775,-12.392452471818325,21.724319846302752,-34.61510095239733,-13.968791677423596,13.420082336696224,-48.23585296587483,-7.556705981310161,-22.66548738758247,13.829611450511571,23.078787133521203,-2.6130777883337966,-53.49668908707467,-47.400927957700354,16.55382284407374,-32.25645677201111,-3.1295638223656406,-47.121993295320685,-8.481835907075391,-2.9796079384094005,11.040832215882535,10.842149101041796,4.86874682198484,-7.1357593742783,-6.694586603914724,-12.820588299413235,-25.920606495586384,-26.626401556084986,-0.6137464794922541,24.01574456106828,10.292416112677852,36.69605790004062,-10.807676408803513,12.25038471348396,-3.246866691649826,-2.066134289997389,-0.6273880263785543,14.3123076275639,8.277920727304336,8.614994070804434,9.358242623819452,-11.869412466120647,20.018405322741735,-5.09633196558079,-4.8646366496678946,-29.088593499231344,-9.143929228032434,-5.877883537340788,-7.5599394388607575,5.598556611376108,12.357767855230227,35.171042579497865,0.8553139432424701,2.5816447874378317,-1.0948167700298366,2.5550506330248712,-9.44050840639518,-2.2685570169531455,1.9225026836422696,0.6798165396371978,11.196491668812552,-5.734751912169448,-13.616897599871308,4.308282952760793,-8.200421014414536,-11.88610550169839,-10.155901226528975,-1.1461315344771317,-10.479838230116663,5.094571420825568,-2.6763874224506004,1.5387702433526265
212,179.71107420863208,-312.1522907412462,-54.865353112265424,-225.3915468126192,-22.666563004413327,-47.615281272043156,-70.67379401488492,5.970721162306395,130.11361450834966,67.44910236676441,-76.06974774408444,19.861381072916057,-230.80093970232068,-154.1902827155616,-22.943647949886152,-19.918070343927965,-84.30949217034795,105.69020581285689,-41.83769324995435,39.57438650319302,-109.29718591803852,119.89616206063873,-144.11212684613827,24.04676057101481,-35.72940542521756,1.255058286009866,154.91110328904497,-213.3174546006651,218.82562832856684,1.7424422956601036,-88.5332252112185,20.66866577963789,-61.951010775589744,-100.81630348958326,0.10743532768434016,54.522634796801206,30.41319143390625,26.518940881773073,-23.565642940768715,-13.756087285953564,-1.175299721524619,19.66555950044423,70.61168425272948,79.48303789824894,-120.70340227446552,5.052961810737014,281.5096282191623,117.05375788314184,-183.81144281750503,128.57371438319882,163.38002771318932,-318.98284182932673,-135.4235490554905,-194.06001703085647,-95.72476858287635,254.47040466965365,-238.4871422937665,160.97722125378294,40.83575598745243,2.3127502501035853,-76.34134100125672,267.33641473585095,-66.645163842883,-128.71768053929773,-215.66196629896984,-67.20035595550563,19.600822352935165,-33.58903869527792,238.09658236071954,10.061600697147503,124.36936195110928,54.836147279829106,55.00627265222423,-118.65296445495932,65.82723975172667,-113.64050787603665,69.63892501966275,106.30473710776614,12.239860502758008,30.276376938248983,-33.49756413801669,-13.815130735551135,-7.010961579437465,14.541710415161754,-71.08302368098764,17.128687078456817,69.42116781240848,15.924357745917975,2.5406218486399315,-12.002432646166303,3.8409450836644874,0.5200935934810009,-28.249974077077482,39.45318417073109,36.46631924514224,15.783362026885465,-14.843242602383974,17.77921128273663,-10.60570807819876,-18.65452829535746,8.484104989149637,5.8818090724593874,-10.985406869026479,-36.493740913454715,15.860082852449713,-24.01773277902751,6.82755397622656,27.80698499018135,-16.12860713958262,-4.383517784465802,-18.942415453104406,-29.087668457035733,-40.9010709815792,11.095692028487306,-22.16586437566469,-44.47883519762737,-27.037031211724535,28.030678531905632,-5.005124485561215,-19.63428600006476,40.22185040489534,-10.034697630654572,20.345745228734504,-11.917256044382437,18.328763532037847,8.767396998257052,3.618686135756006,-4.295901391143814,-1.6991998549551393,9.813022425054994,-27.051232239619566,0.8760726779681858,-31.18224502149847,18.735299794246746,-7.423602887410623,2.116414853217449,-2.274631154934658,6.633138874406745,-15.583169861496106,-11.040615139860007,25.4247974655503,-7.83217139619497,1.0918147850892774,5.565483784739395,-9.36497487954552,15.388938468665705,-3.029143355589593,9.972064626482636,-12.61388174208899,1.0818827304898515,2.5167676600712827,6.268223837223942,-7.592015138755392,-12.84786612657012,-1.6642360938371972,-7.058693649950833,1.7413521261040743,-2.6793428421370695,2.9325869000277844,16.76126218575172,2.957985973783493,6.493950184779929,-2.5538522362304024,-14.284265314514828,0.1744961545785707,-6.5040092356997325,7.762351815155175,-7.8270581228948775,-8.844615115206631,-7.498299745673598,8.43312754250925,-10.290228371967483,-11.518074963588209,18.007328358269135,-5.613647424593996,0.9834719549161138,-3.6397102049880514,8.360921727435274,9.192266099456672,8.656703120711045,-6.61607236432352,-6.8773492004830805,15.191029736712046,-0.03945030886829155,-7.427641059205848,0.8990886841791763,-6.828720436359474,-1.729426480855557,9.077706711988084,2.1977113125602896,-4.351954692824889,-3.758166993615343,4.203642544132455,-7.842122837395771,-4.958789377999721,8.604398648099187,-9.906573140327088,-5.298868566090227
213,14.247533173389012,-73.79254416446152,-53.89856167363938,-117.31056221740353,-95.02086834681187,69.15723330409593,-73.64510223591525,33.54048312648097,-82.08061064626263,44.028119232232235,-24.50613560736912,-60.076151910223956,43.3599641284541,-19.207538330314602,3.884824450070376,29.933431238324395,-31.107534612001768,-27.112869266213423,-70.05246505242457,-98.91266888756198,59.93647049980294,-28.582959095979312,76.3499559853659,-70.27079805346779,-15.502203827987207,33.26225374652948,-23.494971518218424,5.047911852391735,-94.12357291689294,-4.936626721790956,-20.04147726618652,-4.3500382474023205,-1.4681888190059393,45.228177962489674,12.302897666602817,-7.659458891701817,-25.56878988563542,1.8039172345378147,-6.964318246412567,-52.31867049108278,70.094518395095,39.63567223920213,-60.11997713600277,-0.36876858703962045,79.07342285813321,-9.577482199576702,46.706704826124245,-51.77057908980964,-28.739411569797706,30.109311543389314,-35.83442746529553,-25.25767194582749,24.8837196520881,-0.6102856459745092,-29.497721869811425,-20.191668211515797,-19.619476909853233,33.81185372708093,12.978519623374702,-54.08418828627308,-15.482401397927854,17.549405183161483,27.728023609366907,-4.816655509352028,20.968090747247945,80.24679552099045,14.681851623806145,27.10263472550067,74.21512852271589,14.804913645113894,-24.325222897266098,8.969765228975618,35.2281564623717,-23.21305177972504,-51.81594907058538,-27.36532064764203,32.576064466983915,-49.51224109246772,12.169281286164825,-68.55401820010614,64.49445001050712,12.534015443956074,55.48219699010969,19.047686498365874,36.954501834726166,-11.270327832434509,59.524758524795054,-14.528397316915598,50.12112522870897,9.32203875802516,2.994500479411273,90.18450923283747,-45.33956234442327,-37.807090010966185,-20.418146048310472,13.07277083958263,-4.097157816994003,-26.612144820412706,-12.504380248441684,47.68716098304508,48.06529512751256,-37.996247025152734,5.114327024497652,46.25695291500366,57.97300678320296,46.89916000842785,-13.9309182588155,8.835590238774667,10.654505393842586,24.372825941893655,2.031123635411772,-46.97767677804303,2.9228803513745363,13.061684483814673,-19.14093935390692,-9.940042596421996,97.06569148980032,6.036418090085486,25.874293739518613,-21.82219090455756,-10.93726516794388,-5.317505998311198,29.305552026603973,24.292027901087256,-13.287666825941082,5.212579831337409,52.00833969573442,-9.680783158354592,81.9590137972695,-0.5327360123149955,-58.42038490058994,12.174463212376079,9.313968502600135,-102.58866800470578,-2.0021259125659445,-34.22017327209091,44.775119421763584,39.60899905897088,25.020295836454586,-2.5745298653078907,-3.3709124935295565,-66.78160976506646,-85.24943847349554,52.386340148870815,73.00374228622435,112.74038633549215,-49.840806348484655,-6.081905928975274,6.990917227125815,-3.663475605128855,-6.657114071006447,-13.223335109834016,-25.8047063136856,-59.59460830625528,53.58860314854655,-59.34016066550703,38.558901795742,12.927322261585674,12.827256428770266,81.46885715315662,-80.73662509356001,-77.97484640344018,-53.89254652230375,11.688710493066367,7.365317939773774,-20.32954994352714,21.86804822396339,-66.3472049477219,105.71989975152012,-26.188802492909108,-52.194842017601054,-39.85749238865399,42.053255827401756,35.94614261515825,-4.618733990813842,-51.516423321722165,54.936122229257876,-87.49532198622546,76.50221611307332,125.45869117711692,-9.497776293170057,30.64202815770015,51.79521678011909,1.9011180948195414,79.58175347373128,-28.931755072283032,-83.67850093510002,41.294373126678344,-29.76557139126156,21.432395033609634,6.481980068063946,-19.86558964206016,-56.148134424859705,-25.8390642956312,20.634747335607432,-29.00687805125482,10.636079735472197,-97.00931924339405
214,-51.531266824985686,50.922411248958035,-17.95577803824118,5.244064829944463,26.25701642770347,26.386086092705952,54.22127022659022,-0.39307597873515926,12.687135972564963,-32.256389211019176,42.14572684203419,91.46282794582439,-47.867200895898655,-39.30567030145151,4.160902482114972,-54.5905206576717,12.205254231081643,-13.154975297994191,21.547909279784363,-25.357429486545016,15.61057796032007,-29.288236724217636,-4.738413253766976,0.6995358064426026,-25.956708535171003,-27.57624761666615,8.707119256591193,-40.58285709693969,-16.717259911308908,9.761116538905993,27.72899527345474,-0.7703954396556526,-58.96607610538372,-30.19021835609175,3.7640204563800803,0.35309443669163854,-19.422398166394192,-27.907140049153423,-9.45718886711071,28.093348208391227,22.00536745682412,-42.528984034813845,-4.119144398893282,-0.664370447565961,15.944623278151543,-24.35681800529027,6.6743606728386995,-23.50771684171324,40.01436296654439,1.2540135989397856,9.669435714518977,-7.400803824451124,68.99987986037344,-17.0728287022706,16.679135412904113,-1.282666419180047,13.395243657861572,-0.37175381999691204,-2.454403790683333,7.440129612236243,-24.969607900396483,14.220987368638822,-18.66537703636411,-14.30722021383607,17.135064635087286,13.504141371132727,48.895914663221134,3.495268650313534,-10.922504903120783,-13.808294053683117,-12.860356754936594,-37.268691591040515,18.821768823176583,10.926357267541032,30.435953701579074,-27.948817833486157,7.89380218579933,31.721279579238246,38.72707550028852,35.48549204236254,-17.722352373933756,-14.899929752566946,17.706766855155195,-6.551127549623926,-19.65518039684675,-6.874079273687587,-13.149936734416293,24.763827366320243,2.699059947687279,-17.221519252053685,-29.35655905310994,-8.798711086179635,-7.469568956079447,-12.165058154561825,-15.701175452434155,19.818453960158998,-12.524084557809068,18.630427459822563,-21.34697509497241,-29.488194149732713,-2.2705282513602874,-5.122370796967391,10.443429932383138,13.600567055672478,6.482559650913041,27.92721941967479,7.622389803149345,4.992228908639641,-26.080765084513367,-8.80618353998875,43.66621611668583,7.262315824911957,6.962653283042503,15.69849566472412,-42.27795970283343,-16.689837894922153,63.613504923034434,-26.449751435154614,0.56279200841438,13.480061197852526,-22.90957336904701,-3.7320793574678564,-29.19047264001127,-53.365724243334085,-17.002698716235457,6.11175847736013,-4.358890068809682,-35.89428044491082,35.331174457939774,22.158560355282013,-5.446623006460525,1.3958492059382626,7.134792145157307,44.17201115669219,17.099376272701182,-17.44285526208064,-1.406821485195878,13.877294754311828,63.26936688821778,28.93611534116531,35.02419220892516,-27.735281156135304,-6.819405051461188,-51.011675564247945,-17.973269973265236,3.0185779531020076,-16.78180987357895,-4.915265681099238,0.40529078801152996,-40.82491196485629,39.75956460743985,50.52370054880979,34.78107264114616,-15.308249960716067,30.031022156927733,-30.242314070846152,-27.98335520393226,24.061093146686126,-73.02049977215216,15.417866758782262,13.624750784416223,17.332478983802847,-14.402068430821206,20.251690662459122,-21.590785044818386,93.2884787844441,-36.77079532887555,28.31674445364638,-7.326782027237046,51.624048249901364,23.41140722207093,-15.852828701894484,31.241632996146933,43.91317205320192,-27.066683784793764,6.710500929815813,16.590809722074077,-21.617662625890354,-14.460212043767966,51.46579333341869,20.719109467319488,18.795827302985423,36.22840794721757,-37.96649873762731,-16.848871714385783,-39.99197671770109,-23.44307828525532,8.946076431232063,-12.873882555179724,27.05481755588825,60.49362796023905,0.9272221386696772,-12.209346857855637,50.30774684728355,-82.57957563350124,37.84517521260604,-7.856344074721223,9.262943397984198
215,-54.5411600904534,20.998597731510998,-50.18829747522322,-75.45378771640938,2.4896492166886324,70.9774498186083,110.83544769668669,-41.15718589465305,39.49329351441035,-55.06901407938421,83.8026066856131,40.86107906939015,-23.6953154149809,54.70293711887603,-4.464948632367367,-21.467750217353913,16.290089681347634,15.493520008691188,61.711608166287085,44.643922978834105,0.5270878712775566,27.239317796523473,-15.417652991921335,41.48659965738806,-26.81678319331131,0.7013176243627657,63.25424692947552,-14.307811588105771,-2.4049891579628118,-32.40210736078027,-8.605593735284645,-18.44598423395878,-45.663486379802144,-12.166544022990221,-23.399572481121137,45.79678699970149,-12.449639288476467,-3.6481827075632283,-27.794800919429452,-17.804593831938966,10.92324953832942,-42.74948143988119,12.187873033699082,0.2905803023377879,-69.98064144987039,-38.21828680942953,-25.28275204974659,14.720144466754292,69.04918500810902,-23.015019225096893,2.6682230548049994,-49.38038835246537,12.072565558267014,-26.022269352214224,-54.608592823345575,3.506461623191101,13.048676270935895,15.424093852362489,-23.79872674162592,4.322001188953846,-14.98396607958982,-47.155623146139504,-26.68000610480003,-7.256891873158025,-50.43018302319253,-30.00205582558132,-22.724523002277486,-36.426316840078634,-17.8977936915292,2.068442231388092,46.32211848061455,-38.63374815567077,35.47674153849312,32.55666449274088,-52.99941871585141,-25.265440356992816,10.67525406819975,-58.73597429479789,41.75250818958484,-5.291576506854907,25.78756203332314,-11.594963015890654,81.52338066114791,-41.83735681455852,-36.94782281788262,45.92699017374478,-59.54278984761758,-11.272785260550743,10.659217380141223,14.89810237170505,2.3616945086049683,-16.788844567288713,22.015500859097013,-11.23191507695008,17.550604334835878,-10.297084327296039,-18.03014261973379,-13.8534231826195,-23.06873408821895,15.605106675938647,46.17144803127529,-9.08203454362477,-33.31366825506155,25.774271177881506,-8.594607727532198,-75.69163334209804,60.766518919136196,-18.87166553212733,34.00969558091523,63.33562497189971,19.758650287379766,-50.47173503191281,-33.41276249463343,15.62416682355977,11.697827556748804,3.8727001221786557,-23.944942084286353,-10.760260031409365,-2.6622049880504832,47.6699685419732,28.232088333608758,61.76462880468589,-30.674033772107006,-46.17142490820382,-59.0925471486195,26.34056181605626,19.9646609085239,12.428561115605746,-30.713035014130174,89.22772911719088,-5.889481757661264,53.215938861611846,11.532749188519533,2.9166041584149207,-23.316695636710254,-3.7170203320134,20.824090314702943,-13.277174671488376,-61.77998673118105,-26.605269227445337,-41.7996405272522,9.697542765423051,28.569127269539596,22.072302358106022,-10.058639098271103,-63.52801091621283,-11.153439771567585,-75.35077758673046,0.23306175366190696,-12.424622472815804,20.648944274859204,0.6458135957955843,40.28517966582486,-36.23093110895955,67.92988188594964,-52.25588772096025,16.842108516933745,16.776294379807645,35.28369323543361,82.84380355078805,-36.222454352851166,-4.0724013762584725,-47.36001334576874,75.8403892237218,-29.887854222390622,1.870142979051482,-15.521958157687527,49.352221360122925,28.42899703878516,94.98377621346089,-24.663552224694726,7.670341586558774,39.8463906079907,-78.72690933597192,-8.56257691320487,89.55201495167206,-32.51859514852062,-68.74870098489374,40.17926555134444,40.65281098169352,87.63506011688298,-41.269383237978914,-29.326253843717247,-26.444027187414758,107.74503079253043,-43.50450262894012,85.52107261675424,69.13731920611707,83.28509409374695,58.06121357301021,6.007991466552697,5.161443644135626,-98.07551355044639,33.61898544012934,114.61740092559346,-15.624721396375188,35.73570893373851,72.95548507160012
216,-49.56406222581577,55.71954395415893,5.483826230776124,54.46516880396839,27.65563903740696,-16.380229712505304,-54.05698725489109,44.09838101568128,-57.778126352930286,38.97917321259698,-29.966853308671723,19.425195742470805,20.995130104198097,-22.055547961553536,14.700086224028441,-23.45984831533361,-10.572897611432381,-0.3728724796613826,-11.674260937990573,16.636973536052388,20.577360309808032,-17.146700885888045,23.367457945869287,-9.358162952387683,-11.31906004737664,-52.95867722811244,-57.890465446817835,-12.977402505011323,47.69176835825838,-13.281793160922652,2.817791016933029,7.444143322812104,5.218641481547113,-23.838602609587472,23.36882274356658,-28.25429598503522,12.802449414267215,-48.96155168543386,4.828037992097533,1.8937587749785967,-19.549320906742786,0.36116819896832836,24.06021644727287,39.24315253763059,-29.193301200674387,10.605366355625861,23.40374792355539,-32.03084638976262,22.140691205721282,13.417894855811374,-5.2330240449550764,11.740054388368648,-18.32292884843117,14.158014024261494,32.40536849207907,37.84324452130816,-24.72077007275345,-7.5913997042427726,-33.65263072030465,8.270922132099678,1.7942887396148302,2.050361330056674,1.434434399557325,-27.67353712231807,64.76358480347294,30.38443116176548,30.759297588472737,39.38243230766149,2.3887130376184222,-6.1701330254072175,24.54512761333141,-42.105948765705854,-7.033055202226754,-12.606432401825318,29.390737682913024,-2.423805633285733,-23.447051894488705,-36.32360045989933,-11.751890203801981,50.78167999925091,4.081398889258301,0.0841382686554466,23.04671733096431,-10.012030491693968,-35.75161299123019,19.145642573038764,-37.804930083508616,-39.625999109087964,19.442255791571906,-37.8234480531977,5.788721467015561,-54.301892563033995,-34.31824402331931,-52.685853859520634,-4.57415381423717,28.068284811628125,-27.462222668600315,4.949025070482976,16.52523638343997,14.752736336192646,-39.061614248925295,0.21609627971028134,-10.89788174998397,-1.7281151656277733,-4.740928597186895,-12.937571571047936,47.185288164933425,-21.334579502572446,-9.70172907613246,4.007549838831098,42.428646337337035,-0.2756300280209727,7.498905786889885,-6.447711162481493,-16.71363225800991,7.287113407084715,-1.869391894315787,-0.2470118316469938,-13.04246094744628,13.08883692470742,-41.75879495098509,-14.740620531569808,-8.607988248931083,-4.9933990484741155,23.559288870096434,5.160900675709895,-32.37815484144439,-5.3526007752309654,-13.73581478315864,-19.720687944836005,-28.651218794209225,32.00472814148581,-12.76554115732414,50.073905838777,17.75466956431928,-55.930601255424726,-22.101834921882272,-7.938243123063105,5.59400347510538,26.23203395196641,10.168560088790299,-51.966590414088486,-0.43631976576269915,17.642868890069682,-20.887151461791706,-4.078998755775011,-8.46284134103001,-16.40164730631965,39.51739550634354,-35.304248293624525,27.05599928457454,-35.20738142659873,23.354441609210184,6.6495412011689545,-2.9894698559557376,21.839274524003642,-32.40478258569704,-30.28716968038566,31.85051298894004,5.52229430849721,-10.344773015417157,-28.308075714713542,-4.401907041295735,28.84787288661145,-27.5426957698469,11.038637470307988,3.185934773231822,9.67896460609818,3.956323600916309,30.48684076946353,-17.850415339844076,-15.144112291833263,5.5727734776719124,38.12047210821445,33.48494282703516,6.877002748058016,-0.8565610966340461,-23.130626970242094,18.166951845221053,-2.0780691572167496,-51.27362499574042,-58.14303299496783,34.79098567926787,-27.501834028554562,6.721664700115682,21.161481485980342,13.63723069821541,56.49643827344799,-34.66618361099103,-40.53022586716664,-26.311802943952834,23.14519243391181,5.218113664775674,-17.767956138688923,4.013136519793429,12.054782785132254,6.769717894692349,32.69429634356362
217,-45.287787454967656,56.03767646453436,8.66430803024762,77.97815136328148,9.415920983829748,-34.293864608300325,-72.68774808213928,40.92183968178808,-60.989325784729246,31.717360626768766,-37.869123594751954,3.3367948955143505,28.085203049958544,-44.63306735727434,12.604696325559322,-11.623951936646526,-7.705169775807441,16.240269169040754,-4.0448037035054805,-15.505786751928207,9.252284751318582,-21.796559133467458,5.584410986751403,-4.742538463695325,-17.8421615788454,-20.122199162757408,-27.442745160709812,-3.650588863264261,13.17882303120557,-41.43828291340536,-8.079776439668892,6.052644809285427,-9.125877837557963,-41.91142491948899,33.914667025254715,-18.933926788667424,23.68045991637835,-12.675537436513705,11.39348786921369,22.82213072365805,-10.181343638102673,-8.079711439325703,-6.274771419535574,46.119560767988595,6.7746326091699824,6.464100740816276,-5.1180538696761255,-18.61358755070863,-6.656822401117607,19.106514921675956,26.85263898632012,20.33605052664451,6.9681000573806795,1.5123600059971203,30.91191040629942,11.377570324362594,-34.43296952623348,-18.922669241673535,15.517267334570711,23.498917546101957,-5.02981115786527,-13.93180163713343,14.93149844427056,7.918661146523839,1.3795352882324126,15.02746905152128,11.12922212301857,6.0797623307470285,-10.323726643253359,-55.708998893614236,21.983059307226704,3.147001687634135,16.841406803976486,-40.29711227669278,25.21337700468395,-43.167851411787254,-22.515525330890828,-23.727149498569425,-3.2508297250713327,26.898297637769154,-39.28458603334629,-11.24627810829504,-24.420720503374447,-39.604662916673156,-14.39752812053292,-30.908159875999214,-28.878317813983013,25.471944308412443,-1.9066124782955471,34.752137346709205,-11.522184458047645,-6.447690229114401,-30.559734967547442,6.419621231187826,9.492853963922618,12.833018910129278,-8.7303103978724,-21.303823449512212,29.79495649208932,3.0687957854663344,-13.724827929262766,-21.18917562884883,-7.561572409581434,13.507070162636532,29.625567608819345,4.509163043587577,-25.490596172155378,-29.821006245776488,-4.623592812916555,-16.442195112934353,-35.96201831822266,16.419178964163105,21.49413482435457,14.159469459503612,5.101201511685963,-8.956021430917765,-20.93851607846485,-11.924132470701677,42.2296360834863,-25.389996292271068,-65.85691093671834,45.47247230043758,8.99441187941181,5.090421767153944,-26.88783885772475,32.56558350097488,-49.81276173752988,-5.507404808379261,-11.751550492694655,-29.73340370357264,40.05823537285917,7.931813352409642,9.174918227525325,34.57333098186556,26.387272948656687,-8.998433230528686,-19.48144936108139,21.79421286031479,-34.72051653703727,31.087688258714543,-25.21343590804511,-5.414939445980293,38.44396421220313,18.646137472026535,31.877160134760718,-11.293183522204274,-12.140860691417535,30.50216647635161,-3.8045974074810753,-50.31840316252941,12.447960394729476,-2.9976903379383244,-32.78033382287502,49.71918609195177,-1.7943180370423744,6.853749996915894,20.406720410115128,48.276311295041715,27.244476513817055,-3.7565791533806836,-21.683671924548776,7.626634513631005,-29.95220504650191,-5.047810993367033,-13.687974492089335,9.80732035500174,13.20063831778065,-46.594582601623976,-18.75810030550881,3.0962336144282854,-48.2014910653467,-33.651263016103385,-3.7137290709765827,-31.975102497893495,-26.274600460863446,44.25298786874819,20.323800346864815,-1.4954694504071249,-10.847772878339269,-31.83065845935025,-16.615763871116496,-29.839047539386595,-44.170040722322106,31.9143107156704,18.102657236782193,-50.31790970653934,7.060577464360229,-33.673438711171904,-4.302441812352389,-26.05009671174099,24.766875163821094,54.00903366639808,55.11584119268294,-18.641798170887093,-6.435664011397051,36.710615624973535,-4.896305002605324,44.34428021816444
218,-54.91457047348026,56.16518391386924,-10.62527946735839,28.62701350043246,18.041298695638528,20.907568712672347,34.12467604900676,4.1698783712397285,-0.925920330002024,-42.93351100758415,38.67895652118356,96.93468289971918,-6.948579302119541,-50.91196038162621,31.45545440329288,-46.932357721457805,20.117093909064856,-18.023711421957813,46.595199898836555,-20.10268865124039,26.384302418527398,-17.259598951201923,-24.1634920687712,-8.501947203945555,-2.920225150306524,-4.180890447890856,18.7909249691536,-50.88773040422849,-13.319337763820107,67.48813536240004,66.6562974822367,-1.9068338947050314,-81.83403001874674,13.3898258546186,22.854347351500945,28.829884910331113,-15.231618308515179,14.594285685475208,31.793354911258756,62.10820937188538,12.69598967337534,19.04485010907985,31.073254396785796,-53.19558723396206,31.347182551694814,-16.401132749626672,16.57676733997251,-19.553844814546494,34.744923527445955,18.538798587994602,42.92629663157991,-7.32883097604382,50.255396136037916,20.76933358076796,79.49555260772122,19.224375644974124,9.348093391924152,-11.049686898371538,-76.10340206422987,-12.863742555348296,33.10715409028713,19.144141098603523,8.264416964696185,6.258845559016313,66.56556938832257,2.426534500466933,32.478387887752675,-42.88496718367477,15.83407932925185,54.56353832430959,-23.672973690263255,11.070498430818668,1.1767692875196445,11.647177630402167,61.617190500983305,-70.14850034950862,62.18550821205035,80.32812045325207,-12.031275188588376,61.29421925118409,-25.84175256118271,-15.214470569549361,33.97568746346519,32.73914595448545,69.4537656822228,11.00547018936971,45.94383578817973,21.562461158148473,-2.4948905969166946,2.2826607864117383,-38.13778215249675,12.928398987503066,12.293625909575335,55.873966658069286,36.35010806742776,-32.057400032865345,26.5178340533404,-17.70274173880098,79.97142973624115,22.549495791222522,-60.84132420966358,-12.51913427664157,-12.009755909376937,-5.6210149941993075,46.785503262494835,22.75538032514913,-12.63832979390209,24.875414403874856,-27.513307599437386,74.95916752082584,33.979599237691424,83.54756271230775,-48.30767800153597,28.00629895436129,-64.16087502577635,23.262646842462978,38.48722647851553,19.840239074939753,6.079346480722342,23.532903897251057,-36.44098845154855,-24.5651012978676,64.48266541268383,-2.8479241964339788,-59.33016493239109,-30.294010545235462,-7.396990531937555,20.307930662989364,-66.08971782948089,-7.8684502355781385,-67.43599228632134,17.134586051026304,-21.121648568534287,31.841638467530984,-51.936392775572905,-17.21731251972189,-28.02973443802902,4.50621163213456,23.072741730627286,-43.21446697505782,-66.22952803187461,-40.93884055940428,-9.511116596296946,-8.675650364962879,48.866120690637445,53.72615457216538,25.929775171321083,-14.100807117150723,-1.3601629406898321,-10.590839988917269,47.24903734018174,-7.018696283263007,-31.674155618027957,47.65526475271555,-19.707736809030123,62.11936921547316,-7.947406714525178,-32.61881366804724,4.988820739501207,59.67770862229976,-31.935287586836765,-28.97269390355291,46.828146350139974,56.463963819752415,-13.243150444193734,-18.62614446246826,-58.94427508133742,-126.0087241247964,-24.953995645991576,-30.427657776476295,32.795675254528845,-50.13708225557316,-5.799058298457733,-28.17529628554057,-34.72940808831903,-37.23500285255155,-40.72289629505818,-5.596121794707287,-49.266041130499396,-86.36814519691113,-2.4327402758196026,30.795706183848942,-115.6251870847021,-27.78025046164387,21.630333898416776,-7.580228806406559,14.39434460192973,7.274703771805393,69.92136587333768,36.62434749073503,-53.34854061947322,-13.505621390408297,10.50324665627307,148.19684667592043,55.416981406699115,106.48483074196092,17.12254110176986,-93.94846973372637
219,324.67529596558154,-447.8836796553907,-92.58303383668083,-78.81479551396211,-91.92733347217977,-131.5545493789195,-109.14967063473011,-137.16849052094216,86.50041155360054,-67.4310843413395,-190.99864460988184,124.86668598001785,171.8400271948182,-478.9296121370352,99.661119906528,187.08922288049763,-182.09793129681398,56.53235816392571,82.0476576859531,100.34116685675853,186.56445183110165,206.71100674410383,-187.33678641520547,-256.46478324040834,-246.87838683071197,-109.38414288945383,315.784789375451,-232.40228400182883,-1.2886194519453453,-108.6124366228059,-312.1480687637735,-391.60330567323524,156.86152651089574,344.64162938757755,137.94036110450816,-184.5705695386037,-289.02172027085976,186.107580540239,-226.8082592597998,117.847442350102,37.503047484410224,-277.58384170941457,-72.63773942475726,119.05793103844506,-3.742303624895305,-86.2317648570027,89.37235324337006,61.685115007370506,33.48150334641487,-88.07582619052437,-59.148904537307786,109.45947736700981,-51.330409530363035,89.67707940962653,60.33703401794858,-21.735748732834622,43.57048284161265,-12.60992848556555,-10.999584903774432,33.053469801782676,-3.478004556667418,-9.19645011492148,13.447043793761758,-3.6386549292348116,54.92641941644788,-38.53268360113224,-39.864876247485384,-18.71335544242807,-49.24219945489036,41.55369474224038,-36.89259362164627,-28.284890813233943,-7.129076238320721,21.112894717058644,54.693550566719686,8.690635209091672,-34.725219015234096,-27.96553509359768,-25.2485863103939,-15.829501491876131,6.597949412891505,-10.47037416182834,-23.50130008184824,11.839984298030389,17.25022894964449,-13.081364315476725,-4.938315358269197,-5.02672891212214,-14.822743792783815,-3.0932318748226284,0.13569215894686604,-4.634576569073908,14.975475018539791,-0.4278452114924317,9.7763197747331,2.7584740983401725,9.856008802306848,17.597860405910673,-1.836643531922055,18.13275020115251,-15.217946867450964,6.807747963416832,4.340969885087143,0.32559025184257123,13.168171665678972,1.3109175973631726,-6.90443646175863,-13.67326496579015,-25.14580297918718,-5.8491473656884185,-2.7927405130793144,12.56094877049105,-3.9497153627116086,-2.910178491068982,-8.751903775060724,-0.5102513271696058,-5.872994665599711,-4.277662679123001,2.620607195992082,8.183829001298504,-12.333484895776417,3.0822153374328023,-8.895585923384923,-9.592383871769492,-14.286819635951119,4.177686136752917,-2.012622964650649,0.3992749839263337,-3.0695419694095687,-3.2218570433605125,0.8647431120667974,-1.3726625872429656,-4.561383684263511,-7.231624663976187,-4.576328109886685,-11.80969919979977,-4.404902438790326,6.827163201791995,6.493212707679769,4.578500870718236,-4.559360152571,-1.423386874209109,4.6751921050303515,2.043090162785459,0.44966847462411963,-0.7834794167601309,3.6694170232767997,-1.9538978989304199,-2.1417994620996175,-8.635127763033916,2.0783219379441795,0.8448993025133437,8.333545632928377,-1.4538733544586497,-4.160858023987078,2.2946459598615174,-1.4081413480063274,-3.595317864802393,8.623558082053831,3.4467152933508682,3.922092799848513,-3.773604858351529,4.004260316229108,0.1448036422507079,3.5041269341200696,-5.396865921909298,-0.7507754263265536,7.897885319111792,0.25109753153765146,5.004955056105503,9.663966337001872,-9.603381082444221,-2.4613972376120445,-7.517011119156289,3.6188606831053796,4.484122594628458,-1.7378633407159179,-2.0344867961134208,3.188016774303151,2.803025936609461,-1.4072303373391897,-1.8292637833706697,5.782928607612208,4.71548202411271,-1.163272522748666,-1.0382651825302218,0.020684921311011295,-5.596374913596149,-6.847064032276051,1.4163558797467497,-5.529182072247496,1.7099336722809455,-0.0548335603168032,0.48985170002447165,2.7506741810423363,-3.863543132511931,3.776163880584553,2.722665690091727
220,19.15566540286668,-101.73854321439146,-69.22321467179992,-140.367231956911,-87.03035147011754,60.423956863665225,4.063562368837237,-59.270107850855084,-12.445959588416375,9.490090432380645,-22.712804533163766,-132.09974593184637,52.578471141438776,70.17767423400956,7.066071091967765,26.523561114756834,-17.5457201465191,-34.66608642519429,-38.49317253556707,10.683539206528504,79.29251649851348,-40.68645068722225,30.936367369913555,26.39645897396142,-27.56815851208401,-98.86928256276462,-2.2404463286155996,17.86044901522618,-40.40995886333304,5.228959968322131,-3.1416503465343513,-40.41239457354963,23.240526050985228,40.5714222689409,89.18942732118698,49.456473693947,14.01965542643692,-0.15299420448416767,105.36207238382939,42.425764859182635,-21.090827680326345,7.4288310912798465,19.80400327704306,-61.193516315552024,17.18693442051478,35.272255179366375,-48.64220648743617,96.70061367198828,-37.95045722762887,-60.122115856617256,44.58121656094254,-49.355642171511214,8.293122624823235,124.48967534340186,59.62876413468972,61.76692587606829,-20.6728742665151,-34.46840045546866,-34.55095670181045,5.437953678794669,87.5273673584743,-19.506048421896985,129.10501813716044,101.65265171860055,-33.23104729387041,-63.228932202115324,6.320741497294497,54.38992749368431,-8.134784919899099,-27.9510866683833,40.5859397403123,76.30183595698485,0.468978957729155,-56.19679913302359,-80.95592651486609,-31.856516543196513,-50.839222657552064,-20.091153978994722,13.937338240744076,34.99065526082023,-58.449341655256845,33.07889978106962,48.3056361677469,53.87037529183416,75.79692363562044,-77.0536066688071,-57.16954984016554,99.46742421367638,114.6270466862495,40.06161133504527,126.778647335441,98.66757739139787,-3.9393780735728123,15.380953248721912,115.37600586766236,-7.37475040584042,80.20561780713125,57.64509332152534,40.94465328856715,-46.935013591562935,-0.7160039553459638,-52.71576457321467,-19.380667660493614,-71.7169047861662,-17.130785227726214,-59.87764936557492,-193.21598779444338,208.69897365721954,-30.47166584091823,75.52640336207465,-32.0078308274721,-126.22220828755786,-94.55438918233406,111.01873848757495,-37.381461500367514,34.883407461036796,-13.10040151210898,-85.19226440907171,-28.547794328293758,81.79291982505934,74.48263442908113,-146.45482075942851,151.84968937904932,-130.00073732648582,-84.61717349643443,77.47025647489394,27.560597445407964,-53.46986190987337,17.5848771786442,-59.09279264583008,-83.92778470097515,35.24601937798447,-87.82725733574678,-41.534772562950465,75.7321544659934,-71.34747046429852,64.13610174189533,-82.48112800955231,-116.96998389375361,-0.09418948329607413,9.450625325907454,-1.777381427688997,-43.26667876602017,-40.56906746201214,-44.87199747982818,-60.63564082104075,61.5305154885471,-12.114826857973835,88.82618877661827,-79.20257519687559,89.96938600206201,26.22599090486205,58.21007399644181,60.13482950726326,-23.215110470383756,-6.7813628223612135,8.361269610725016,31.839134580101607,27.994987913280656,14.158214496841952,-1.9960031806886933,35.215978944231566,-49.35635334633049,34.80977046893814,-22.100942885669344,2.236755408224611,29.509161758834082,39.02647406871073,3.5860777696975195,32.83633697231746,-53.70950966377195,40.99074054970245,17.39724384851045,42.426078025014064,-22.78559801902595,25.975176933431655,54.39196560408664,-18.164609150839265,-9.467106790525955,-3.7026492374431874,6.997021908717958,4.853730518257305,1.1545941591541804,-36.76478577441593,-12.91909621834373,8.75453625124814,-5.013030996965714,-20.47530739409314,-25.69828975561059,-18.315171376361715,36.285752148782635,24.61029635778273,4.107107582979076,-31.223901694682038,-3.5093430355751565,6.66030047853027,-6.410845181310066,-6.682553595934099
221,-65.85410747962632,69.8522527017532,-17.13863599883022,73.51022019793052,40.086092458845464,-24.68071423455281,29.69003422615095,-24.297513744298293,-27.233598388880367,12.608186851211611,-26.205736107932342,-18.455303111948385,51.45310551778699,-54.7761975058012,-24.294859082500405,32.317753304904166,12.415462369666072,38.12821822071357,8.730184890337057,-30.02121982383357,-26.484650908611425,3.510397927728275,-11.597165873822071,-26.615550542148387,7.9709397930152885,18.06936515244891,-11.470119392121472,-0.734579882265183,-4.991448987873359,-21.693222906899372,-8.252710699295498,32.83036535675617,20.63727309113008,-16.172610331766126,6.954328907408885,-38.90003339406451,42.39853906291427,13.806582159417944,17.522298366973505,50.41688972600968,-19.854806143797322,15.995530021243187,0.026097693302745806,31.313830498733903,14.110653087372775,-25.012604609431282,-9.604005338515824,2.642265754521758,-0.3318689193351607,-7.06515339417762,31.589656724438374,-8.921872163153992,-15.521903247082653,7.06729223889769,12.45419709830469,-3.7088235532966682,-18.5122256040313,-44.31761183061087,4.108217383059863,22.24321491884105,18.422005654495624,-34.07313851117224,17.747892922906132,-2.151722459257658,-13.648473960880564,43.78119173777776,-11.090393907131677,-13.253696515061968,-8.234192289160658,3.842536969059572,8.7509903502275,35.080389854997115,13.879416363925106,31.429059122073532,19.07380267525679,5.5443218419332885,28.329665490365535,7.295582618326518,2.660880411144263,22.94813949860935,-17.20428801692428,-30.588532791753877,-20.08779289882243,9.613010119319874,-29.45493783504641,-13.498037560051383,-10.987359369197964,16.444764072587844,8.977320826233278,-2.660718655367752,23.2109189886623,-24.722755810847918,-35.092446898704495,11.775903463695567,-5.750650339308608,3.947504521309548,1.7210215939095137,-19.902005671963643,-6.001257357780768,17.57515077316609,32.89338511054691,-10.318613744470264,-10.078756638303416,-9.33024704476426,-3.072373089962959,-41.20624452536893,-2.2014067569182476,-4.140496853640074,2.4165537021124996,-15.912889761386356,-54.43663355479484,-8.746627736140912,-25.746865885446866,-3.452290223005891,32.26874376039366,-1.2244847863480381,-16.398341774725182,-3.2985388913554115,2.707600356608527,-25.239736636706475,-7.087776467916322,3.532360060376208,8.6345347365721,30.32160450179303,23.335961420645813,21.83232046059427,-4.277693482253291,-5.93676266070661,-5.94127144630559,-4.428441493553978,3.376376458219232,2.667897058683408,-22.751092686684988,4.913040812020102,46.37220907469956,9.42954010914839,-12.64839815886994,-22.52615645987685,-0.5161628214899424,-20.36111224983188,-9.47919754167572,7.161214317898348,18.030948706914643,1.3328641153067842,-5.3616479864680056,-6.71985938499361,8.179596776742706,35.523332424868975,-8.594034608055118,-32.34723038764661,24.48520508452448,-35.717348324881215,1.3727316265539449,-1.0039191302760886,32.50102381918989,10.908525444869122,-9.031809346038525,-21.886832646776785,18.564901285253512,8.70555780258797,28.881003145580927,29.088403794191997,-12.221090877149267,-24.53325272479681,20.2594152838301,-43.22241713662716,1.2020733828414532,-28.794779722407128,-18.159156165100484,3.4205895604718117,-23.93196208063986,-0.601750897835442,6.111083045621254,15.654765017281775,-29.739591660582693,-19.734717755676463,-50.383084303085795,-26.972589213708673,27.234311175111245,-14.863664584662713,4.82005885037609,50.66421077137336,-21.182898923784137,5.533881457024517,42.968765676224116,-19.56677500632046,39.31837060386889,-41.67925414958794,-30.571822281678124,17.566391190632288,-6.874871218113768,-13.634861434044227,14.718151797853855,17.12944979901791,0.40582302370708256,-7.743177306598321,-1.5129140562045196,-16.13842240934128
222,-31.031582560518743,-15.529618854483111,-53.619241097704524,-80.52200680610562,-33.077010229971044,65.9428685708956,92.90449810495156,-57.30661590940249,22.997028081927184,-43.61508712346047,61.318471477635924,-2.938887425721736,-17.445087398726482,63.326018310616554,3.7711327241593415,-4.090279412027061,-26.592987287057984,-35.23116039915104,25.076808169959477,23.838330378370692,21.727076829195735,-13.224080378327082,30.674183739027878,1.8292923414291233,-24.50699035124317,-20.708845619174888,-10.78650043562314,56.78014028853168,2.4929522854452433,-102.375133235275,-8.535782577861204,-3.5215395315985596,-76.2027470820575,-2.17626796964593,28.488463292638393,14.570373858387155,20.967065232369997,3.507429355275028,19.02569204146778,10.647728284633509,1.8926736439970822,-10.206140602822988,-17.93576626139571,19.466639232961604,-16.735024770361797,6.196393108700044,49.40733744379671,31.515341629332074,5.352027225969106,-51.64492472795369,8.474917153183732,22.25285661060343,-26.709223027241684,-3.745696571572643,-26.014828843779114,16.32503059772519,26.26897623720135,18.01772913963644,-21.252121201587116,-17.572471201752307,14.599018142719817,14.817148157946521,24.230967820596,-11.995671368600771,20.135692013670624,-45.45134451667345,28.14561789247029,10.63383241019957,40.07131442750853,39.37987080096537,-31.65947659395146,20.735021619128855,-59.60579703676238,6.579978390752473,7.716204473953495,19.241432383809926,-14.220163849996972,2.5984356617760267,-65.21859299494575,47.76064359452755,-6.420434813433864,19.54461765857468,-19.519529666429573,0.7232884655243921,46.31033045208412,-46.043525222116365,4.365161065427683,-11.803807404487845,16.13793291345821,13.126428337740801,29.841857993751365,-0.7535628520084036,10.660096753320438,6.686001441096509,2.3904456047144604,27.007569955540472,18.35571778026858,-57.59646881536826,14.975506806844308,-10.991423420098009,30.8036323296323,0.2746157132381371,6.619565429946798,-33.10596018375696,-33.29693724224373,49.223597250029854,-44.352096925474406,56.79152485806275,-25.431191248193237,18.653193982989563,-16.678649441505094,41.516470328130886,37.5477986276597,35.03907358398746,29.697658435197184,-12.365752643185212,-18.794646544444497,33.32680420376223,55.180988228658585,16.226541626933297,54.510732540110794,-54.85696813232214,-21.90602655812589,-19.86603510442307,-34.11405815723905,-78.33499141500477,29.607915248817733,10.9217482654951,-17.653111577268355,13.858832373139437,15.21106401658288,-59.68772630378446,-52.94709433184942,-19.39576819171714,15.47408335989971,31.563677801922122,-5.723378229523999,17.425001771151475,-46.27633542614697,-25.111012398801517,-55.39607488336803,-4.652483310512465,-31.35034857586535,23.979856297628626,-0.7479323813314873,68.43476691366646,26.509564297558754,-9.42409253549385,10.90092024302733,46.35090746214767,-27.686405704773698,-15.716116432760249,-13.44392477113627,37.17813508956177,58.758552607484226,12.986511303801418,-4.807992929245591,-21.195241688167496,-3.5384188307981685,-19.6359304106048,25.38055038018075,44.65884058374621,1.543816793077177,-31.24617370933951,-50.49165950282397,-24.319634047472114,-24.71912711083325,-21.845866206938034,-39.44417894456332,-19.083695133257656,0.3909030370417381,4.480009902293095,-10.210943555175033,-53.31552830080045,-3.0638303141348153,-2.0220358194657537,1.400798108935845,8.833231338892904,-16.621555428348785,36.621223892805894,-13.90357470293892,-14.6366341291809,-19.65593097385929,61.60598054539619,-58.594339059757225,17.635399030242127,34.78729217909419,-11.143412230345637,-34.58661294607345,-37.68214975053227,-35.403616606881656,-21.499959826416436,-3.2669885590337846,6.096724739465996,65.4217300255968,65.54011246566832,73.3919626158365,-36.05236304713625
223,-38.75692086220975,-9.85885341354821,-57.22204961927904,-82.24711585274582,-45.51534244983132,77.48751952357351,63.96713622572284,-28.227823030965084,-8.204663687151779,-27.139921885644064,67.60603316950028,10.00722111291158,1.1934474776796506,45.22080381678937,-15.97499215944759,5.5990331313296675,-5.800962002339493,-3.4967743360176327,25.574746764298318,-12.715033873663996,-15.007114910647449,20.335085916085326,2.7795472565663824,-27.934383989627843,19.080701089139097,61.54335391877807,2.8445636684256743,38.74277856542661,-1.1136703720502665,-80.52541160762003,-14.734542007076747,23.43754714540576,-38.132019448198726,-35.689895115417364,-18.057828598710795,5.188552687877361,15.771236064473305,26.736793280882267,1.9114031503905995,2.9508691881171303,26.076380825668096,-39.88380699287132,-34.197078466400946,47.04333020641989,10.5035266857527,-9.53517792245203,1.2665485287064924,0.5431863560163159,-0.2986800319351409,-3.2263729801772003,-20.676641434858695,30.60658876583512,-40.85331913678474,-42.465714053757594,3.308990031039693,-3.3596599103872666,20.930136846050367,25.544658212569455,-42.09099991606052,-16.710889626431033,-21.02133873949093,16.253699211772332,30.30795019303576,-30.512146644568194,7.160883610905741,-52.57823079780003,-14.870359262498747,-44.89366260658096,70.35984301817702,15.483835342167744,-18.13046471215837,32.67137774889957,-13.367241546999562,38.282458684976945,-8.231299848162765,18.771716510428792,-30.578924483612862,-20.91001352748142,-39.810021152027744,28.12603705260432,18.77731088062676,-3.3053697120015073,-42.85947866303982,1.4699232963214908,5.674036930458968,-5.320070604842435,13.866088308267779,-14.330344784201426,-4.601512628736907,9.279564956372539,13.603390540227595,4.225642994457638,-26.798509865792077,-2.552545932835708,-42.27925139644292,-16.491782100581705,-30.25810545011964,-59.8144574348548,26.52418438032412,-63.92468086743377,-3.163407193481594,12.021129143873996,14.320851852065035,14.52749512047351,-24.753187970424214,4.742724123080003,-14.948628203477085,-0.3433805696260879,-13.11083262372062,-4.693907829438889,-47.111855430567765,-33.143662922992156,22.883894114853074,46.87019492211181,2.453067851170179,18.372408782575516,-43.91616217989333,-11.733739777130369,46.07427296630656,21.93524847007104,11.910772549782688,-41.39186605879244,-56.72545400949169,-48.38633941016372,-53.175766429137965,-7.003690136200769,-3.908575944028418,-20.668470728482557,-38.87867464780651,10.840180439100378,-20.183186494112224,-19.90820592774087,-12.916003533127574,-30.762169912670913,-37.78177012245395,4.365419895646096,47.079671946789865,19.33392870944607,-1.4529762908600754,1.292068715261333,-15.233472879666593,-6.944615575090935,-6.203159486246195,9.884259391607294,-6.090207347720955,41.924765075089695,18.001638217296865,-37.32079654454678,61.70845658877818,26.41282866076324,1.9064568187291686,-34.0645843166845,-29.66318091115565,-2.2387257989840235,45.74405124878663,4.571560628125665,31.943530880559862,30.13403648005873,36.27022351893464,-0.7856906816920347,12.72247848084113,2.1055420317843567,-9.642640904592486,-16.94630548383101,-19.794755428792058,11.517278054143402,-49.84533976100457,-31.521370946555233,6.704852597382036,21.908080140194386,23.74888041230833,28.451011155701543,75.4523757744265,-44.9694001938479,-17.575796196175332,45.482901173770905,5.337156343362646,34.392735426768894,-4.9286889541213315,20.15370899513834,35.50718994250828,14.377753516546202,-15.825296080508387,49.69973358000193,-8.529120565993054,2.3625667946561397,-40.561740017163814,28.333948210034524,-4.685211728941318,8.886952623232542,35.39787861229406,6.2579954222058305,14.57480538990247,-18.41345553454227,23.835826732973768,-1.2591842888864382,-31.37222348700289,20.965277132459452
224,-68.43879000306521,83.32904505784755,-2.4604015723632857,63.98854382878023,45.411148888013415,-1.2342853665403064,14.897151890202142,23.319367438375966,-2.5087110198028038,-36.175948481357985,22.15202427012429,99.36061029427344,-1.1396990885978404,-59.873511302341676,14.520534023692145,-38.8398943592431,25.50696859897085,0.10540558497559846,-7.453999434267132,-9.687773461215764,48.088410655599695,-5.601229297794407,-31.22484811061194,-8.13926890900901,27.101479420113506,-11.15093531769552,-39.621077245027266,-41.48625508902897,17.566818245870905,14.375880781591059,-10.897879807827692,5.103783263429822,-9.084109467426641,-4.202513225441946,-10.785590485642432,9.440853715203565,4.072969103689805,-32.561972076271104,11.083785013730683,16.380561381156937,-17.534559053981035,-27.327593681313534,10.59679193977053,10.008114507427488,-21.99126274162108,32.42489679559424,10.600113761766574,-17.010682473971453,-36.1853287536981,-13.969447890126874,-40.128891033214835,-3.8256712764556036,-29.2419200608903,19.963712557346543,-30.28987584918811,-0.5680487274979529,-3.5971505954890626,12.55591527643055,-8.326773010102404,-27.790980293000413,17.186989146456938,-20.40418338502873,13.08005244654745,-7.584209733501077,-27.38908626300293,-3.966599681127256,-35.791090265534336,-33.25981641449885,-6.097881475873821,-45.23653377046877,-1.268400868873224,-33.63082458993286,-12.400004041011751,-4.048949932681816,-29.492365143948973,13.994675079750735,34.19847867491464,-7.674085160032083,-23.533230800258487,19.595801314579624,6.939056870215645,-6.203385642302443,21.91419894253289,13.730635250686532,23.530665056800473,13.670104076950997,-31.121305799026427,-26.095852048867915,1.802537663965923,-7.772674130752593,13.995469209181586,-24.34767663902729,-16.231795410616126,-11.660922928358591,14.454453237422792,-14.056975224020817,-5.823202413561211,-13.946444461102267,5.537376394495461,28.941942287631406,-2.486744405001095,-9.378414771788888,6.086136029294488,-32.51077160871792,-7.864076423309488,8.136271582717303,-22.076561326623942,-5.946946544984527,-21.070921347848497,8.599175876990206,-12.672050855480899,0.22000900248815577,-6.397647047636815,-24.577092513861626,-23.936273020829546,-11.836520663515392,8.808814592533997,-12.129794870699072,-6.425267870415436,17.789210745404798,-6.126695023236531,15.576298467599427,23.86620080378046,11.891248058215202,-7.660391941180016,-6.908551590257898,-16.045365729518696,20.913754838178946,-8.722441526750387,-8.463801634847911,16.679219274947762,9.204364045269902,18.348293782205104,-18.185313820817218,9.019183718637933,9.582211705770483,23.088134917060138,2.285282867864254,13.339870697507662,-4.907835631780477,-6.469644341040494,0.20645650030356333,2.746399278839714,-8.414197254733393,-4.1155588985602565,25.494375165160136,1.4964838114493053,0.4817607985893855,-5.148651979679483,31.952342561859766,-15.42585653265519,-1.260394911571203,10.193860636297009,3.4370978301816586,-27.695594390205386,-11.857217996879404,-19.229059283899584,-9.230425592115344,13.748089987273696,-11.652739268775715,14.341124398179055,28.89337323342942,-3.5781783820446043,10.765582601792765,10.657483351442172,-14.811703274905103,-9.984197817251125,2.193801036970273,-27.291152518638935,-22.213066124296816,4.477337870878908,-8.052978690647677,18.665949553181807,16.390751057699607,-26.773359835910327,-6.134098761273247,0.2005222135942136,2.8437824565731544,6.031670945019448,25.275285823444168,4.0726841577507376,-14.517039111825166,-19.435234884579167,-8.273553394938766,1.1273457303605232,-20.20486658774793,-5.873491212208434,-0.472562461278675,9.90124421003201,-18.038376706789837,15.213330368484845,0.9256423971527652,14.672059681335726,-1.1125017696105848,-6.344611146611465,-32.61469807262897,8.019308244681076,-14.263539864494764
225,-52.707461798293465,64.65072625717282,9.517849302000524,38.18055234487522,26.808513845120977,6.807244893608189,-17.63160789212302,48.949947509622646,-5.491536494455524,-20.50238428537223,25.614397470735472,89.86688586815826,-63.210596642246266,-50.9881221034765,13.28468248262094,-65.60216884450199,5.562815043498597,-25.22335335242023,-1.4255815036419268,-3.035499259348124,30.092732611318425,-24.482585739332922,5.281562559235426,5.448454375171449,-16.16063495586801,-13.95721931315478,-36.9507104843997,-18.221583607799374,35.53972835581347,2.756588922000682,0.4177086997965893,-17.706425691525837,-49.460684673527425,-4.229562313367763,11.941758028208666,16.281811814039134,-25.223516272788114,-1.8295475676292206,-13.780197980085655,4.919447587723535,-3.806220854837232,-19.237006398533033,2.6246277081188074,-14.972135289767522,-18.105602214107844,5.638974722856846,0.7989969557066166,-30.136111670436815,7.674255626042292,19.545575593667227,-8.160347961397369,-3.473937845324203,4.986214796826419,-17.923125789650125,-28.289278583203796,3.615406596455666,-9.328467307176108,-6.973924530488911,-32.43472753977866,5.681622332879438,-17.64056867584342,3.2283820247281554,2.3397257045033046,-24.353997457972085,7.506803726514978,-32.91450488693498,15.807835486540252,27.290212364882912,-7.049237922914704,-15.241049509292903,33.8431797029836,-32.48616014942028,-11.992749958195674,2.0917654365985285,-17.318337373970685,-27.10409641794675,-5.736786905679057,1.230310033956148,13.737662386051158,4.162180799758941,-5.466356154177448,-1.8607273899405732,6.811536525843169,-28.882126213970867,40.56660533335954,13.625491972508984,-6.861106924170704,1.5472635734409057,-16.515108893558338,20.039860322289435,3.3073822413811764,11.552214632358307,19.362372544078582,5.215511041972293,13.293303288836503,-47.41690760142392,-10.035901513416373,-15.222830975571645,-4.1254800397185845,5.50540421513879,-23.230025048877156,16.979575625998937,35.62446637715589,5.969727731680032,6.726371311304893,36.19203928711876,-27.834240871863834,-11.614662060197704,1.3687169854462842,-3.6282595856865147,-0.08664401533814889,13.711310324987192,-9.162036667854945,9.682880188592124,-5.58437706925363,15.500793161378322,2.786104860895852,-31.452995330974986,-23.503935274447176,7.904223464990139,-22.831305673207464,17.04321044911166,1.417559609446676,-31.700984405239325,-14.87674595833971,7.697874318749908,-13.281912264148188,-5.320261377074227,5.786962710841562,12.381834705925286,-27.37266080696013,-17.04123710126779,9.130918998922969,-16.41878808555661,-4.249179825440449,11.268034563962305,6.448738432378066,15.03051288449887,-11.939876171626901,11.90276305092925,15.334138173031215,9.531711713059126,-13.480159456089392,-23.546001304416812,17.575224026082125,12.556482651950624,7.72038521149398,7.011023309609223,16.659724109680376,-13.107159412199577,8.293383921821242,34.08048808770014,33.330743433450735,15.694172934024278,49.51626939172673,-17.065465673214444,-11.733409475161084,-8.766445900417088,-27.760123973326742,-21.900988212075767,-1.910067302971249,-4.483383846233352,-0.7602377461895126,-15.367599253225707,29.97160167623374,2.3661098188567413,-21.07338445139561,15.548141021203374,10.012257133409866,-22.920629201282118,3.748791080462738,-23.240797996758523,-0.5857581146463222,16.635042255318215,45.31327652452679,32.751435169291334,11.101964220057189,-15.724546080788842,6.960398435717619,-24.48197618658808,-12.92943189053415,-3.0464457630164516,2.4707527109590814,-9.302946752616512,-21.679655837218302,-10.244747252505038,10.624008725157049,6.826060544794437,-42.01462878328902,-3.9420995540031423,-8.271778329442615,-9.876000752605826,7.001688830696706,-7.8567612472428126,18.259323213144157,-2.050418056718021,1.4341135373567029,5.257589869629491
226,-56.9399399814101,67.19491000787225,9.22540164327731,57.681047726001744,22.609011443430425,-13.833713116428022,-18.560876276979972,25.475813350674493,-64.42689790654828,37.66227802878284,-44.332728129219475,-27.376103763007198,56.09228705695903,-53.11635701788124,27.138006396733328,39.25385158600398,-11.274550020252507,42.16760660442035,-21.86100657073439,-22.68319073803705,-10.382301510646267,-2.0853263485140823,14.353684371904501,-41.76932448466985,-6.327884149197812,11.714044192121417,-27.389081948374887,22.110187124230976,-3.1922600527322236,-54.837090020573534,-16.59765417825077,26.176610047278952,36.71947369015575,-28.73992708230517,34.61547908540092,-41.40931993869172,2.827314347825551,15.304691558316668,26.991911510165355,21.579831918853763,16.976482475610165,32.2858374643822,-10.280284860430207,19.026660484032888,17.104738187432705,2.588785573408052,3.630181282872571,0.655674323405474,-15.972258195809815,31.3154358596508,37.58763973551762,10.432535495653456,-7.277263811223689,-28.95983256135726,41.27385672096811,-19.966429111600917,-40.853076458689735,-19.230355006765784,11.539718004027929,2.135301927455887,-3.2801322544665226,-3.5748941827882934,1.3581595003850726,-9.257901991136626,2.6530134295799863,-1.9286196035054308,6.801216641166924,17.362293924092015,-6.753405840874938,-17.478875312991956,5.117514364719351,-1.800366482733639,0.08130323086556107,2.276419654393867,1.3261087288095137,-21.274928770470932,-0.2774135707041191,23.57821057025466,-0.6867961695516068,-3.970676761982835,15.849707066929206,-26.74690439287157,-18.850033608124896,-0.15209950919190132,0.8783398894355096,-43.61342531309287,-11.082300466444535,-13.92655046854461,4.38650228444945,39.1022054985552,-2.3199823346357102,-27.029364718515726,-30.69951533854411,-6.265245743721432,-11.690286584821258,28.13374050410099,8.479155279079302,-26.970977758649322,17.607218655453178,26.496284566589274,16.292170346703703,-22.91555178052339,-2.7850176192540648,6.317680365867344,-20.408430795005344,-16.518233342575908,15.025558047624056,-4.912330976580301,-28.099224977666676,-3.629171388769298,-10.751649753608174,-2.196802403191385,0.30482303744236916,5.156338293952187,4.699248511062712,-0.5805587292556271,27.572592577153156,-3.4126460915571237,24.070471257234136,-15.49325660369653,25.145404480056314,23.324266777749013,5.25603024934923,21.369101241389362,-0.7387232095657978,10.171170763273029,5.357434690717547,18.370672476869125,11.238439833306952,-5.865924170600773,11.109886042817056,6.4476305577230155,-13.178555615061473,-1.1241588340961282,19.50179892046523,-4.524390577341961,-2.934477396756903,10.942894520140964,-9.287943594532818,-9.387955666587118,0.10954193659707515,-15.402383794716908,-10.780677652452528,-4.4587317178229915,8.783786291630376,7.861924608807334,-6.1440337632571715,-22.25756471528516,5.428432211130027,-24.35547576633578,16.317652394283186,-25.16428050513841,-3.4574483226167123,-8.1922005649082,10.33107397884733,-3.2750948732171272,-13.987515690742274,5.386970400004199,-24.015862257087235,-3.087792043023672,4.376464460793408,5.936372398092883,-6.331883453170328,3.6525550690757034,22.347711615056514,-42.989208991147024,-3.1663404369069252,-3.397727570077143,5.6106769516678385,-1.0595816192272423,-33.49138685901778,0.4350494542012492,-10.063962482140859,-7.809234220505571,5.509804190900368,8.867960702429382,-21.902482619069882,3.6183975012993335,-11.544074266380171,-16.127785258131755,-7.5244263064856245,32.37176427631022,-8.14826974115904,-22.25277605393695,19.698420352220253,11.16960933104627,15.098119241271258,4.943034994427046,-10.167141957110879,13.722892080052903,-21.14468654032833,7.245621710781828,-21.72360741882681,16.149020655939783,-8.306105087618013,-4.596492509456737,0.9991738876640699,-27.95928676630934
227,-62.07605900455129,66.38353901029126,-11.370779524780833,59.24055480555487,61.965955040801106,-19.175787778359613,71.14206747546454,-21.605291089782884,23.715097858450143,-23.964387123581528,6.032553768757143,39.618532527545284,-48.933577494111134,-55.636774135631384,-4.074088534045802,-25.528447523940944,2.494543627684905,4.340285035648169,8.601251418741537,-7.138382874478824,24.79160449678366,-19.43956027352081,-9.78794739757837,-43.492199571112884,-28.13045476542825,-12.796952562093123,-5.095241219195268,15.595564717132104,9.661553381598106,-61.06614839511842,-3.7197718802745467,36.419671328008896,-11.288008737660826,-9.013356987437742,-7.879692216791128,-3.0124059761837736,18.539136052045567,13.314157272592318,14.647494221146225,42.41004751667349,-0.5622165960813925,-16.205440940124355,-14.763278233099383,1.5820447294288877,-28.014902432856832,7.093278160907618,7.866048498861271,5.763949831049304,-0.5131741930999666,-32.961148972240416,-1.780379961954191,24.450977984170066,20.883224820572586,-24.14671753574411,16.026250576295634,-0.8222208484265594,-14.760355091742648,-38.66297467342397,-27.689738201834825,-11.108784364268478,17.579169811932807,5.865479900999307,-32.58888831045604,-21.739533740164042,-9.047628623979678,13.749086950466914,26.343504033535538,-5.856985302138043,0.13031212609844758,-22.70295665840081,-6.121185553817724,6.825553181736277,-0.7812255644725944,-10.03141879335541,-11.810283972942205,18.56833017813039,20.326332622052796,-12.394579534544212,-17.8389657202119,31.421216918836944,-5.620181548400839,9.450240435868947,9.41622269578369,-6.469016571055371,-11.790292756721929,-16.22022544715158,3.3718783287504848,1.4673289402599696,-17.21351889723743,8.442078807353685,9.79221680959968,23.72114080413089,-17.056300945215874,-21.41990798064829,-14.19696390103689,-10.357548095628959,-6.7529873250642325,-37.57399954836099,-12.707547486776832,25.582589937145148,29.885645201936562,24.129608879433473,-19.33262092399196,-15.648619395781818,5.882343938365076,-1.291335460978072,-5.615946313022402,-12.805109442760541,-37.32432306269832,-14.76565779441034,-5.047203540595791,4.382429050657021,14.063218908173761,8.089370841246819,-20.238862515800804,13.475067003691391,29.81460078246655,-2.1930367849817745,5.806363593724679,-21.777970683423476,-9.369128446106394,-40.74710889211439,18.66418879221541,12.397012181609314,-18.15284285986462,-16.19732921111107,9.67841223060807,3.131694080566053,11.547683645660276,2.799265536548337,-4.7819838993168196,11.994621091753135,-13.369655244926657,1.2028095473624387,5.918542669441965,-57.13749760110082,2.189046826019345,-16.83084997422659,24.830529722205384,-4.1800986872455885,18.653719685850433,-19.807064556924885,-23.169948557683032,16.935579580871977,-27.17033803668058,27.487503366743606,20.865527542181717,-19.72038892475151,18.625463885398045,-1.79400717600892,7.355199214719886,1.1400914865793392,21.849943106852677,-6.527609308724349,-29.590419620495766,8.579094746776084,14.799712454313138,7.5809325623141754,-13.240234406546525,-51.68620742888189,3.2404366830816853,17.118604523618092,-20.39641666991792,4.050421426518394,-9.299409749676235,-21.825248114126087,-17.781057989614716,-11.759941870701532,19.132860471749012,6.787510789354348,18.69386684199081,-5.0042564861053025,38.29344230909602,28.267389457666198,-10.102302717579581,-5.473971386014543,-16.210252517269286,1.975707020060291,-27.878510188574083,-31.30197745063671,18.889143498612533,19.785144217232627,1.7073314868556106,20.829059811985957,27.994672248096176,-4.81137380612294,3.699069326355631,28.758530293652537,12.882635125348159,11.430366092697035,21.138305350148606,-2.268826286625123,-29.22049885668176,19.17818712756607,-28.326459620006474,9.47490260057704,-8.621225441093776,28.154400712832658
228,-43.94450401494991,30.11289165985729,2.5213028598613283,-14.94316207507411,41.31745302003458,3.1535294439816077,110.41125389354431,-56.71262023589863,52.88214093758758,-16.123032347809307,37.92213003254084,5.96507453449921,-38.44043370271086,34.223699214767905,41.341481123833816,-13.437793612102249,3.9908969707535893,-2.4581379867001476,35.93748981564192,37.360586218961345,1.705068576786175,20.534027492511402,-25.72389695493867,-10.298413191279895,16.536401271423642,15.605132743106447,-28.711271790340213,-1.2640979200568658,30.941065922503157,-32.33388775946441,12.910590116239407,23.66242577668457,-28.86217614855295,-30.26413481613049,6.921932655868191,-37.49424967374688,2.904250171717793,9.930819100895073,-12.666063743171554,0.02764397177620885,-22.38865798460333,-8.509148412445246,-11.752984725734523,26.312148049989563,-23.36740302842598,-36.3341096529973,-17.4325547068207,-13.01424105800692,28.741356671183432,-11.072088941764024,14.200991752758945,-27.08477342905086,-2.374695597652969,-10.767129705784454,4.732093320854251,-5.50650399544684,-20.112813810941326,-3.5258884879495844,-36.430158429029774,48.876552373765605,19.629827301988506,3.7975450869197247,-31.237097491858858,-38.29869835143664,25.956927184018436,-45.72179140862614,21.739534326307652,24.953806232486738,-3.9916989353975962,16.438576396620856,11.771221619420572,-62.760970016604446,20.557761511655762,68.78177604401591,3.1682803927186383,-34.42982725279787,-46.30505013941336,-39.957073725897764,-1.920643677912571,-49.8900338639061,32.240656664287634,-6.928968916836299,-33.28537544103043,-27.71483946885609,27.96524909341371,7.760122426614627,-2.768218084729469,6.5328175729646105,-17.47725554894961,-12.220411025266252,-24.026458256108906,-44.47629004322096,-34.830631170824056,3.121350372785386,50.838988025651055,-15.30147426806064,8.954009923556756,3.5536766537298567,-4.612465995159856,52.466237716610316,7.524318511167221,-12.202708446504207,9.380047094274195,84.11322346081438,-52.834369747765734,-34.50676487480206,9.871308756864213,-24.197909996969504,-11.617606544009293,90.26347483489522,33.16186681999635,27.496459031873872,-23.35785378216322,11.737240472647649,12.49486305937556,-33.31243406336763,-39.83598312687829,-36.63614564886914,6.937903402231524,-2.0907184724944745,-39.18352625441919,-29.80632162244319,-2.05519073784573,-27.671329021210852,-17.650852534621173,0.7783691390859926,-4.856342633772846,-6.2299068279340535,9.309965859474346,48.30730039575344,-45.725961267832574,20.43741122170466,18.55315586849854,27.19536795801616,-1.4155490655004659,-43.33703459320865,-21.544859181725002,-56.02838821273306,1.3655702544157424,-43.54147280724639,23.483070437218355,-31.066397501606723,-12.41868276383107,-19.515310482810385,49.067979823976735,-27.68351052282424,33.03422631047086,-6.576656724854634,-5.1682229215687565,-43.0740764701152,-29.72714759393908,-13.657322834128577,-43.42525141763025,9.100274914325833,-20.818459702973726,17.30454836611834,16.002760575070145,71.28687806517007,-24.291580258457383,22.469966046407016,-40.92391966454874,-2.3716809761340163,19.364797826664198,-23.053617978501375,0.04402663342829494,22.108501007951524,-11.681850350699559,-24.63748713119182,-11.533851847439005,3.4959847158570048,-14.123345444642835,8.869877434430164,-20.212968665080098,-3.532473896748009,39.17618708729515,-7.761354743027796,-23.332093388776396,11.213693135081604,71.85641296675306,-13.662311105054846,-46.0905909053606,-20.426647489734645,5.187480785406497,-47.602444081512594,14.593757681508317,-15.873837440021571,-15.268259388829053,61.77789087386238,-19.71318641554475,-22.335927827313345,-17.40026648199589,-21.91685513080972,-4.191083278389286,16.95652280545857,-3.2865658364591925,21.161990206143297,-28.821463391861194,17.20197713557703
229,-55.50484577508939,31.348671020192295,-17.76293545608467,9.601844310074688,56.84525034708916,-26.112112541907315,124.63092459540742,-76.53726802406096,76.4289616164296,-22.635844742986674,-6.6221209408314055,-48.95100543239645,-29.616485944411966,54.471041858204885,52.5510415729443,19.232982209347945,-18.25822545760952,43.34221706010653,37.58428929599458,78.0326313325224,122.50010378326238,2.8033257361882855,-87.3122671216756,-14.831341892943172,31.335833312471586,-7.921456715029215,-70.34407422946553,-17.386838247587995,48.498317981016434,-10.678348417551117,-1.1914599957305105,-12.295953016396654,-57.08338302067553,-14.66031637137037,-10.937947863086128,-23.16613931705837,65.92815879474416,-44.16695404120216,-15.106891832953082,-9.503607906389503,-49.78606899179844,-25.31467858282153,28.129465143249444,46.9823987892666,-57.079284154877996,53.493717287572395,34.75776831015759,-34.13489075786768,36.089938810152745,-31.229354682058524,-16.15422071865399,37.231710299983696,-6.893952392405361,31.897613270184934,51.27368710669807,-13.98706337179967,35.61519588078694,-10.41187166881402,-85.09140339859631,-52.10035286209679,74.42878979201535,-6.484041696031465,-61.07683624164245,42.97973559874152,-5.238872175580073,-38.064681689473495,-15.423562946329387,23.206215278013477,-8.54601989345674,23.85884123320418,28.816999077813836,-34.28830030088181,50.27649197666783,26.677835253416454,-35.74560054280334,-44.40511199769178,-30.054258315649136,18.821303995132826,1.039089150440767,-50.44727352029938,-15.513211499419953,63.21833985751596,-36.15439467925161,1.7094795957242717,1.6969823330427056,70.66598042012924,11.53694644545179,42.38497059690856,-42.53075495464442,-4.606828042106681,-20.48056741800286,-37.432465079328146,-18.120395283581434,1.9488740606784147,70.01682650847921,-24.581136828615087,19.62184469885269,15.710055874654405,-80.30548573797627,74.46199773872696,6.391365416785795,48.87159234733249,137.4009151244062,-20.52265877120704,47.7884272070861,-29.155277810458546,-97.21852582589229,53.86951303437734,-38.774622412044295,54.35311983155315,26.71377818716054,44.26611957732932,-45.08273911518351,-82.53982987547178,-20.72288965803081,-63.44645126966717,116.11027724271956,86.88178698728935,-36.20763142111666,-98.40859503953588,-4.001591388566604,-5.522295922162936,-8.025885022783598,-70.65069322616696,93.35506479689386,-64.9150317126442,-16.184363443768436,-16.509414127475104,-5.072826515534858,31.36723549701271,-28.03637412374798,-54.15461474924596,-28.095867014716518,56.71898028436958,-27.79600577570106,97.18917265919656,-21.105194519586135,-54.80466123288577,-116.27826281522806,-94.2187674323953,101.31303128778266,-72.91562748900559,-25.56097212217267,-27.717473337168222,48.328938508596764,45.82672578071568,4.626604413792814,-75.98430843787307,7.793803685769544,-23.0878433575068,-143.6272234742453,70.3279912205143,-34.980372769573464,-45.02232992499403,32.45985574048341,-34.818708133654354,-35.727079027932895,53.84666597113983,-7.070934137188291,-35.75176665878963,7.276252090744214,1.7105704988634551,-0.12956542606843205,-27.242129101062638,-119.24571618939163,60.700199692679895,6.720562771456229,64.12525577183749,-67.90730635635764,77.97149216017455,-31.671975819091955,-9.134673159052712,88.61123041156645,-60.51249130508462,-125.54510150831312,-32.085149053175186,0.4611341480310437,24.478745543474126,9.86493339080157,-41.55736261947256,-91.2129133192559,-4.8905512755518865,55.40635517684843,-10.91750913817447,-16.71523800841247,-19.108438078163903,23.06913583813876,26.97109648985015,-59.72278833666432,-60.75099829670328,45.89029351992997,-0.31132455926976044,94.90009874630964,-5.820845941006308,22.80454159568741,-67.72824435760434,-49.47836044720781,-65.29816892244678
230,-60.681379729132814,58.651099190777096,-13.611249619568163,41.672911281524634,31.244659208669525,-6.763750225131625,50.20848666901341,-29.252178987671325,-13.66275954864076,21.284498143821445,-27.22246157758292,-44.12502122961537,58.139156624294436,-10.613051557821008,22.121388597097816,32.33932703826063,-10.46411537716988,67.76591405035057,35.2748620214931,17.414971627959865,43.58105086451479,13.861074744462698,-22.39981385470824,-42.55087776593314,13.06525173438002,0.3562388252720977,-20.465312393500337,-10.597653249500384,15.760823230540014,-21.848913531016592,-11.790903983033655,36.0369759674506,14.375063819208313,-9.073223860618185,-7.466497202994693,-11.955220585708547,48.65905582007322,-5.264134338552407,7.01648155493442,30.090877365660813,-14.2858896853035,29.635609241477205,28.42513791476379,24.12300794313169,-17.185878588656358,5.489704817815458,15.276486938672187,19.2630779316496,-21.232673227676507,-4.0781342951575255,-22.963576009569973,18.403773646951766,1.9909912721418095,10.241529993401032,59.20296050987427,35.95057204492089,-13.47180172313246,-17.53482523040894,-37.07296943397891,-10.025009424375261,6.594540510406587,2.2077642244065663,-34.6086073984109,-18.98596479895632,22.377738247425242,40.844172692704326,12.220028147509844,2.399991948968613,14.63372272151442,-36.74166469335785,25.791206813973623,-27.72989974875372,5.5524422467365575,21.765046371740212,-17.68873634193496,7.354356043310637,18.8842354091451,-6.762166439786385,17.684945978561366,-29.603726781422306,-14.679624127475797,7.744061144812728,-35.94829182433689,-28.622487749319962,-22.299331688062257,-3.7945122450812967,11.59530403852525,-43.94890766028842,-8.709700342068723,26.30000675360599,-6.059991986024931,-25.2363185697811,-21.471339875660433,-29.28980839380271,6.991158508328337,33.128069884155344,5.577137248969129,14.453313293432345,23.870912484411093,-14.074430240932301,9.526604287671098,-8.383815293052548,24.672276697868323,-8.827253146272845,-22.3992188780842,0.06488735613392421,4.73597043328735,-12.982816605758147,4.786607826074675,-22.67119263661557,-26.671075797504788,-19.98083387054477,22.98081253041024,-19.917432634185403,2.449063968220262,13.28380581146263,-11.257249141096606,0.8778468786867134,-0.27401379898869666,-6.532445867127426,-40.56825560896011,-24.25097085864072,6.063177676260041,-8.684637154868744,4.122618705533132,-18.176184762560645,-6.81823746037622,1.0369882661692502,-34.37423463384291,2.7929782345399667,-23.703745210042428,-3.0754972575913455,23.01676577009612,10.390465586759849,-25.249991065312354,-49.11025859357905,-0.09738293725110014,4.8831237448364,33.363864766783784,-10.899920940545007,-11.690169429760715,-2.4307749858839807,23.277050205966752,5.977307593132382,-17.887266688698737,-5.4316966209187125,1.321531805438482,-5.917901859554822,23.07749843215013,-38.433284470437826,0.8655637891663462,-2.3096495488520814,-10.805939672481093,-23.65858516436822,-9.066950861407811,-25.928844649884073,11.455659637849903,8.957123688234875,19.97346597191352,-45.32231404456271,-26.611498732169274,20.879878974181846,1.0935970357974676,15.40906047050628,-14.104500609644191,3.1581902207336046,-7.054450904358238,-24.051686660759064,15.799607508861572,26.27955172771425,14.41540993909574,-9.38807533628208,-15.714885362316261,27.439478225495133,4.177878278361332,0.6609975435999,-22.271175349018687,-1.6005517814647694,-19.26091537956282,5.32865259113917,-4.155643145339714,4.11699803901349,-14.372501462230758,14.450482566297193,1.9166787065422866,13.702387688502442,13.853145032971184,-32.99533599099386,-20.029022106272638,11.613669910572034,19.728739397858444,-21.261511009233857,-10.91842548370751,-17.292721522424255,30.82496720956286,3.426025559663064,-4.2422632441342385,-24.75550600028261
231,-55.46398339265641,68.64014648338818,2.617350938468447,61.44838440209674,14.308234979555454,-2.340962359239612,-73.55116590128706,63.537588541095886,-79.592651903053,30.497520694154783,-42.003809683953676,17.116356578161103,44.329064861467444,-54.45521984799775,20.815965391816437,2.779609157880106,-0.929585622329448,12.533191662648571,-35.80225175696418,-11.929720352486424,49.11674493619271,-8.76258124629696,18.557955143201823,-21.19963591649571,6.111612179511186,-0.9029702080685476,-44.678051716074634,3.3452000333747183,15.380818939744612,-11.001069387634969,-21.537892110911933,-6.514191545217982,15.942978318607702,-8.437179400512,25.925894380565264,-6.6471258078136195,4.932753524630078,-20.055814181240507,-3.6746415857113095,6.076920692821551,-17.62479359616495,-12.131339270220373,35.83311958958599,-5.8722369913722225,-5.058694538566594,23.30393806641685,14.761839003193762,-30.856815257234967,-19.743893076315704,37.46600927734372,-3.202541350099655,3.824446844436522,-10.080124038204222,1.2725885042096152,8.890040733225336,-17.92005503716411,-5.295022491755477,1.0600028831482464,-12.126287670026041,-18.051393450694608,1.4005047800171853,-16.290242420744594,31.220420686422504,7.864866074554641,2.0786481955765055,-6.395548823449458,18.488810445540334,9.111184822025196,14.039483424919728,-15.400018963843797,9.272093390936075,-7.103790184303058,10.48152542164688,-10.813867262841812,15.219927697114725,-28.607383798914007,10.481779825400288,29.90771276198195,23.03378253581812,-0.7147911205637917,-6.429400122064056,-41.73347707803528,10.806841840680946,-7.2715567991129335,-3.842737008578159,-2.867585716141837,4.92592784427591,-5.689835182027471,-0.7530415683771686,18.123733883933316,-12.53212840120882,-30.585256775879913,-40.21883430282814,-11.149038935354355,7.378273559377522,0.7468013351878087,-19.884462666614272,-6.591607892336927,-3.3011659857314153,12.100766445519488,-23.883993796687513,-1.5086505119765814,-12.952744350518286,-3.9854140716759865,-13.632418912004594,8.848140736656918,6.718687776412153,-4.491638395384324,-5.580040354742844,23.10721132194585,-12.651174931508852,6.6177105294558904,-34.267095733024085,-5.434427219276774,7.567592932333604,19.126248134926435,36.39025587683557,26.092517066809158,20.38059981893069,21.19900562092345,-25.210981620114058,34.2842927952761,4.774409310619587,12.327257822923197,15.795680207683269,-4.6235100983120025,4.731131810999988,-1.9688247316977598,7.193370367322291,-28.9296937985644,15.162334581058357,16.969212955020147,13.163734445892699,-8.615900422684913,9.084420237893898,-1.787335194600569,-2.5007452995409576,-1.0099710454274275,1.6455066721529872,-24.647310341445753,-17.301746519322165,-44.02738854131909,-5.423989745276882,19.936498698004762,-16.755108570790146,-14.970999030111171,12.575962382701206,-9.12930919747924,-5.077892339091293,-9.702262041085882,4.498933081418601,-36.31829099764681,10.090380302094431,23.841530942695346,30.41297037993458,3.8061810711766944,-15.934962410663724,-12.169543411417806,-0.011354551654353673,23.251524673604028,-9.651998042766326,-3.791411335020845,-36.451512548110124,0.42619038978213963,-1.3355127250718661,-52.46396701887218,-2.4549186002459855,-15.268100577055638,-1.3162944071926395,-5.566185227935452,-34.43286700209738,-26.606805051312982,-0.6310976122182417,-7.435795390300845,-27.027809553553965,-24.576848704215994,8.624565281363514,-13.670462337637108,5.672078435685291,-10.53064269077912,-12.686010694646507,-7.422474384910887,-25.287097790738486,-5.40207931519678,25.1415464980541,15.971956623780464,-27.68254890686985,-29.780538198503862,-10.152786747471762,2.126880872523163,21.941785986191984,-3.5978755254241417,-7.777194969679259,7.597001559788701,-5.728034336437383,-12.463083923726447,17.5707531232744,6.670360388923423
232,-63.09369861160238,71.35738356505014,6.995846049054684,46.503373974849225,53.70244880661509,-17.918381605368385,23.881266963933705,32.30935349387527,44.82951917166787,-36.44164585763903,24.59161737246717,102.1664520357747,-118.18526814999943,-19.0638115193137,-17.714802899480585,-56.756888503990425,-10.029802990075574,-23.978823069209383,14.926047201112073,16.56973615665613,-26.59975506938626,6.98077696585599,10.08411004854828,-23.656789620765142,-13.19306656892308,-4.911855286917348,-21.331433207645503,-20.782829397259043,46.55874704872332,0.07790708973865923,0.3487067368819734,-13.988159740122127,-53.930846151148984,-19.12105589137604,37.63583020197798,-17.275964894268004,0.5076346101451363,-5.149204021681066,-1.0125148551626646,34.75958440771701,22.216645328431923,-17.938746938108036,20.43272058995868,12.27419320685738,-22.628081076725362,5.050819711861175,8.144760979532402,-33.68917677427794,26.989810878203333,0.5953121620606416,4.277646962062901,13.5407320043622,10.748016216896783,-18.203311629005007,-25.003590070042627,-12.463734415093771,-16.23826761222342,4.814411014215015,-36.069029203043236,20.515914586999756,14.327585824544641,-13.582498890811523,-14.984391029704698,-35.18351954509151,1.0503204416952916,-0.4803750973427546,45.58362267601733,-5.315059648367714,19.93124504553886,-19.500018320369207,17.207079325566845,-37.16466882860586,-26.337206375884698,8.18702393697886,-6.837353910515318,-21.324710059557834,22.26925949289792,-27.41544088659203,37.39291937867936,19.022444201412526,7.880182083617931,5.299046692693846,19.179763647329253,16.408091152606556,-8.237365497452503,-12.095037251175313,-17.596842713435713,-21.1501271839374,26.90101382791835,-16.01397230873326,24.21280658447879,0.47925976260971764,-0.7609692031502683,-35.99471060030677,21.52429479007083,-2.106806027838515,-10.210280469839125,-12.204523474350617,-8.703159256953118,1.6716351894583301,-0.4518375781995584,36.42133376137519,4.1542128380754395,19.951898106241206,18.09552596706096,45.76293521716482,7.629436687203538,-33.103429782454,-4.936316059460187,11.020775834788614,29.652719557072334,34.349347881372076,-19.273972360615872,37.44458168619799,-1.7840831238948687,3.656475921607882,37.09118132682034,-16.816608464728805,-7.299289745842743,3.093567358821282,-30.472297256477272,-15.834646305691578,-9.936092858594751,-63.659517209971234,-38.78449887558973,-21.98424976978879,-31.26122420940012,-34.96046442993011,13.717091032028979,3.4855044638865085,-17.216015763798104,-4.468654962904181,-31.073527716160413,-4.983722174811762,1.501833330942994,-16.00334082154194,3.193740776622397,5.00370481180344,5.410643109388371,9.81367548432226,2.1440351980067245,-32.154528808427315,26.33443801410318,30.688302417688632,-22.333535347589983,22.061679494539224,6.493898135574795,-11.368213540644536,12.641302605601094,-1.8974263054174365,10.795137595851536,4.04370437391795,60.45116282092268,-8.61934503821398,55.936154802455974,-32.46412424159823,-24.61882077331201,-23.300316556075703,-12.900198110774364,2.6340139966879335,-12.465767960775,-18.985342777814168,-2.6953498178520614,46.45595814540984,-23.940406032539187,17.218878117587366,5.743660994994393,5.026560384846982,2.618314914081095,-15.56992077095359,-15.686539462395363,-30.12829467708557,49.744921946579105,-4.39631955394605,10.945144634174007,27.419937981772456,-5.47002831638202,-43.30806863415249,-8.737183930304838,-34.09080305160511,37.13093743597256,16.7461521827546,14.70747206680474,28.0989604470164,-12.981938957140406,-3.0458168185877734,-24.810541073033633,10.387716577107678,-25.47244740960657,-41.24066732577039,30.533556224087178,-36.14765226390168,-68.753516633729,40.904138760866736,19.02757116153562,-26.531616946931443,36.426821581396744,5.87671237585475
233,-61.986520579090566,54.912032104690454,-5.588200885508501,47.802899637685954,75.72423866277612,-43.915505964989386,146.73183954478887,-95.08630490941071,114.74183444434303,-34.6187174359942,-23.033346266746605,-21.147185615333186,-39.90303058146937,72.23817059937284,59.69576628378129,-5.743966960425325,-5.502553802456401,23.53588403501852,46.57629035939905,15.608533836127409,35.941603159265185,20.940645172189495,-12.162358837593892,-28.798092392844477,-9.373132442044117,25.934692847367522,90.942770448106,-43.64244821085848,7.028704509852252,-0.7171647496313477,14.15246951690881,-4.135626469749616,-98.73619530696334,-27.255320503855543,5.386626833237236,73.67773068436432,24.545619177661568,-76.66576918985858,9.688701956171034,3.1040567029084225,15.251885524368666,-56.68495941488974,59.45003510966415,4.910374463279813,-92.8932437215131,6.725690332702781,30.647636230530022,29.602273871590473,44.73658838661335,11.78262495474918,-67.41422429970538,10.993035297961171,-10.453494980344583,52.3834447795708,40.27435120869861,12.26192858504527,-27.090165420361757,-18.663109436711462,-123.02334545704943,-56.87295028973533,24.31590681201048,14.697845829338783,58.61692457055272,25.86669708570744,-13.427854977743726,44.621703276518694,70.27789153239989,-33.7847546939053,7.385755107668238,0.5149827676380261,27.556221273970632,-20.54470685614694,-8.77028911167872,-4.131972842788403,-33.5662656827667,55.48877369089028,-51.8556194870179,-4.529677078685349,36.88170331805928,-134.46367356811677,18.79454205582339,95.26012084080143,-38.817213498660635,-19.52499338738928,-56.488406545892445,22.617171825058517,64.99455172333964,13.740872989327052,28.138192192013364,97.62737192708298,-17.00524436596686,-5.576710549232963,18.32943508098195,-67.63714757632978,31.15294527282925,79.19997563507803,-35.420707274936355,23.199058536267255,-117.05613256310875,-102.55112215074907,-43.08640779986531,3.3595883629605923,155.36592557156953,19.584636950203095,9.206163126573855,29.530999517528784,13.637132466370762,-2.71323170325471,17.961970701545052,-10.258871496608482,-60.57868523190697,108.73135298089406,-1.599768109856866,-20.54836241804817,-24.40769891049895,-14.975126925852134,36.061601327506956,-52.891955460385304,-43.511758725771024,-69.8436811825038,-37.11568668270451,-52.0888856496417,30.889229575625944,41.99340332610499,-56.42972568685346,-37.080521774632246,-92.30940133368262,-91.46120271410366,76.72073516164627,-41.56459690498292,-37.31663219297453,76.57458664669753,64.01351806243758,35.288052810762345,141.11628530226972,-1.5985574555234683,-14.801634445354777,58.35504022382705,-40.91267422784494,37.75632097421798,23.813955235430775,154.0801194980083,-110.03112628485762,-62.20366300662292,67.94670090625172,16.641313587638578,-2.3763919526824036,21.794976560593003,-31.80650480855139,32.72336360752608,114.38152709683618,-38.95215412046984,-2.498097565177422,94.01806355875377,-32.3492013929608,7.529023504964295,11.03259867316649,-144.60896865349912,-13.66508543322067,123.42772236895823,-46.359389724969304,54.276958155299674,-7.203902653021613,30.845103581407013,91.22401695991311,0.5994421600545762,-48.656986477037655,-8.526430834045886,-13.887146836950203,-21.334274764320014,-10.14716578952618,-33.922414227334166,-103.62043425511223,-126.75617967542053,6.0490981338264636,-5.094790955675952,-63.59945322690271,50.75736804866457,0.5819317083959017,83.04460992190246,-23.851074012361003,31.434478204537495,85.71797569189003,-3.521893993439097,32.93737805731362,24.111504846368888,34.15864669457841,-24.21229014048528,15.539559070824156,-59.80115151973498,-46.81352947274508,-42.867903947651875,-48.05782838255451,-2.7200148866471183,-13.04989793926273,-11.170247188261762,-18.466542530032267,-16.05504014685017
234,-66.44273691277984,70.96724512229883,-10.406682778974588,42.73779579983936,45.233233051513324,-7.593503205478273,67.65500270942636,-18.273928579790894,22.050523986817883,-18.808985155251754,28.85512206674182,41.30555041631171,-63.57164234116331,-33.9956869495994,7.934847461789892,-24.653107400970345,-3.2663636240186484,27.457511464522966,26.732187261523883,-8.963504687984148,3.1300549413923147,10.323396585311412,-6.248271053729739,-43.05030932676213,-7.827472980035765,43.906505074115636,-12.437206119071082,-5.144280683633255,29.582167440623078,-86.98238920356377,-15.294593109432158,33.102697467713405,-50.21213875861587,-40.206342660261264,4.896383633749103,-8.110424819183772,21.853704857038903,28.297451863122536,5.203212536314329,15.185132754981428,25.454860364285263,-9.637129898765263,-18.43685592345074,11.692575721614373,4.066490696116576,-18.199430982659493,6.691063850514673,-11.462995508156004,18.137426266416742,14.488522930906896,26.64394243623329,-9.322850308984888,3.110544017370516,-33.318463698792286,27.505513597281052,-35.607173696224606,-55.56212763735747,-24.393982758815223,-27.008267992203155,17.400343376998144,-10.183187622629326,-12.849682679978619,-1.2935951100678054,-18.329853664292727,10.248896755031573,-32.03409042882863,-30.055751948282847,20.14731987445362,-20.291501745372194,-17.728470720614197,30.71792549487299,-17.144434949104813,4.839658394165833,19.59101784907739,-12.45052644832137,-3.231117288603087,-28.09033273575404,-30.708576973229647,-32.67139207639482,7.930665289043187,8.62256608312403,2.646099990970704,5.633561703574476,-28.375918353706467,52.99979591428458,-15.613906256294893,-77.45554619814297,41.68909998724365,-25.601657313215878,3.71762056322577,22.595879352906984,6.139508144329975,-20.894684385489498,23.386736335610227,51.822238320709666,-2.5142157799002915,13.621765434611948,-42.85972679917635,-18.015571716107903,26.173710801332803,-3.969999374954287,-3.8616408628758787,-7.584628348446944,34.63986142993408,-9.16218435975864,-11.495053072875516,-10.295316852824799,-16.08175473971438,-11.098106293426481,-7.985693717628403,-2.0222482274498867,14.086129285671305,-13.717130299467314,11.143721212009472,-4.029104576235511,2.3318982799117847,-84.28238062178409,-30.539730039817364,5.0291845548578795,-6.494595502064677,-42.93099772204072,-6.402984763456079,-24.172329500579004,22.371208605223014,-11.80223533765107,1.115035073646952,-12.799569638348437,17.581798455576116,7.899029254229401,21.355387163795413,-11.003684935478509,21.57488910192112,-6.97502123684622,34.13744722684733,27.209199455437176,-29.35890484339336,-10.69834439103793,-3.803006076674217,-40.157146655300295,5.847941687694027,4.827787557641275,31.06191012434945,5.57981496484791,20.598299178625748,31.906474674413467,-14.611239072290767,30.625378808333412,17.09568766396669,28.255685072409012,-2.950571408419984,-6.966150887548466,36.07604903263022,-15.477411052187103,39.129802273308854,4.137122676566877,12.637471432156222,12.96561137548413,17.36547935302101,7.85741065943651,-21.897192863085,-17.792995671192962,19.533469554440902,-5.503808991972737,-11.54679529057079,18.580552358574444,23.464801842868752,12.2830564522075,-34.83473247506979,5.561806580796111,59.1708363070195,0.25245334253430923,-5.782433938964266,38.65007567060346,-2.8318636248792677,8.531755030545378,-9.878107577855676,-55.0595009883083,7.974291639721275,40.98504770420047,-13.852141493930613,-15.716295662350003,-13.177923760177478,22.93892444150302,-17.890842723167257,27.502654404354278,6.525698104175635,-10.46504605053156,30.68281768589102,-5.155169054674511,22.269701547092453,-9.7240948044649,37.23063045790838,14.789855477244872,6.5222928532254505,-49.0110463774574,-20.809808480462554,-24.24559366622269,23.575867463742437
235,3.684786252763762,-73.9558404635049,-66.5501696247762,-124.35076812719427,-64.53090468277081,66.08952537046964,22.137731589978266,-29.435029959684975,-17.337132630007694,14.190133265168265,6.265737535249196,-70.85463337721784,0.20700577658839975,21.829436109366533,11.518258429805798,21.156018319357642,-19.78741128731601,0.8536396649653293,-51.77691333720198,-41.41761740586434,27.7946392127039,-10.923438753665781,-25.328546293922724,-71.67599691198983,10.004503318784957,65.1842127329602,-19.947242250973822,47.855482680603245,4.206724978317081,-81.00047090801677,-23.747426072939756,75.87266510417086,-9.274861188674988,12.801222255127385,-10.124472906326204,-7.644238589602879,-6.753539644378692,0.3793739767007498,-22.096676788044654,-10.162291435576659,13.542523681060414,10.707243830911361,19.8962543580894,16.694022443287256,-14.23104076540426,36.0943903665112,22.3464246929328,7.283897797340376,36.951792300767316,15.115789840643803,-32.80186196142643,63.737066553172816,-70.74466630250407,-29.234911699160367,73.7564718994524,4.4164941808155485,6.5816300797961045,-31.815988625452167,-13.208788865712707,-15.057544337309405,-24.61419436199357,3.509917147103597,41.47653899657461,-22.47787350089639,-10.440153829135303,-10.08817449785507,45.147035489552536,-22.43727731467961,15.018340303545362,-15.769012920743476,-39.25730151116228,-3.160554414853404,-55.546807558703435,-36.358859208505585,-5.800425646017183,11.065624108339222,20.634458573225814,11.913037201320059,-25.423869258420083,53.26578332173275,-4.870354737588175,-40.46237984073373,-50.733171092769346,-29.31614385418728,-9.233352155146044,-36.434045722012726,-21.038495930988155,9.558362471472337,-17.346052023456416,6.785994022789519,-0.8751763671454301,-81.41713134849293,6.162315671920414,9.577136409235175,-4.268804644863509,3.419142135100554,-35.10205554032161,-19.413001826152428,-4.1147391553239245,-23.61513722719364,-5.556449997800073,7.958944784705953,-34.743425017450775,-49.10608633558573,-32.44001687907694,-27.385798254047565,-0.7260361630718257,-13.445374982056833,-74.70802444079968,-36.41966634442145,-3.3308121871325893,29.612179367258427,-3.7073907030245095,17.231074478458442,-5.492744927818052,50.560840947332224,-16.51733085937284,-13.326027114839963,42.05612958269573,40.31691679410483,9.388144905487923,-28.30010133604824,-34.79924061757138,8.131029848154983,-2.265800651571893,-39.9778672709277,-8.652493801043398,-20.046618594233664,-15.518133416799778,12.086567494145088,17.395529729964085,-25.221030178900165,-11.878665589792744,6.02477901726701,-7.675448539414384,62.00023982553543,36.435807314042755,4.4764595152930555,-16.2223574425072,-3.53867825816677,-12.282454945426045,0.7610204441938043,-58.57039530715583,80.04727508860312,36.14921775778259,10.521188275812197,65.41822064203124,-17.04311913466032,18.582689508652443,29.216574681145595,-15.309842312042806,9.042568978711934,7.884967880064713,41.80032863716702,70.3265832113701,14.422295129123567,-24.612457305560056,-12.090897521346882,0.6031944914324956,-3.9342171516636295,-35.749094481309456,31.185324248557286,-85.04347537044676,-23.087219699686308,-71.17955735861419,-25.067600119696067,-23.57762027658137,5.361981207643907,40.475226468651485,-99.06125097404382,34.982310399807126,-29.355038851611255,50.10453387248734,31.509104710813233,-9.266797812093783,-43.089705962628074,3.1860512706926856,15.76204027505892,-10.929354660162728,39.90629717992014,-31.046674485931554,-9.676598196083683,2.5815463827108696,42.350171273801,-76.66265288582049,78.60262775926054,-7.281653931945589,24.30994593601571,-3.4569787178123312,-46.993033760928114,31.023830057169533,-53.693628379678465,-9.765370682534591,25.011142618891622,1.834615296044181,5.7849127526405875,24.441870305994566,18.914046069534926
236,-66.12115793960216,74.33240486927168,-9.264301859990907,42.77083403508589,33.44901075484188,6.204763085697528,4.302069033554632,27.704202651398916,-30.86915345122483,-1.3389077404022742,8.597877859913284,46.483109843149585,-15.90859514239858,-47.06975199197088,-8.632050889747944,-3.392371199545848,-8.792571901327173,19.157744499089848,-2.624663831811106,11.747505737010886,1.3906867953457673,-4.865882451316224,-0.834822209760374,-31.070624281498453,2.270110102958748,-0.7723608932324495,-52.30468385425209,-9.518755697151184,32.826242694466714,-39.30460750313796,-21.003936681214007,3.8808566051971756,1.663960266384566,-49.79477269278705,19.04588312534848,-22.15490476779478,35.31553526805137,9.528187161864322,13.9480627626461,20.537158353198922,11.212253115242067,-7.393061660507033,6.829860834219821,45.39057404876316,-9.394768291239874,15.575692592843671,17.772165199768697,-21.084845682776205,-18.10541168241802,3.4277622143644377,9.73419637602219,14.599789551455988,11.910645808610626,-12.005381277391063,22.434031918844084,-8.613451118349564,-19.688666685316914,-12.800070554364808,-17.374056929406393,-9.981639705741822,-2.4854691267424265,3.576002165569449,-6.473760129683091,-13.502822371706653,22.21321942040811,-12.880944383577589,-10.454612260802001,33.211998147027835,-10.267283587333173,-26.96764178969554,27.79768864072512,-17.533232070716995,-8.502987425578697,3.4633238723896924,11.131305164685797,-10.34691594661259,-35.272413687342365,-17.893907573908532,-16.48383186269909,-25.620765022114046,-10.306440778846113,12.198988172731374,-12.600297617656071,-13.613235941739083,-9.076946335375554,-23.96906171249552,-13.754026508726696,1.6347706935823427,-1.0834007846448706,22.81262910333043,15.181694918743803,-19.838186965759796,-18.871432283082566,1.8404090569256149,13.08768959428744,-28.326458330740227,3.4777413963759773,-8.692068160035753,0.24002025095713775,-6.231138095592062,7.879883638282575,21.60693807655306,9.584504972296358,7.4069059992127295,-30.742028222560098,9.103554153050306,0.5363058069919262,-23.098663967769625,10.997337090559723,-30.18284825835947,-2.2290862917911447,7.620961880281561,1.4389504130700814,-10.817962323589885,-1.9626152062167468,3.748658709644385,7.082727122247813,-5.877136926154149,37.021735984352276,-15.464169679694743,-13.579436887341355,7.977389854044016,-12.575281980709539,4.295322235173097,-17.445512031932388,0.08177121549299798,-3.7102142551467043,6.855871417908781,0.28969437470484793,8.209848579061166,-25.162928546775454,-25.47391635142416,-20.735747566575036,-11.996967990296302,2.382984574067806,-4.613799152785267,-1.065915907874092,-3.3480344747856745,0.0006393955829204767,-5.072965315730986,9.011468069570652,21.86348102321016,-6.910218007533489,29.848331796771376,-10.21801117411929,-4.021984340031378,8.113102314431114,10.847054399098655,-8.946809344002217,-11.97223580157143,31.13875008953886,-9.250812558791097,-10.677001619973064,20.686893260350267,5.028301892727265,-6.448174679025495,-3.484247345589852,11.34789036090893,10.36969548546171,-0.23255382864244478,-35.47711603278847,3.0031253052075293,-17.74497243940156,1.4635805697601483,-7.614398193075447,9.972583820532856,-3.7963732285205367,-20.304646530953526,-3.8546138312223124,19.42766098522215,2.9325540864942523,14.967749604041884,17.574566119577653,1.9721134836372307,9.712375485991958,-13.151492667069107,2.9821097717534744,7.125153185760022,0.6387828480274839,-33.30436322351686,5.7759076438934125,16.39136578950406,-18.283609454682082,11.348469567416096,4.688890285654324,7.703447866456633,-4.195885256718774,-5.838338138285512,0.35059481176596535,17.261813826806392,11.019530623849684,-4.055755865248101,7.971199473446575,6.876939756812669,-17.7550512638527,15.215092325744697,-2.775183483722557,-20.3660783616779
237,45.2053010365236,-125.8087483787899,-91.30388162041073,-170.23041849795845,-110.01570274787666,84.0116689809436,-18.54783442973394,-31.117374935063772,-38.34432032945119,-0.8121040305893673,-18.550807558991092,-44.48091911068726,29.53480606281646,-68.24032112214208,-10.222892388152902,21.08273974525388,-22.02051947352081,-33.19878352545097,-82.06856797221954,-105.28720057443412,49.50704415906927,-15.2252965448814,43.496181892972295,-87.35271724749241,9.874196258320122,16.10889601463612,-56.27866488603523,-41.962126118824955,-48.82513849962708,-2.861439329312134,0.32763246044232497,2.7356612513034992,34.59029453985134,8.213495556366055,8.223405157657874,-48.05789574698522,54.53072782063679,-1.1489558577826269,-32.62633652594164,31.417297652765175,37.48489617913918,34.21508463634818,-47.32998986415363,-6.66503744260115,14.174654322365404,7.269763874271185,26.617750738334543,-4.240358778045167,-23.99870834008221,-55.2689112180899,12.039429768441746,-64.06931205162854,50.61313375652685,51.94140687610379,25.793413044368013,61.083018409221374,-46.88588904665807,37.4484022452617,-71.95887332164178,-130.90359095813642,7.821868271428923,-33.696264992658314,1.5749988807753716,48.033461069231045,-13.24284421260862,75.8947005941249,24.364017714847648,-26.52116716035773,54.49073776916233,-34.785778846550876,-21.51473877346616,52.1997067776257,94.4304052597532,42.79912133907042,-46.43046242687344,-12.185870515831542,128.3774044850914,-48.72852575051776,49.634379081920535,-34.49006942605934,15.049596366944877,-30.12488216328928,87.12655310682203,55.284065157622635,40.46794761498927,109.00662610166509,18.744662490276948,38.75102505139518,29.15327797554468,50.70295417521249,63.13485628344609,-51.24099293691529,-38.97799791373549,25.86016958554509,-197.0044975281127,-77.7456969525946,0.17663385777242163,-35.927001722840245,-38.85333789767817,17.799834559491433,34.27989317916199,77.76757953746396,177.5596103407442,-93.65897114044134,-15.136007641839107,59.9167545498459,-66.61640979967893,117.4101770265004,15.324601076339944,-25.944948890709377,-69.55451342383722,-22.757334928301525,147.11405985439532,70.09132578349649,78.90628855431058,-63.026828889512544,-9.285354221055943,-96.8086934126306,21.279281138762105,78.83227330281501,-42.38849596169315,164.37969672593846,-124.159872058263,75.00493696361004,-143.6981499510225,-50.41675777004212,-82.83327015341081,45.77650941648751,33.00946392823191,99.52805286987072,32.895171770745115,114.28073920625394,-25.244731373378833,75.28730447464157,-173.6030696540915,-24.572847948864162,-57.619696389631535,-118.49593040388456,-60.84012392057089,-47.76151015931316,-3.406279666818821,21.16518962074858,18.887214900962363,53.30147017911233,-72.85908296173123,8.86422755826693,27.519637378987614,65.21094690281888,52.373096944891955,-74.15486878741575,51.06732901426122,-93.77126655985988,10.830338139847436,20.553789129961263,-45.73609913037896,-6.946774890237969,-64.5663646092672,4.6452862406997095,-18.370619837827626,-10.790496107013245,-38.803553676965024,-42.0884127980644,12.084038874616073,-28.671010978621077,12.394996221184783,113.54889309047596,57.302681540886205,-13.191920856271647,-51.50262616289069,-25.26053737619037,8.665957807663558,20.0648368601916,-29.650648678986148,-23.355720064233708,13.615481873309625,13.459163536100057,7.109121379303996,22.54814145305818,-5.1705131460232305,-14.166942197896612,3.896993241906548,-23.80284101368081,4.907201365076283,-20.14047943464248,-14.653256348484527,-6.727447318401639,-39.87278882339813,-6.867193068449381,-5.925837880437354,-13.604961454838287,8.647836493014278,-4.127399239468235,-32.5934709803083,34.01379746487669,-21.53686185874454,-52.74618093954135,4.293053676216925,10.989603450989708
238,-26.057722536673253,34.75908286415132,7.20435262572777,45.35108280744872,-17.705342836447045,1.9973047654328353,-82.41004664134475,48.37850086898258,-42.29811556920356,-3.652162260009835,-15.503626751871955,60.18837261017814,86.28763352457588,-29.900811360359604,14.840207952391259,4.790158255016702,-9.84147081609945,-0.7433975582187229,20.84636603847055,65.44122497101041,19.73927089581443,19.9363817706071,-26.33756908512878,1.0662114987888378,30.14918940208108,1.8619459029707226,-59.57273477027053,-20.344316539294113,27.556443033301324,70.46515015252513,-4.117677996218661,-20.143417798962837,11.253556525831877,4.15867359926411,-13.31776883881114,-67.67185805741443,11.955453545610348,-10.280107622391856,-14.692984998706992,57.2377497465631,-50.07578957451894,44.358395079486165,47.49161953588161,-1.6934292756365452,18.189338654169187,-9.896610808433277,1.2397984628362075,-16.039686262113253,75.70058242018679,46.6138385917636,-72.21803087996315,-43.035456733067186,26.78640519354222,68.44058269865909,26.7418341850181,46.64243763683401,-61.19044126504433,-9.93662388673986,17.76262310451784,-11.494962372262416,58.75685011605803,-28.375506271862957,-31.530814355247106,14.446935679664215,7.684087610613801,77.14736542999349,45.69350125394823,-76.78291877368888,85.43292159225395,-15.265734178904719,-56.22946548788215,-24.277946989816936,10.74975204317289,-48.80602065324675,23.875184030795705,7.783996473814924,69.42092610031169,53.29481919849319,-164.58504667742181,9.552945654972833,20.898031084025973,76.18019878794756,-90.7454436346082,14.327559766296512,74.85580966020102,26.04971581214306,16.534517025180637,5.502777889283415,106.43243371373178,77.41260477800357,41.11431578543859,25.364284573193686,13.54005892301428,-84.75264506555504,56.42421565423026,-94.6378540189277,42.03727358626525,53.85100525158308,6.3335514022952,-76.834144065814,50.76760441914227,-96.14279402276622,-1.3991168028341485,-56.275729215134966,-7.506706063496495,-0.8178386314336873,7.283671870338179,50.17789317034929,27.957052661208195,144.33032966830365,33.027536662400074,-16.65800830128516,50.44951517079082,-2.543777499301737,-11.387668634363878,-89.53990341613215,-49.04908047307912,-137.2358119921075,116.76485199352948,-10.679254674335672,-97.69016780227794,-0.486728507269265,-63.00716754302967,57.845658113311885,109.33233758732113,42.80513675937698,114.7506902624048,-41.603169414403254,-20.136778914937974,23.50953692044001,140.35457633560347,16.121277514453027,38.97691032505912,35.7327545174183,91.61562593114984,51.13457440269315,73.9854430840701,-69.63596334853064,62.23501329260958,-32.04598707330817,64.24029272600625,6.845526850366167,28.791629269440627,-15.467684965371324,1.9856257332812706,29.662469175713582,8.960943405564365,-27.160897430805882,-0.9915701752865793,9.631541137656846,-104.01465312529086,84.9845525143162,-132.58387461132833,144.37089100750381,60.25811468975226,-45.55638085330809,-12.143203017837118,-31.703636226078913,-46.91141844018708,60.125686684366094,-27.341626020906183,-21.629420540777243,20.332397975699834,78.0969179273105,93.92921569391389,-42.132086595886165,104.69839549413194,-48.11507931519347,24.091793126108243,-11.01877897837446,23.061810881505675,-72.76164252542034,127.7532147769258,31.279003176469743,8.80019236239621,88.22925683075333,-15.593973771946262,74.62320772545995,-3.663471063861487,-31.3527082190909,32.365988279083105,-45.27332184002447,10.943875917063318,7.400164764129363,-10.455565272206812,-33.12476905437058,10.824391036215559,1.1082122730526596,19.35104990959643,34.97975823441704,-26.565332064135983,-1.9715608873457324,4.819214094183022,-21.49429412569067,46.38341409712902,39.89654520838973,-46.224715123989476,46.917196878988236
239,53.182828096176834,-135.96182935831203,-83.33884821350007,-182.09254852152807,-109.71516426120347,100.33282146632475,-28.80060735076948,-17.089340075127126,-36.768718424435455,17.2020278033853,-11.071235335367216,-57.78299519150824,15.890196312635458,-50.70285034603719,-11.755163920632615,-1.6750174296406166,6.145540924991075,-25.5254678384218,-61.20191168519051,-16.727625535617104,34.27040878601413,-10.030708225073639,85.24684776576444,-9.28291247971533,-42.199252867872474,-55.52766825110621,-38.93983070675966,-21.08394565737719,-24.233639430838778,3.706949515700791,-11.57746432263225,-26.403620567680125,47.1542617897931,12.075217007264145,36.69401335309326,14.249246936896938,55.17539598816696,-4.399622744510286,7.646954164133291,14.805588714939727,-0.8777168026989495,24.439777950772033,-30.457575810072434,-63.48027116929056,-39.75807074203392,-3.989870494063179,53.436013415008865,59.54034769865491,-49.67188108468744,3.481233136634282,93.91156860155513,-65.69706110260799,63.59762394769085,64.99954198815175,-82.95806714965975,37.027285439831864,-84.91925766116853,44.53148515116303,-6.230592932687734,-19.200738510697303,35.0336047911468,-3.354978711227249,69.21468415041724,63.124366072812784,3.818779615683283,10.950808961436518,113.21950566471872,84.69865346232214,-14.206888014395192,15.476578790579325,26.78840549706153,-21.604156569853085,60.60520367240499,53.298360650833466,-55.65405057905207,-25.971889288234138,31.885673438567693,-56.051889790459505,-9.486644366322945,-42.136735679783996,-145.72642886975967,-86.83871074776381,19.86019481185298,91.08011136200349,68.44577005369048,68.4727967649528,-161.2825398349319,52.96122425689802,-59.019784690514875,103.85543069520914,-85.02903455341536,82.80852826857632,-64.19310384533007,-20.190080794344208,-9.951208366428991,6.438187949651057,-37.219831596015865,53.04492080151466,-24.28680759106371,85.0980292317119,-74.26908401559733,-35.01248096323482,20.955979973611296,61.22300038062461,10.692703590039097,66.17781755315885,-76.37772175817935,34.59549907570317,58.51296976572305,38.64647028093683,-28.675154655862254,-15.181521948866173,182.21482653385598,53.22587650359181,-88.93515958573234,12.481828413905363,99.47814801805437,-7.982505738788875,-45.87280464304138,-13.65623538899288,-102.73566812019605,-68.44135278426353,-102.17693376648036,5.624457520843339,-6.0739437256865365,55.840934295971266,-8.759431497705547,0.9155338736982782,-170.6316932841707,-68.50511005332987,-32.89643124514894,-66.48921672225134,52.96040202493475,-30.559528435989012,189.6294895482076,62.616868222691075,-55.2327155353114,70.13514836924799,121.81128587749804,-113.79147136255591,-73.96378443271996,80.75882120883276,80.33779460987795,129.35716276929034,24.563986654725497,-65.86944204072283,-42.517709146537584,15.642398859093905,15.73719943102909,153.8980584855945,-66.56408769553528,-2.19280947313596,86.83996858319477,-69.21195880784316,19.837820187279245,-10.888272924950668,-17.576909708290632,51.04014241411419,-71.93289490520274,-28.336753775445473,0.9764464677971455,32.527286076692015,69.69052452951681,-48.40669095955436,-13.366571948523895,-11.537621478905312,-52.10176196838179,20.5114272750374,60.166471754580755,-30.93958141684019,-16.848305992202363,12.330413477837999,-22.4798322108939,-9.809874250451402,-21.68008498594036,22.375827206129483,9.317299161436887,-1.910330288563198,1.4519489125017866,3.0802416760451106,10.95289821930599,-1.6953040189534923,32.51533105326068,4.823170036224532,2.728577726552914,-3.042907080903589,65.81212293960873,15.174689642930542,-2.284722347432652,-18.221515187658277,-23.14441456524467,24.93318815102866,-3.8972432979942586,58.56838348626386,15.513034690589969,-9.453331304211014,-4.059957512840228,34.64073266982919
240,-66.45515734735773,76.32600553299065,-0.5621338012494612,53.20942892868803,27.91544789864744,-2.446948310396387,0.2638831573711218,14.601934131485606,-35.271436066751704,1.4311010927044152,2.8640468590050965,47.03464435487234,9.689741509995036,-58.943302513511355,-9.071289837001974,5.9140707877839755,4.035166235981285,21.000900675890843,-16.715512708619062,-20.122927725813835,3.9279970989896205,9.676566782967617,-23.288910925888707,-22.786332911714958,5.465262432215657,7.382345938013112,-61.07389132012654,-24.36384894021407,23.07966990806134,-37.45867375407248,-20.471975253004977,4.762213012148119,-13.034350322458357,-50.31424931577746,26.052362601078755,-12.457812134988615,33.08818627620722,-11.988951848124973,17.159114995500907,31.939472290921984,2.01516608849865,-24.33639199072409,10.917319637425509,42.82867340130952,-0.663362904733015,24.737282349312654,15.935874794414241,9.526773116839772,1.4025457696639378,-18.095150902572804,8.716814225602993,-13.529445574127822,-19.465337668560064,22.147710566678242,-23.642838884950095,0.946395875756975,13.5402617545865,-10.056445843150975,22.462190593325346,-34.5762203025645,6.251922971190073,-4.379910681204105,0.9509489244743305,27.22160917580605,-8.898844041234995,-20.332349898801358,-17.043597168202968,2.5797051408977696,-45.13022255546362,-14.506738454900773,-11.974073386890733,4.022976738114182,-2.9605416912566715,-19.433581614706174,-6.368498543113928,20.702958770392428,0.013652026048314891,32.032272542789784,-4.9756783896693175,10.58098684080652,-5.7533262303081605,-5.858925728194321,42.5586303389939,-28.133745599721202,21.748294048493168,-14.142625199377544,-0.47551650041430604,14.338842631929452,0.5203486598761151,-4.2615967809642905,6.158870566053866,-41.12292163110386,-12.998795210297487,10.723583698352378,-18.080774726528507,-21.70675589369221,7.889702738176768,0.6113575129165454,-29.66594000675715,22.461806721042777,6.897847568320664,-13.430455257533797,22.431126360295977,-22.81254727581198,-2.070978967467882,1.589106254214712,-6.865564941658952,9.917152518111335,-4.421580006899049,23.01074893447116,5.683340587812625,7.6794286102547735,-35.085579008765635,-13.305405454872394,1.934635456951265,-11.677361096358728,12.667197502868445,1.3433240807272295,12.229071014405882,-11.71333904597858,7.0885617931590685,-5.22492875291892,-3.6300856014566016,-8.143656819575707,21.405979035864792,-3.518358877629212,6.942368732857412,6.422679755657009,-7.3509579677265195,40.53841008857753,20.533312787896396,11.737066503093518,-3.7583824807310044,1.4794491596799235,51.860002703973784,-18.18763378251274,1.9579748017807523,29.102619840928334,-12.487431794545378,-8.49755768355909,-18.654638998321172,-37.73300767756692,-0.2170735952936862,1.4485038796994396,13.280371038410964,16.365486941325543,2.337643986966338,12.590859752779267,-19.028823894543912,12.609170581637258,15.889532866025348,-8.05346989443125,7.99994306582681,-11.922999285568027,3.5855728622245175,4.69153279528101,-19.740018599250174,4.608655172485324,10.68940420873474,26.07585954967206,-12.595132703667943,10.220261541347698,-4.759234015153098,-30.8856131959971,31.54043112157369,-16.778727908407248,-12.907774942933866,-23.720074828145602,16.361438572074775,14.622252565672849,1.3300454505848383,4.6760040310124005,20.204281757062116,-0.23077877167527172,23.03198332622038,36.651944480641454,-25.29940641330742,-25.641326149030224,-19.01471089175109,-10.316138247114031,-0.355604646571693,23.906936358317356,-30.280914617311556,-12.027795094376406,0.18152350639320375,19.88275834602674,14.191998700657736,28.530386753536884,-1.5631370484723646,-21.140614147112437,-34.81488840354243,13.493236075781336,23.49942536987112,-11.45852767512504,-2.9224184198764322,3.779636711114134,-11.778271200404498,-20.703771624077476
241,-64.16505625018355,80.57455714555671,1.4816482141191736,74.24323941227607,65.81385847543483,-21.217232232894723,38.704773375003874,6.174755613736019,18.713167552899137,-35.70636881066053,18.11543395607058,95.49715418914668,-62.48349880745017,-70.33661456788164,-12.421300952403044,-55.14986455075166,16.03460560080598,-27.36269121874659,-16.59954828901626,-27.577945799441572,6.1574145255918165,-27.81858971864892,-12.230046077202525,-15.183285123212514,-21.130745692110818,-25.783131587083602,-2.530833084472794,-41.3177503024455,-2.168101219794946,8.446462170056918,29.79525684982521,11.290559920486693,-26.704330406103697,-6.666863574561214,18.211122205531392,24.717738094976557,-22.58039281284609,-19.41933820488493,15.72151604318266,15.453452731237304,12.232073925201483,-26.697130594096233,-14.16541853734963,-9.070908613174716,-6.3286927282404575,7.674024036995659,11.555971214093931,-19.127786013648436,2.048658595438897,-3.4412508842310263,-3.0212576807580915,3.5368517979054337,5.2327153416292855,-3.9650868069027467,-3.0158876438037914,-0.11547795937098254,-22.742818583830026,-33.48627419689519,-26.100063084022207,-16.156438569749508,-18.324278087850274,2.510884200372921,-1.8315847926603275,-22.590107519671367,4.524504931888375,-12.93884036445398,1.0663589062318293,-11.558474931991855,-27.587348705870514,-21.10818242706611,-1.2946599345973433,-18.1611134698791,-10.648095153663855,-18.341479923692766,-28.328972288929243,-11.811199731566552,-5.979145638299486,5.772192160762314,-30.14600945651812,16.803257103204533,3.990731306668512,6.708908091207057,14.963248831849606,-3.9853797430403137,23.678260517716147,-17.83772846283549,1.8205241150657414,0.0006297807754907514,0.22529431000657008,-5.6212196238944925,0.9588173934921664,7.904456896469592,-25.922822473677996,12.29133305939372,-14.012989379986921,-42.00280966007878,-16.106551574826952,-10.568445020808623,-9.878930686808483,-3.0235508237787907,8.187298929630082,-2.1187711557217628,5.532935392932962,-9.750637420989332,6.024701488472623,23.165745751910677,-6.669043239671181,-2.142528523598187,-15.979202056550577,-13.402140441079894,5.373991657277542,-1.127474002695248,11.052180875009569,22.143827848165117,-32.3651294963041,-14.982352514951202,-2.296467972853299,-10.647492038861804,-6.7358075376290225,-10.722323136570402,-14.599861183374916,-15.828799119579267,1.0946603137522717,-8.519678406021267,0.1386717925017455,-18.27247359952767,-3.905325077509628,15.830846769989655,16.022796467099955,14.166830557037022,-4.372274917433724,-7.537097087238582,-12.231173428695095,-2.259019369782343,10.417300687233269,-25.789979123611896,8.357951412852543,-4.070041985060946,10.371281739456938,23.750931052571943,13.561785785620042,-37.34467524496514,-15.153132668081822,1.8217205256190017,6.452632745569543,25.370642971523793,-6.543017119648908,-13.062635306984992,-2.6018823562801576,-13.118658394975707,4.797531435412152,6.244543267578097,17.127743499856408,-6.62494345376794,-12.178428780120974,2.0244170828014743,19.331874083386975,23.34905150125958,-1.560571313282909,-10.29362145533039,-27.650855160111693,0.5659547404119986,-9.9636947094121,-9.621140432569943,-10.67988580904821,12.412230069613868,-8.417544937113403,-8.979359023572899,21.015884837447974,17.355284675644043,7.802051684532268,9.988889742764817,21.787007243088578,7.047976501591519,-4.95612751659333,-0.8293395939810059,-14.491643629770582,21.293271766182933,-29.422783717431106,-8.373903189743505,5.527585274848032,6.27174718883871,1.0817662851169898,7.77056698694626,5.208090027636905,7.764519697834708,1.5864621556727727,17.323275575787584,12.108993198901858,2.2459190181971107,4.632190623050363,-7.7206127856825715,2.454145975297612,19.61222530537194,-29.126590483454592,4.889717703449342,-9.881348414757303,4.507895839551387
242,-66.36668880813752,88.10911563994583,1.6920849639245066,73.76078861888547,48.43529455374922,-13.033919100751678,3.5065073707391403,36.35663583166005,-15.763948708261438,-10.910427621776197,1.5642098071600818,70.3038922243222,-43.10938464169259,-71.51759893826973,-1.0930235914674262,-26.7321804938597,7.6735404050666105,4.407574093547032,-6.894240624265422,-28.83984341444888,37.92153030093669,-16.276024091348123,3.720005203177575,-37.131734272142204,-6.018246787947966,14.67870124005734,-20.43112660628657,-2.4518289782300995,-6.954504667301668,-36.695887562006455,6.493174500755949,17.435561695931245,-13.52566314754203,-20.943352045631034,6.546665599284551,-14.790239929144564,-8.270709767599298,19.862249146696236,15.495917022878094,7.572776904512734,17.705008607759886,-14.259400511565644,-17.879269248657785,8.493002988389144,13.371547457186692,0.9143962760995237,-6.018036416401992,-10.62569614577988,-14.958955974452659,4.167144965294057,-23.000892964519984,16.981038384988665,4.585315195714353,-26.8257063934088,6.459755150188192,-17.12399743340918,-22.54763395248872,-10.282583455032645,4.394374659513692,2.4789624740803573,-20.14026350697097,7.912349630902867,-19.758348555411338,0.12996501532702148,-7.7751041432469945,-11.091387972970605,-22.98316350313448,38.46401561876409,-7.81244479481977,-7.827902631517796,-5.7524856631141095,16.85235313072771,-2.5005446425403286,-5.099464014719573,5.770494086276744,-13.86162588433761,-7.789895352477602,-8.84972347300889,-12.40284932192819,14.779207803998275,0.3432744184732071,-15.47025345295217,25.09955155377429,-13.17779303190427,21.495702809393563,-14.566012224193033,-3.3802864506706958,22.16508722508889,-16.29191253309684,6.412421380420265,-2.9901059638824528,0.7414675637456369,-24.32685525565993,10.981560376320346,0.47324553489732374,-21.07005598124627,-17.344814916577622,-4.041232590327659,2.618929117764101,14.760232744311235,-16.099337797195805,5.71686655136979,2.769913659174488,-16.294895741528613,13.515817129199423,-0.33097626216839143,-6.888101791546654,0.3367413904047023,12.735559542516429,-6.061477074156734,25.44049821751337,6.62551282931802,0.04751875699350172,-0.31595790680254626,7.435409192948787,-11.982551605703895,-15.804012881031579,2.171507406938781,-11.891991195761474,-4.393166406074465,-0.12739373239482998,-6.152915633345247,2.48015339461984,5.406937330139095,4.166154578750306,1.6857998070443607,-14.905282067539554,-18.721813400092955,13.983082978509117,-7.725460772175026,-1.4546871326319377,17.955986483619,-3.1681608725859043,6.328441693936314,18.088147668411608,-3.195918576735163,10.989912393360623,-17.793609865126744,-7.377951368869425,3.091650004551574,12.659082055359828,-5.4232537859890515,-10.429529419607958,15.860012907838508,-6.91303013825486,9.668546091058692,-8.032099683229744,-1.9276408285287203,17.896613605139365,11.45076791720706,-7.578581459849321,17.783625040157403,-5.194829889419769,9.11087230318722,-12.708423740362202,9.379033400830279,-4.955969994253435,-0.3280118399108559,9.412283113473144,-15.84828349160534,-8.881328150777348,25.30082818065569,5.387706527690975,-18.272292072782733,0.3847798065642791,-13.530589515842538,9.213344731937594,-11.244821882502677,16.524724682415265,-13.250703067421538,-11.500277734308236,9.230719369159669,8.160977439594049,-9.607560105824506,9.954870553843062,-5.514260798841951,-4.8849321911098516,33.13325507810186,-8.622898818946183,7.771432557470736,11.031616244676764,12.80502659118241,0.0974540654323566,11.768698601943871,3.048949884665583,23.42472290258271,-3.3596985399934605,6.7243690632141595,1.5067713635908644,-2.9397186533336717,-5.954514474235469,12.910613451282407,3.6706505076915485,0.5460741270413549,-12.482800810844095,-11.294165425792958,-16.75565096295381,-2.555388377177921
243,21.458628685022163,-103.92554309218121,-74.14442780570768,-133.30976688919648,-92.53213714045229,48.586919360146155,-26.38640582106028,-41.84640345970492,-24.360668996595685,-11.960519681125561,32.01307575610576,-25.84259819092233,43.999769886956216,16.419921959007297,-16.544887487030387,6.907466198401143,30.9222981479276,-35.083907577318506,-56.89335581061185,-51.83204266495139,-29.861726130465875,-18.578252071845416,-66.25267787459345,-18.362701590413103,55.134724369711314,58.17440193329144,2.2450674180576993,-41.60265808610062,-5.0749141243194,58.117224736437606,37.34677685298499,-20.013368447610585,-48.35921426504298,-99.21272676774592,0.41726631785750123,62.327818557769646,23.28844121627537,-55.33575022082276,-15.302516662668959,18.652893383165544,6.082604621449675,-54.73852641615242,-11.303498649377111,47.13296505538247,-3.895129127772481,-30.25000552848426,52.09869286142316,17.77910847464826,-59.24025843041594,10.251991476516233,-15.984282625244393,38.59022483911472,9.642125727252047,50.959847551458104,-21.494906703508605,-33.07129114608854,25.905865481053674,33.08831382578568,-4.9300957658453886,-54.17924705947517,32.70994635425899,-39.064228932887175,-36.159890969704236,19.34933486491798,32.60999418944202,5.357395739458999,-33.93826217949127,-17.85139912843616,-26.66496925620488,18.634452003090793,40.24745470603781,40.71876230301482,75.90174212383218,-37.09318175054308,3.4622976168852735,-13.26297178689742,-27.146369760156023,-1.1008314433044457,-52.393477010097634,-98.90405977788213,-9.025344961309955,87.58184174896665,-28.537700196131482,4.094959047974342,14.455191515262745,-18.627784727894905,-8.928714487654657,26.284899927446837,-78.29204850822723,-22.469975777036108,-0.6171941312402206,-38.484549100793316,9.153119356330473,74.68348985963853,40.92732666853951,38.34790499707171,101.82451587968768,70.13137024105006,41.9719077083982,21.124724795719413,-45.978422210420405,-40.7781350410275,29.16834193705186,-46.824261541823105,-22.177576713002683,25.507385411731835,-12.578906121787242,-29.331944784052926,35.9796306074187,-80.31092400390537,-41.36978644368553,21.242121744340363,-75.14592358405338,-6.975863518805866,-94.2549749974226,-49.45254054928823,37.52530368953083,2.803697060973237,36.96459856840003,-97.49806598944727,-93.25855392291625,77.29490961870845,95.01581985979585,59.54948125769935,20.7550057789429,9.012309896277033,-4.3067357731210425,29.580168026810163,0.8765992322053702,17.275967836748755,14.875515345081725,-28.379954267590627,-111.88648227209141,-148.93121042645623,-91.35153679046601,-101.33469427196341,-63.62312799744784,62.56202155003778,74.68703611107841,-39.72398613454107,-74.40480363632163,-101.54308135809498,-35.18027545104834,-50.56206506965196,11.126558345635631,-7.866818119764541,-17.011119515148085,66.32815525917084,28.763915370525854,4.091391959795099,39.26147549152878,8.998801578012639,50.95962520828331,81.0319836220512,43.21435514018941,-112.30470007974778,93.25931198340169,-46.58838112141683,121.38092014137436,-79.08613423132356,44.06097851868475,20.941554055667922,136.87514258888962,29.77592384130021,31.84741804799115,30.750796170137054,35.393251249670584,68.65757870794182,-24.600605498973394,-15.939409591534597,57.10621800956855,53.480464561493854,104.47052115244006,-55.66372553910041,32.75604903900882,133.6933976833324,32.33065259932733,57.73241557186397,10.12395688393491,17.157493137158546,-22.339935482976998,39.34925015603409,-91.14634189108577,-21.725763286164042,7.984785494631295,103.36064541170684,-19.166277150559797,52.15529693810193,-41.47603458214965,-47.82173445624284,-23.45916827260858,-41.42646566368312,-64.43309480834927,64.11699091359426,-8.398425150845457,19.054558027648785,22.81517465758694,41.16925483943694
244,-49.99021040007708,46.68203676473745,-11.79015846438043,20.436481774799717,-6.718552043564023,15.187978510112103,-25.88542957427533,30.640356415643218,-56.93200954306564,22.751491250753162,-5.135550416431998,1.1834046965273455,48.2595785440642,-5.248723939624597,14.447427868155101,32.74762663757964,-2.60065301088103,48.0132279820676,14.403296475956386,17.73543349806045,7.445079555135115,39.473136605592295,13.406416598381925,-18.0321097760879,7.536802173060815,53.5513063233144,-30.466405146860048,13.873570903801633,25.366365897033578,-25.621734237041334,-19.644872001975333,4.326827784265883,6.2881111528969935,-27.46257084478781,15.511059475217719,-12.663144080665132,10.208918118886842,11.549952678249586,-5.013388391235357,22.615893033184747,0.8682738487941457,18.584062690979636,46.02626420568127,-0.7701406218495052,29.905518036246033,2.261105784774955,1.3706764532900224,-5.751486327739309,59.75328286627515,74.04790052768865,-5.384448232936079,-13.768104841785826,-3.0728870472266614,-35.09395190420411,61.631831507702934,-35.23064305409442,-32.10070614731197,17.850348866924627,20.165110994836102,-20.318400582287993,-21.998419050643236,11.923613172800748,9.531332629694667,33.23235092629359,-11.55595317947132,-19.643319589873148,50.962142574445835,-12.006793215585525,-17.19445155692975,12.831550676144849,-13.545754580223155,-40.31050084063378,42.67206168921521,-5.458978111843744,2.605033517425672,7.048375980063219,59.63582244140079,0.8533576302467574,-12.558672166821061,-47.55039771990792,26.2610869435111,-13.87116748310566,-12.520957790765143,-37.91536368872723,-4.042711264311015,-69.24386848178438,-9.305331624191345,30.181002619626486,-0.4703522939175135,19.332404520052204,35.02385084486013,-42.54556285079647,-49.362447885170546,-11.099551719605797,70.08441595174727,21.831147645982455,15.786122145290776,14.124599460631744,-39.327125880976375,2.13570891726609,-30.604913882361682,-2.508023447379034,-4.348839146826608,45.640954981990355,4.282406344258797,16.464575424593228,-50.508441730633386,-16.102747889390766,22.928757326306467,2.1833346503020956,16.065182248998195,-1.461598660977212,34.45759101491591,0.9730434960842235,-26.762258037279956,-0.8353619123224708,16.902336582883354,-6.471320696562395,62.28006903818595,-15.569196052095911,-11.67544736172576,25.326941204519127,3.258644012457811,11.902867830917836,-14.60826515168888,-22.405367329067907,4.355022502858932,16.517247552731195,-2.6511729172523393,13.911409613081497,38.429868231475965,61.85055362279285,-14.076331280859584,11.389430517925405,-0.0011532576194339672,-13.901623331554761,17.94130673462778,25.202133799691513,51.72405335704691,0.19381754921729566,26.051647584447423,-57.44434406707925,-7.096478258689064,10.431330422616464,8.789688623156216,-28.033278302522245,-10.650151213400763,4.43724862880539,-4.330230978564614,-8.738761488285743,40.92803269881058,29.106540616882164,48.51875599437895,48.39530900896358,15.687892558627235,-21.861231564377288,2.047709599447911,20.12519151968153,19.63761057285722,-47.45381157346993,2.0392226303504923,64.07048688867492,-11.551338946661696,14.467762176207382,-31.902747308395405,-19.323239532895613,-13.736251794030792,-25.39184920297286,-50.23272931746428,54.01640407993034,61.84551563302,-70.22399997980831,-9.253822791536772,1.1580422591689512,28.661229839800384,-24.264545620981814,-6.613952594383712,-50.04128034774687,30.271703532292115,11.424276262736159,18.01090473367127,68.18774932323298,-10.779920215029877,-73.61069422517028,11.276640016894357,9.214155718300098,19.44842448952381,-71.84384171461384,-34.329219785224815,-30.640221778282683,-16.571844058616765,46.03939827657455,-38.367971080174165,10.7423451672752,-173.89417516037292,-17.93042017037431,35.69951167719679,-6.36197412450795
245,-46.886416902826056,40.36656061946832,-13.46795836930927,51.49039456894372,0.5980382280619535,-14.33032251824253,-27.96170235716592,-10.772849128834629,-50.9234115357751,30.489763715017176,-40.99666625888095,-34.23554856355041,87.8513503308799,-16.235452759016304,-6.087133067640897,27.894575356828753,-9.411405370365928,23.20268451953921,5.201304839277485,6.707335213772463,-48.894708913147014,11.751762234771798,7.1459210274313305,3.455647484275704,9.543685499704226,-5.294011818507851,-29.22550410576564,-18.61407582515231,26.883187108797017,3.72639895046494,0.1565356008479629,-9.340562289830578,-19.469347239540788,-35.74289190592459,28.2763972493238,1.2354914299892985,30.642467837570155,5.819769027282007,15.459976851742816,46.33789435868808,-2.7272328387217444,30.190738915740646,52.47395216373579,47.476383686677615,-6.343025283448848,-16.94438967426577,16.517984489304027,45.22673717267692,49.54390406971269,58.354775949840864,-5.111986206190691,40.82857112054616,12.452897396003564,-3.4089535287584387,73.18536786295691,27.430622972371285,-12.717905761223628,-2.491593548247955,24.34040529708968,-23.42831094475651,-5.596782713036505,0.25782679562740474,-16.228482605678018,7.157225227324851,44.7356741889792,-26.404455575150987,19.67039717696938,52.2867008682331,8.868848197353907,-13.202876095210476,-13.511628963734635,-38.64056100587655,-1.6030438476409195,18.684317649699775,2.4291772727623235,16.26061870731562,2.314362989007654,75.52277739556698,8.474606833205936,-25.10414811657451,-67.39376291690043,-2.104701424069694,-26.826445919346238,-35.73806214729883,-31.22105827466404,-58.03286486274806,-16.917936425832814,41.25313186493981,-24.0824902768983,-12.262211391290814,25.24143328455347,-5.472782365774104,-37.266664990190286,8.101029805274313,12.769664697102645,19.001841436276194,32.18753549905263,-15.30318599821951,-4.245878482479109,4.21035942616389,-39.558213445823206,18.01386615337083,-15.156703693389506,-51.809504781120296,14.343930622677103,44.86488789934768,-31.848601076024046,-20.625076881930433,12.115469288057541,6.488182307893968,17.370300094393535,-25.520392314506648,6.710693658781922,-13.871407460880388,32.66512202189283,30.080211271070088,-47.98989082065432,-7.529505563915214,72.76821092859329,1.0818397724413953,-16.193549662225706,-27.02758971532741,-7.426184865697641,-33.8381419939347,-1.4416353619622002,-11.920522938880135,-8.738953311888508,25.571759053390387,31.3506799478116,-12.835023194419286,-53.17101061458419,6.143810722805989,18.610898640213627,-5.671611886259454,17.69063190811621,-17.42120265126169,37.58422389377517,29.191218492795045,15.49755650793626,-31.998454869028336,-29.226024291736387,-32.77900363874398,41.22619535750654,12.101858748901424,-43.27525510763649,-31.037164680318835,-4.1194501351492825,-12.826943873576448,-29.23073225076919,19.96886186259811,72.74432716148468,-21.94505240714867,9.170089576293188,29.463608428914558,-3.516999312045466,1.6886224605571933,9.867746079371859,7.72831904699735,1.609436905919785,8.384693079461059,-36.647901550227374,-58.95034802183776,33.56191173792753,-43.081690287564996,-28.769351348445255,60.64744988176308,13.265130394884128,-12.474150254736335,1.936078750663247,40.57708335120659,15.831849831986752,-8.515044469005801,-61.191511338485796,-25.61317108827549,35.93097822659397,-48.1015010006924,-11.720678317502813,-43.27228529964236,1.2852527447594386,-35.71119872316808,-4.12937914168843,39.6794047831244,35.35895011589815,19.26034324448198,5.496805024181238,-72.27395316368349,-35.96004980986876,-25.95268693584865,59.031129452251605,83.04015685545919,63.85696306238757,-2.77580601688455,-7.570461809803226,-3.453283453819888,-4.972067776614965,16.839354069602916,-66.33973241953811,17.8586503939438
246,-30.823373685795396,4.2922795123497135,-41.93155079408938,-86.92270485269114,-52.71847703843817,100.46851239976482,-23.039156550655846,45.01139187328305,-65.49980334144739,-12.600194384778796,49.0746782402002,36.88749057806184,35.71847357971431,32.592825563417705,9.796779217296951,-14.856208036669585,-7.324584995356644,-19.288202116284893,2.1034551504228403,4.603646260538501,43.3165931454206,-26.595578530516203,36.2196979399591,19.037418251181034,-29.325362628977825,-20.55629659974751,1.0228014228219462,39.02126600955316,-36.94494263014737,-37.732269883939395,-26.62004052209,-8.936367234867653,7.501516631214835,-0.3252798630352254,-36.800787879458404,5.077526093540858,-1.5412242288521698,0.6331886896474263,-32.120917588756804,-30.377751606832618,-1.0076802529474957,-8.868171659442428,-22.476606152857897,19.686092702933006,7.748682617188186,9.16379256217655,10.667742894691466,-42.65888044125277,-40.27771880637979,25.04376761647449,-37.25289407738482,31.33416631906077,-51.91910378066579,-37.50733583420946,-0.5726658604456173,-25.54337528583551,26.85625557260433,26.604022253043194,-2.512919900275852,-42.219536629041635,-5.408584818666787,-12.594982088576655,25.269473629035154,-24.466049593334613,6.146273137055753,-2.431053817380486,-30.008665747727385,-15.785285260566642,77.3434240500194,37.57987298295608,-9.386185495672905,9.903723103407645,59.14972156220748,2.950257508867129,1.341252302677712,2.7194072572237453,-38.74744563910423,-8.015374669958604,41.26443320328024,-38.49930650952241,26.871671752079433,-33.80229889421125,13.755090782002743,-9.769403903480923,-53.24218333361782,32.610325470407005,8.618257637971578,38.50766779714748,12.124463453047062,-20.858503394909828,-27.435367939714475,-3.9693370621591195,-25.801718609807946,15.009942323920612,-22.744985919639184,68.61336688837974,17.051130921697887,-39.5873059725597,-1.052077677507084,21.307638839475924,25.34142072897468,12.2696123542739,-12.320699652380991,-8.87811739945315,6.195005550486005,-6.9869769967708955,19.815097874522603,33.05402835341559,40.151048857990105,3.857620277983822,-8.714968036864324,-52.17135596853188,51.36588732478597,-28.708614456105078,8.869941557190115,39.90294141705763,7.747370698155205,25.093785431211003,-29.701531295276816,1.9114707306727912,58.33250580135647,23.346820580595022,-20.150216466409535,-21.410653875719504,7.2708222048287645,-8.813002785057298,0.049073292614856934,21.37549612018481,-54.62679465859485,3.866669438237574,4.736021069095581,20.43592038853941,62.04158453884065,20.279190239078357,-9.828928722185575,1.3311267093446528,60.20907052382307,-33.33184631762064,-1.5884856418327598,21.491178510695814,38.18440271218802,23.799267983973685,-6.925579021265269,-50.78667202533122,-4.1476004005336,3.943195606713627,-7.475715116636988,-67.01268332147053,2.7483531168356454,-23.14013176934243,24.412099151802146,16.597358881297808,13.425826159434623,29.12804064591529,81.29756712123239,-19.16832428522559,81.50155400405025,15.589854555281134,-26.71106796943811,-17.30440060426257,-3.252388607635716,-33.693053743038824,16.35228358182591,2.084797041800785,11.13378681670313,1.8133257597973789,-1.7589667816206513,3.669180310967253,17.275529794857192,27.98841722567346,33.70810012551337,15.198682374249747,-52.87570088103008,-90.94829892522652,6.787997350754003,53.82520588040316,47.71229461700785,59.855477716482426,-36.480485064205475,-23.668993703197085,45.82161863097923,10.332570224598811,48.02324062172114,8.554828904286367,24.80925836650026,14.064550587648265,-5.856913700086537,-36.66881199316188,-19.531138076391443,4.816392991563653,-15.109432075102982,21.16644961699076,20.787985483167486,0.49395002846917746,-7.208201869800784,111.65201323319224,44.418587058812804,41.2829117421052
247,56.97791401969965,-157.58185269570762,-91.48208670435646,-176.93893831479357,-115.38970105850285,68.67034703843397,-0.7175682266638785,-54.052004460770966,-12.68130571870736,1.6198448524736446,1.0399430771609848,-43.224018559529114,5.1009337148402425,-29.939633296224528,-32.09449552871297,0.8490701019004053,-4.4428866027979215,-51.804309855847464,-86.88907590949115,-102.81439404663755,-8.91144146039095,-45.37262069016081,-92.59734187513791,-79.85301346867512,54.794703472442414,13.111959704301713,-56.85655673443886,13.623297134050738,58.68463659078253,20.05008191476377,22.01607306589181,98.13474303192544,36.759887823619806,-13.600034189985738,-7.53916273296059,-33.773882707165605,-14.218296747413973,-15.405348524679425,-32.61671139099984,-22.994351205798537,62.945466217652175,23.00896994738715,28.004777715118344,-9.537742978070929,-44.36618534156836,78.86738766021897,-6.813207448595886,-20.436455930983808,-32.17038194560837,10.49654259276127,-49.75202815976799,29.848550292280272,10.46614163462087,12.948409034350671,178.73843897569787,39.204748640525295,-89.91536984360843,-0.10379496979977915,-37.082114460096655,61.833006826417616,-71.59204079081057,18.92601736295718,-67.1830767179891,-79.27694048428737,76.65850864782453,-121.12187365235867,-14.348689347230046,3.4598461300798076,-158.15044895862462,-201.44958600843904,-75.6144374032217,-83.79445850817564,-36.534358391271724,8.8546218446487,10.083392233227054,-64.50823520016245,-208.15703901966899,118.26176171067897,143.92527621960917,-21.00781090579698,162.31339290001324,-110.90027738199316,-97.57538267793315,67.78466447014456,-119.89212068888581,46.34569399872859,-110.23754853211268,-47.79088904010057,251.11284397364125,-27.605528716200205,2.549495250567812,197.25027991728751,38.70800940280555,143.3554325641655,33.733639464777816,-99.94975579454744,-112.92330187029518,49.957067229458914,-108.3729312448917,54.14778538365497,-54.83799638495786,-64.32343375325439,5.783066941217674,-124.22330714237383,125.98050638007412,-94.48082288993454,76.28154648386513,-105.21272824239871,23.772477812260473,113.06211363579573,-78.57333287590397,-53.87635788818954,57.07087617561539,109.55366212205176,-12.813504142268949,-3.6797872699902925,59.05825743080136,47.7126780683211,59.07794879233303,-15.79394446713243,83.74807570839042,-2.9731871456555528,-52.08579499483335,50.45038046746845,18.94631036921259,-150.33257420311105,67.10055773567224,16.742218084881817,-80.02154482998372,29.899496666246016,-18.311617786392553,0.01618867045112299,8.55774035055426,-0.27284081680822925,7.56686765084746,-29.27844182567966,-56.4599246319925,-19.915544638143544,3.648141965833104,-11.058042517934208,-27.391742993832246,-19.943686679316578,-18.964164302389836,-42.08835053978113,-31.754141777060106,-5.44486182209364,2.6580639603915817,43.15164818578295,18.62618559448378,30.062626311186936,34.193207241934644,-1.0604979792237508,26.28442572820524,27.471753253304662,3.0075618964340447,-13.179275232569063,18.335357039138096,10.178127850827245,10.960647512752537,-3.0151222435292198,37.95158189713143,16.33897282935504,28.249080313331568,22.646585225698804,30.359401217808863,17.825646927271144,10.290001679545528,-1.7551432615859361,-2.8609929299045818,11.912239421790172,21.985413819528034,-27.73621918715891,-2.755174721817392,-25.16894486213818,5.7305897631192995,16.431519053554183,-12.460416855099604,3.03153721148498,14.979292862839426,30.749668207391803,6.272970727140151,2.133641954528935,2.3289286067282133,16.021519200463494,-8.965022361660733,1.069001663135207,-4.167388330761324,-12.903967748107283,-26.377360699249653,-10.14463982203607,-14.947861555594097,4.439809572991706,31.258758149818423,3.509665730745164,19.585307830915127,3.7326283150993667,8.065456851113355,-17.683689805335703
248,-51.96443352954319,38.21272043425913,-45.4772791239568,-31.719597815271857,4.187792002337682,71.54006638999854,55.04639066427094,-0.591543811984496,-26.36768704009571,-43.16738578102531,81.21636190232758,104.20458646830751,6.3125310730384845,-21.984782412768592,-12.793156345722974,-38.10576148863128,22.7665947422539,-25.25107241769113,46.869065697451354,-4.934165314319311,0.8790782713228746,-28.78394545516437,7.816968577152479,33.367707766013936,-19.98571806198881,-32.48083159965769,17.82833150315219,-25.71616111376074,-26.635810487926108,-5.886547261924633,20.803308524408447,-22.63148062079155,-57.398925471989486,-27.359053886445217,-21.603253867035466,16.27516826006992,-8.524957961787763,-3.9059516154927802,-6.0029588689788635,-20.81377705150218,6.030359216066196,-16.64266398240571,-14.895795293582108,43.65238027239398,15.713074601667657,14.267088347811207,1.4040996256188407,-35.32844682951915,15.27947601632004,-7.795271415448194,-16.394230400589418,-8.659431587496394,33.309335769590646,17.959980849824547,-14.217316079963421,8.4852433561306,36.82030236892916,19.38927706538588,21.237267073898835,4.262933250892346,29.231983650927894,8.004650111279602,-39.377764594458576,-14.354125246446683,13.850016802752394,7.176040372276851,-13.82180958057826,-3.5218438979044735,-29.875851136221176,10.243754251014785,26.714019285105568,6.113590004474123,3.9998392294097487,-0.2002381005642923,9.382244874983277,-28.829709996851086,-10.347701674467736,-16.641564477076695,1.4692432750303324,14.72626776429436,-0.5362580488422273,4.764863408502782,13.691758633204863,24.8982877248617,-0.12152897427892007,10.72091418211378,-3.3630935848999064,-7.515744388398797,-3.938317362161184,-15.166560551354275,12.994146850549049,18.116289688269607,22.50610448435084,-5.281872506505522,-17.534125527089707,24.219821012712,-42.1045404881023,-5.93169343286665,-20.43149856031485,2.014967640871188,-13.88808075489209,-18.93388292679521,-27.732317068481194,-18.491286152806573,-4.584185387665919,16.814296348309895,-23.439480117067017,22.467124767918214,11.072711832638177,-23.751953299930587,11.056334983553691,0.38794107473029976,-6.297903032634251,28.393205049228964,-44.55646272234776,-25.30568881028549,-2.31721343419599,7.428069323884942,12.222116292830732,24.375974485026532,-7.956908197251434,16.943241747658227,0.583372180090548,-16.69622344694272,25.2007141553088,39.31895661077928,15.67764148503607,-13.955386071222527,16.77875971521631,-13.69653998621799,-9.631066348972041,12.646201243083869,-28.205494610392073,-2.5736170909134772,-3.8205589064890217,-8.489523057847963,-0.5048863112770758,-11.779766849545647,12.496811434551141,19.835241980466478,8.421296251802337,4.512793434258704,29.510389603255614,-17.725059820412188,0.8574918029904038,-12.633167101327462,7.971769888010498,30.814741357928586,-21.89330995618608,-11.08762549717065,14.077924880499376,4.554723248037752,19.18176509301404,-16.217895741971876,28.638251277003608,12.105873471119864,28.439514960150582,3.4740498513572113,-11.467314077633361,0.1254635714876513,9.11556867609257,3.094762322828845,4.688832119679199,1.965817560728525,1.3496400376265496,-2.426696839361862,11.702460419609913,9.04182039890289,5.56725519948794,14.130916479936674,28.094299126452785,-20.504968210467418,1.7405545737786823,-19.2621254105245,-11.446693846413927,-28.098593908213825,-24.74656460365803,15.238696039440338,18.789384271375614,-16.875330339307396,-7.225439902955258,6.7664614373423495,39.05125398586538,-4.4808024255821355,-9.547463003698063,5.459379752451681,-43.78879196724724,-3.3111164617860243,31.17217815311266,32.19049615040725,-1.1371201378298408,-15.42028188767674,27.579049175928912,10.841271185566473,-33.61427819781175,16.61424822349535,-11.950866905091196,-23.2260517126625
249,-41.532568738287395,28.500569340835767,-17.79564742887681,53.21407787622651,25.293321809457257,-37.00872658479098,30.761054577292782,-57.865640124789486,-2.1829033149312185,32.93388727920794,-79.4970061257035,-108.66396582710728,68.24260657370156,13.630007981911557,17.88959880238418,29.108910728617953,-11.559082119977237,41.383767202159866,-12.383655209257787,26.178114326911842,65.76526593523047,-34.18588659344962,-10.573514532742127,19.08384694311479,-9.278643510321059,-55.891749111449144,-10.647696887180683,-8.819643803687823,3.9345372341742375,-30.463628922687754,-6.165911122412625,7.214227622678896,-11.710151535780168,25.017528202227382,25.34088785925353,6.691386553178327,54.603910660449166,-28.422454923123947,29.456235999079503,25.799539690417514,-46.61110524390934,31.521948272609798,39.08805512422623,30.927634966487464,-44.72693354453486,36.132000578006654,31.991496076475542,63.01788599537989,-10.659792420009843,-38.52011840665731,22.72071639345101,39.73123253619108,11.293003301703358,57.738849906113884,30.5367498397042,37.38277807515736,30.791582201529394,16.65735596524834,-12.616548149867198,-30.578424841349488,45.30337955320446,-30.630052596016913,8.827685061467418,24.271778078855878,-27.498835911523575,13.995405554110047,1.860162096606768,41.68523881034279,-17.83505099217589,-13.586276850350096,17.531258118149818,0.6745941291460036,-0.8596050010947198,-23.28360780230438,-41.00391091189854,17.56696461008737,32.16712185288567,53.30012260242716,3.4636066445382947,16.47732270879206,-44.89567594121313,7.437936553155664,6.493234450078883,0.46497936138909246,-46.74671562079224,-52.661960690958296,-16.030475954402334,27.847238670103124,2.204468441000771,0.5054012678537991,19.007195587187685,-33.01291079408169,-36.53825505810478,16.530689751678935,6.625596576978118,27.774736992305495,1.5438959810965602,21.902469254169425,-21.820916972347632,10.452407349674871,-10.542426247506729,24.3727182880887,2.397309933724192,-60.88876775727182,-27.576433443034055,14.43999810297218,10.802611021356094,-12.144503511696943,4.952715853419539,-0.8713068721520311,-13.869714071822568,-8.013693357269165,8.372875369383955,-38.58269973203693,33.3255066131466,-4.459405629604466,38.13310754029341,53.4525646137313,4.359840583076991,-7.5001240627825165,16.829482123472314,-7.177027568526217,-2.65035783074683,-43.53067220732623,-8.392101132899382,-25.534953477167114,7.75347269871321,-32.244011082381505,-28.552806360066185,13.74044644585139,0.8039302699716936,-19.59685015778671,42.96881874593588,46.07529953770561,-47.290996389673204,-3.9148423104118786,-19.436698541544963,-8.019226115386196,-2.969790789933074,-50.95104895776714,10.59643817574853,-28.37170720421422,-26.719903875830422,-23.188659377479524,22.987882675238417,44.69998060732117,-28.017197249846124,9.215814365886187,-17.73377699819914,7.825049218583261,-18.521343775350253,-21.56540735805064,23.338445989777878,17.87464692348385,-25.789109772558344,7.360020256865273,-14.470000029019971,-11.3430708477283,-12.350418001304241,-7.469093580936692,-8.581908634626624,-17.83294290023547,5.5498783450386036,27.223549708887624,-56.622302316068705,-2.630100326035328,-19.35153005003458,42.2599738842561,4.427594755366567,47.266124888687735,-36.03507364483873,-13.490284607080053,48.97129304477201,-6.502393417049958,31.399110826975814,38.47150059057224,-40.46357872482766,9.385699673986972,-20.480449819923862,35.99093653213238,-56.88281959023203,50.43013557661396,18.836221988362304,-25.993110086348462,-9.831992607323775,-23.187623404409475,47.6390691073297,9.243419619046449,63.57818803342857,26.188509739571998,-27.203393486644806,-83.70410865311229,30.01989057157584,-50.90029593758644,-9.549796441374797,11.786000969044903,12.013043595718893,-15.674013663689164
250,51.289788305705265,-127.23321844334092,-81.08622015822402,-181.1279014001752,-53.90684601944382,77.3128504936452,77.52838853905651,-49.14291889830516,44.96959486581819,-27.05428038397764,39.468790577929745,38.52122785304589,-58.94748915875962,-79.35620570390488,8.754732447282976,-35.43453472369747,22.109467224728633,26.190666851334285,-40.56248973840598,-73.64496519143513,43.02886281555951,-32.91349644912249,-136.16839204984657,-17.493983129134538,-19.73814586976681,-15.258042326605517,34.99998609256322,-21.058415064631202,39.93418435368781,-84.03226825256878,21.227285277414325,63.40558683485191,-29.860330607001877,-10.516481363997274,-69.6228100391526,-17.60467498622628,25.465777873480132,-10.167311228618136,25.33340410844622,-13.933481784695012,46.804578347141494,-39.121735577703575,85.48754384715569,13.821698477119746,-71.5377640783342,63.428865561653765,-19.985174566348824,93.16325226934502,64.83428108461423,24.448422274041118,-1.6371398271783448,49.18948511075007,-31.040979967858274,-14.17544395103969,-28.349584873703698,-19.798402040801577,147.50407163980236,-164.22424796436425,-48.050827809411516,13.567921025412781,-8.604373473382301,-34.03678751186436,-33.51142328261004,-9.017886004850949,-43.42603625743405,-171.13052223941463,14.420770600362236,-100.0812675241316,-66.83433248437227,-73.95314607546698,5.5266067769690785,-57.53217009101381,20.55936131167093,32.12195952919556,-122.88679594444281,-98.65858062309816,108.95031158919772,131.91672490869675,72.32254323793175,273.15534641259734,152.03670223355155,-117.3637101400571,14.83928643079949,-143.71504060344105,-127.0974969976906,-77.48928009615814,55.58183552892828,69.48921153123655,22.021147624629634,-61.59395329608876,121.81559237181656,-54.38230897800045,85.25859444326082,-78.8788909417876,66.28411497715369,42.253785889259134,38.892889789174134,80.18459469904407,182.12427984205962,-1.3158702666612454,-85.95726088892778,63.43220157273224,48.04233641757037,203.98314261228876,-35.90345251908758,127.50671080779715,-12.642954293632904,135.74525289919137,210.02500462863472,4.985961816442208,-21.56022006632642,-7.542755106860539,129.49384853030898,9.288955184590034,-11.686316664730521,-107.07408193461414,9.61929686178533,-83.79525069652233,-23.902880391264258,-90.15153460448413,21.246940082588196,-2.9759315821150794,-41.841914584129,42.48290709886885,107.92746122074738,18.90483153136638,23.827726504138504,13.645320451432758,35.14085998343409,-67.53493790229261,33.27519592108614,22.751846774225747,-11.538784202443898,-72.67880598833435,-31.456062982573084,-32.16370623802759,-28.319236143618415,5.133720950004497,-13.82663317844901,-45.24047460679135,-49.79259354325956,57.387647217809366,-49.026852936647295,11.261890829463598,-11.366121938354055,-17.95846733627939,31.66484682940021,11.630596647757185,1.1455606872610904,-13.247230773602091,-64.8944584028034,-46.43597845972195,9.529575373586898,-24.00402000673734,-23.465185352283523,28.725671954526472,31.95919165234159,-21.34588156411858,-15.392667468277043,-11.125338450510784,-3.268397890804213,-29.199547122826008,-12.29715327227906,2.704074605879767,4.65767899604766,11.702796379736771,5.777848689617848,-16.349640202408132,25.32888201032694,-10.084242773108377,-41.7241888748887,2.530423610487766,2.95694910962896,13.504943897710962,2.2230401253301406,-5.868624365700143,38.75293815849083,15.376941155220926,3.1112147231530742,5.400617217548312,-13.825740471429334,-5.590719676836366,15.762073132936637,-0.9770848357540395,20.379600011058102,4.674958621413168,12.07952963510904,-4.934517425128888,6.981668046929985,13.686906580379208,-3.5931918626211856,-21.722137270081653,3.732033852962174,6.977750084920087,21.49797391701617,-3.717532301506859,4.643771900740005,-11.609865652650068
251,-49.67929694405176,12.343371288647843,-54.85363338139877,-55.221171071207024,-10.611696306420919,59.544056872571204,124.88070667310879,-67.32032434117059,24.816276446804515,-35.497650326980626,58.66025127160362,15.293720200851666,27.47450653342757,56.6343504161696,22.679266601957522,18.71530972064127,11.917402751859557,28.642212495065735,70.97508108083895,1.5465689374158813,47.6140782526566,20.612153982543,-2.551384472281663,-25.271837535635918,10.940419239334252,62.33937808080903,37.652898401374294,-24.876972153769746,-16.14302844984662,-78.95860860191938,16.454624573390547,0.9685091813684352,-126.7470506342535,-42.87900314575176,-41.241005640466035,35.53946351044092,45.476890115099124,3.63976724686004,34.54285772641354,4.075164205717375,11.806530582345113,-58.3620138278008,-12.835469694244162,57.13307103816498,-32.92310556294968,-45.382092252218776,15.901203781384588,79.105344117818,42.77333384455015,-23.594232637607895,-67.24347959267963,92.28659304630061,14.948177160108242,40.69236262159867,-25.805219870899137,-0.8968049677952412,98.91749834488192,17.215962603171835,-4.4166262398311025,-23.985618474843058,-11.100065389190092,45.443206613289604,32.70684070370833,-2.2204486966637926,75.98604763996892,-20.624309844686145,18.30208555054941,54.48797559692299,14.139429622767933,-15.453789485961014,34.99793303802003,15.002847311097314,20.306642881769204,-72.74937540978374,-14.226445882133799,-41.863734679659046,5.470747451160188,24.220983143696902,2.813031186966013,37.0885593738735,-31.336378449545844,1.7762187739474704,-32.44582284227816,10.61878761323555,-53.52622021385783,-34.434934697120525,-5.859036050168204,-9.118153540069606,-75.7673846646451,9.892113449019673,0.11674367229476562,-25.098664805643228,34.209971475911665,-43.01419575469884,36.75566190138586,100.7620417828779,44.597017268253346,24.367044125754987,-59.36046472339656,64.66819372752255,-96.15384653938665,-91.59033873420735,-10.432236838363114,-101.58108042151264,20.3087322562193,-56.625749599590236,-6.323633766228392,20.02559005434,-6.155803720374592,38.3272808213851,-54.22854333343404,-49.01096576995444,-37.86513141661291,44.12956637523058,-30.63370237146326,-27.639908439977074,45.70105055284671,76.07181263872056,13.219590134235611,-58.20043105120458,37.25855002226317,69.30377128862719,42.40461580046922,88.75443689792684,11.19979559696293,-26.297670418703834,-62.074335600345215,40.90672188023115,16.270585136705296,-6.86249049136848,1.941538615836538,14.928543709518712,73.31980834274422,-8.065552105578467,37.4943827127162,85.96367982860652,44.769439335350704,-84.16781861579662,-16.59807005989665,6.87581755325821,3.6558561998318044,-32.57331322970324,53.19624759467633,-91.65093840167505,-14.69079975918313,-28.74575999632619,38.41586958508983,-51.85191804228446,-12.518798610247078,71.53669181225638,25.440339731072694,-60.33250175852916,-100.49083154177521,-38.62043553421437,29.56180004505165,-30.100569888258,-69.11185346302742,186.87385824456862,3.228999442119692,52.5004214688645,-30.380349527434092,-88.2294609491229,-5.620378363921896,-71.788932701229,-18.366957647147217,-60.302303925715286,137.3714434463636,-50.81159150609375,6.917611047531443,-95.90834160862538,-6.290797248330009,105.88985891504342,-102.62507694663263,127.89609842715113,22.12716077434695,76.70957158146928,-36.34484561698126,39.893619783448486,7.680656220556293,8.855666363787128,52.24786155198229,-15.935601889117336,-31.983225994735108,33.94853985267426,-17.537322250888845,-64.37186183478212,14.237874557522224,27.3747271384949,20.942012427989752,-48.16663060214356,-4.798611726317103,18.79290220348068,-78.02262903584987,47.48000864248802,-82.84127000649887,-82.82619021695967,48.41281423692651,1.2489274685258163
252,-60.31016238742259,70.12465572794319,-8.717952054198054,68.97567770423251,27.454405029474056,-10.830484310518683,-5.215295032926747,19.30681864003595,-35.15058779156173,14.996773655782398,-28.642270833782213,-1.0377901102692493,21.6029388828219,-43.718346482721266,-1.643384462558889,7.136046314966757,-2.254661576893471,43.412199621776196,-13.25410332698852,-27.316925147635374,27.856764584466376,0.12701076943834994,9.384986639136276,-29.72349709460741,-5.398793876003326,3.9325637901024786,-7.771669399333805,30.280453477349173,-16.070880784807585,-53.29415701548172,-9.97450076767413,28.21234830374558,15.7500818901727,-32.89986049422739,2.41572084476611,-26.189223974824042,10.346571039325921,-3.1720545044217996,15.750320900741817,23.855033255976974,15.772234946086357,14.026751829521647,5.407945452285125,16.072369472972152,11.93338098977098,-1.2336171961656304,-3.782312253669251,32.39427228854464,-10.424654219588502,-11.924665259372153,40.502961294288525,3.905876183307552,17.081394859268876,5.369106735442361,27.15978276469622,17.61131142675965,-9.090320835582482,4.739332517751051,0.2961520749330016,-16.635651993578257,10.475667437607456,-2.6776826996438485,-3.129279668396564,2.4915541138707784,13.443443908464651,2.9200031622226295,-18.780611873610905,-9.669532412386603,4.695218644540006,-4.607518758287735,-3.397144754433258,22.133435773233273,18.07169709425346,19.50974243313485,17.676351473051895,11.557024516874993,-4.109410236341255,7.711294048984351,-3.9472027447898466,-5.152160144637368,-21.378323322011266,19.503068124898075,-19.03089265565598,8.02027934303163,-18.44316513337828,7.355672476972664,1.011271401525344,8.737160775720394,10.25430060648644,1.3503930088811664,0.01683105569872856,-23.11515213863602,3.257237658491023,9.936775499336342,-6.5476609150933704,31.025324034208893,26.71692049728664,-3.859967563189981,4.147442667092626,9.486213318194746,-6.584600662827003,-0.053060599414226084,3.8715139169300494,-0.24960247714254857,6.452148390341371,-29.29144704316613,-1.9526294766025873,14.228944923742802,29.10224843266976,-8.69494609879449,-26.011418473255283,-11.274244138526358,6.272313451675811,-13.03601457310613,13.433513177680389,15.177445547837431,7.240602779209042,-8.90125373536756,24.179999521376367,21.682649787868538,29.394749060693975,19.202758437046434,4.080863408049384,0.5605443073034345,-16.222918161492252,1.9936025864307796,7.485883762324063,-7.045107583918547,13.624115748820502,1.857488087117519,1.5371892991693241,-24.392034845442886,0.5428338329879611,-4.575037857657591,-0.13065206779689842,-8.086401771292442,0.19098978700593075,16.496362132259886,20.010240520691788,-6.348073869831658,-8.189762623685262,11.643619413259561,9.026659086651218,-17.339593301909645,-12.893283175761558,-14.082778150584483,19.454220158557593,15.67811851272394,-10.06596933879844,4.221746996709216,12.64580044718564,-18.759354332088414,-33.651970086395465,-17.848183953864023,1.0844452517590042,-13.27196889160524,10.69940977165711,-12.174227434384196,-3.98219377128661,-2.896973903394284,-11.099515947430168,6.090018514319438,15.538574098489972,-16.183058251601494,4.333500659604803,-10.448787515441104,1.8916795634063124,3.2741155470969603,-15.075251972937519,-6.170581219952294,-11.145281978725627,1.9472824346898623,-22.93740158032867,4.762262359671937,-2.169469398114105,-2.7553090181408106,3.2063051059475525,-4.88277636770414,-18.748492119190665,10.226179871026662,-2.4276621831995486,0.3295333502591428,1.7742949642652863,15.414300481180419,6.781489288876615,-12.410906639692158,-9.006195131884509,10.9878646550094,2.904212378533879,9.615847315331703,-6.2468559399994525,-6.381204904784627,3.8302366952495293,-15.484584992703587,5.052943003372993,3.5482172090215185,-0.1729268200785765,-35.03289090421816
253,-55.28591712913051,68.7190959009532,-0.8050798041667758,70.50045508316913,27.557185399154182,-11.310151478767663,-30.106043009128058,37.06191528975019,-38.14347321797467,20.85680892868865,-43.743006068077435,4.0648400256745685,27.240478227167102,-40.858242371410235,30.75804178262117,-8.979109183564077,-3.915654223661272,29.719091800266927,-26.202487683105225,-19.730970626718037,66.66458206368375,-11.734663935450758,3.7230954653895605,-36.97864016294689,-1.5826151951292957,12.065853773565944,-9.069579012216767,19.26337835176747,7.9955581374278015,-36.88963853972251,-8.453699001964676,11.477701118950595,2.852667649525303,-7.617342654619095,-12.874655271537291,6.308967428475335,13.532389338059112,-26.25787696743187,1.2757756902152613,-11.103459244427032,-3.2882258556149804,-7.220590336321044,23.055169570861104,-17.353365543576796,-24.426927730207524,22.553245993182852,8.199345912142835,5.852040799759672,-39.203482340150536,-24.95547007438504,-4.500722531143536,14.476097860301522,16.911639605941552,10.99658435117966,-0.07313577235047375,9.35604886915203,5.025029874572069,0.9055429316280411,-28.317296652684156,-23.905629841118927,7.914831947174782,8.56254460362705,16.714776365505763,-16.318384479348538,10.306165897642533,-4.910358459204344,-4.4204267820299465,-10.545025966948236,11.155516320511891,-29.70221678591204,22.49387045691375,10.268677028490425,-0.061202450324055496,-17.913459105699054,0.7875691248622405,11.646004224299576,-16.006500089024616,0.35159513753790034,5.573371020110006,-2.892184914349862,-12.756536344388897,13.427108681913689,-8.73045038013924,-16.12270804635306,-14.181888705146605,23.091957017147916,-0.3127586072248958,4.44802271687164,-15.205900377099905,9.163312881000628,-36.06187350685506,7.817351454097829,16.2704343635119,-9.458992512777266,-37.06847903554065,26.694989630614135,2.4226251626982718,-14.114378285345863,31.388112040625508,-7.7033260318213115,18.605290617329693,1.8155337665395146,-16.102709179349073,-17.362713882871546,2.9416711461742073,-3.130541887368234,24.33929086271997,8.309903172441691,17.54880854471412,-8.485106283074511,-33.32543902178791,-20.070148840261965,2.8996458295931475,4.756854443574752,-19.44113286882545,18.404121975608675,20.13549039735461,23.317159230367213,-2.952353491677891,36.33403490956321,-3.6201944663796666,22.932321658767712,20.622788101916463,0.5822743066304855,-5.283221785426435,5.209436372596781,23.10923040455897,-12.862305387736,-9.662040477287478,-4.83190678577941,-7.96237053914513,-7.707776108909986,21.49906614733099,4.311668377709196,-43.83548635000791,-29.17543778641978,28.94758423793004,12.780492509152431,24.91819800534821,-14.839885971670709,-11.377296560413187,-2.4061799173617415,1.7147908121425224,6.1421826088311855,-1.8600109253969777,17.608501935796657,-8.7460795794525,-3.102594314639638,-0.11882318025718414,4.955890784059692,-20.00464010594565,-8.849245355850153,-2.203457145047377,10.645817352796506,9.45093576640181,-13.47881014582223,39.27937274408618,-0.24981127876117626,1.5481365542376653,-8.215713290608115,-19.972644600517317,-9.629896442489493,-22.908868046726642,6.1416572642785505,-23.55846571858519,0.5639115050895117,-4.6018226622363105,-4.904797246468562,8.355849731438022,-21.935730392103846,8.5866285719702,-12.964749354747937,-5.452882341497386,-11.935975221880438,-9.413842955721652,-13.752826346984314,19.762718258822716,-2.7724496608712417,-1.4184590348241337,-21.695297541127992,-11.717019349163074,5.5464968541203445,-13.54857866634355,12.339500090990617,4.178074375419063,-18.802081566988456,-0.9494565906526371,-13.550695392884705,11.551717606135492,-16.32795949356432,0.8483382103432572,-4.2398301040965825,-3.372834345078309,-19.66615249516839,12.715827421849788,17.898744618639732,-5.805753123405924,1.0747531200319174
254,-44.9991881021071,39.6615931251371,-22.38325790481154,-10.484662790953985,-22.314124389950525,55.44294861751226,-23.033434491116616,47.20308153684416,-66.21846741969175,-2.8281975035640237,32.70152400560337,27.033436823819365,28.599968636427835,-5.007814119604613,-4.569038408875018,8.907232158854221,-0.5892207312045988,14.20694692134236,11.400506167392422,15.203890805754178,22.266930354994532,13.111033781022629,45.177695436643596,1.2429977437272486,-11.764926342471428,32.19916392363573,21.098887733961767,59.56826707480525,-9.546426296858037,-41.55330373956294,-9.76064368762732,-12.49009818180678,23.99466664194309,-2.5114596407025505,-13.726767387569897,-14.329446645562303,-25.274008132339965,27.17196258299968,-17.941252804290468,-21.0656485265692,33.38399441892623,5.4526006265538784,-3.5054320852034553,4.1466351277245925,34.92228354262931,-4.665705187814352,-39.224235012103705,-5.161756721617715,11.127577649565787,27.61522987534123,-22.220071734305943,24.51626887898529,15.563498408235343,-18.95904495336108,19.825896134194988,-20.45379823072994,-12.929246535051204,17.776049916205327,29.004354500044613,-2.844253237260892,-17.951947239439193,39.0611230621368,-12.813185114812221,-19.178773980057947,-14.613908422483128,-5.408508335340241,7.543069641512878,29.617557954786932,26.740289536694682,31.94120091345549,-11.5886769855323,25.850919050100508,22.13534442377317,3.239833820400892,9.93236961767737,-14.158931822644849,-7.173470828497762,-21.873987867120967,-2.8002900815687686,-12.141417495358167,-3.671659580476762,15.98502982541336,-28.1033679099684,15.778567413658827,-17.766561276541488,-12.97027790393122,18.812239703712695,23.30602232132874,5.349604638407372,31.64281510894436,20.331263099063094,24.0053502520979,21.309708101509845,-16.961727621890446,-15.024493761233376,10.14223240239554,-19.316583839415376,-9.878551955492098,10.539932694791371,-42.77324211421214,-1.6184302813731097,-27.847727045314578,4.281753112542676,-3.476824925689221,27.9103554514928,-5.406203452474344,-36.049336876944636,18.495803825207624,1.933137460275903,-13.189226717554766,-2.4705689949351517,-31.6715382070774,2.824483974874174,12.994118865724243,-11.475825887597761,-29.34312381786677,24.33938150541049,-7.273215023079839,6.303963484186873,9.895025383786663,19.65872480032102,31.62325941643459,-17.05259504672335,-13.159462017870176,-3.410963392173112,5.26511495202696,14.16243306047356,-30.479889562464432,16.66725177073333,-17.570132018829856,4.54587959743332,8.30863487644461,2.0295930920698955,-14.265458643622484,-13.63568248038579,32.384412016700985,12.344347904269272,-4.007680941737459,13.38393492979497,-1.1205851047748427,7.280075746673423,2.4277028067535453,24.55991732397758,-41.68296858870797,-15.955219876230197,26.678586256972032,-13.741428692249505,1.4096177998545745,-2.1579300114863593,21.067076554937927,-7.116192256037823,-14.953924764022789,-18.5275100072271,-16.348051924746294,46.70156347750269,19.36333611663314,28.6758911756626,11.450190064486705,-15.719201073375404,17.407162893934473,7.324632489505691,19.550013219957016,-23.379713613789132,-11.553495047768955,-13.541109762337019,14.94569429576904,-3.7785357333910388,-10.248309332600352,12.830935925458906,18.458947940672033,-4.057287307377333,9.173111288917912,6.594510344848232,-13.673439294611097,-16.116170974946566,3.030607562237265,-12.426318458202726,26.851823444926058,8.510106618552092,-3.1231144719840107,-9.65694369081287,24.67973224003946,-0.1296571381290628,17.587251281221544,-1.0021077103298537,3.6717623432692266,-16.026642210853268,-2.4108214022105066,18.93672338939871,33.889677624029304,1.6364007034269563,22.073921389867653,17.96101784620596,12.017633404493115,-19.882248863515876,-1.18990610374399,-10.587476564574954,-11.769407457190356
255,-34.10340946058205,-1.577231294669201,-73.04347797424792,-108.92928398951268,-56.31084354069578,110.11704410244353,52.03679848449959,-23.926091187489675,-39.89652202941876,-29.390709869885885,82.79489084629245,31.492307814697917,48.067728451797564,9.53215272420822,-33.31572440222806,5.758476452956228,28.976268202633474,-4.424505541455993,19.495050178468375,18.200576446655134,-18.367057834531472,-7.816677340533167,5.420080551687394,31.813946385410542,0.21128833023427884,-9.89543586260058,1.7527614366842519,0.4934030502256949,3.8589375307972262,-1.1694037090359326,-23.960334745891284,-12.035439549244876,20.49614557325278,-33.738943462764226,-1.573524846198843,19.816802885961728,41.95641107322199,-1.379449475516483,-5.887527741457413,0.4090218495303388,19.032482347090063,-13.573786154279615,-10.627410444696297,3.9692519906688752,-28.448078613374882,7.864965813351612,9.868022033691998,42.700322171245105,-44.2932415588662,-30.23650027118969,22.2878146671656,-11.936516186810753,53.40605196038315,36.87159877154985,-49.261516107571175,-1.5651273981315632,16.9637018447623,17.115526584729498,29.43683210737648,16.02879264959757,14.937703839534054,-3.801851832899917,-16.06693003728055,-1.0782477532668162,22.19698681003068,-28.034321907871504,-10.777694610887114,51.47431454532471,-18.377618693005118,-36.390526414793456,57.43884399925398,10.665589968838903,-8.726884358039655,16.98986247844504,17.85276007901448,1.06933269588109,-28.896772534177703,-42.37432819619178,11.225454505941952,-45.4311350741307,-10.396505376926122,-20.178941738982303,-37.228174613813536,21.528227290918643,8.938979564323448,-44.517377184137,-14.804489303696359,-39.73978685900801,-67.70145324188394,42.471622910559816,-3.916345800155638,-18.933276997035644,32.639077587058736,9.646169732145747,18.552219939410065,-8.916053463369717,21.41451883548212,39.878296605103,-1.1890430458080137,37.78157202350463,-20.690722503429587,-34.0210116314379,-14.967944828035547,-23.180525448094897,-14.347104010089534,-3.77604420932051,-21.364496819779806,-39.38135058669072,30.248753012525864,-1.1862343461449432,-23.560168052905084,8.961493277666351,-14.950804390990818,-28.26800258737401,-5.7998534327186695,-19.425976211379535,30.649066357745912,-21.90615505465969,47.02873864663524,-3.8092753592458424,-6.141473615628982,16.19024511848608,21.54700945777824,35.415182340059324,15.069567245783546,-8.1299038267926,4.005048644639098,-16.836733534775647,8.278694657863298,-31.25306198931743,20.640753206108425,-36.49572110675484,-12.38170415374012,-23.846990390365754,-25.83671921617532,10.38296954620058,9.259023323556024,-33.16119239911951,-13.481043839534573,-7.230541597167219,26.495431769346396,8.379335821545668,12.813108193547988,18.419118890370996,4.51060180220013,-11.980140580228493,20.75033191092125,47.607614121834075,-31.53476203023759,-28.75924141149792,9.430827305902806,-28.21946199177787,-23.325293704189697,10.920310566884487,6.13204288947433,27.856130248018836,1.3442050129685155,4.725572528750994,9.798280374199916,12.059121512904195,-38.40093899987705,15.61895902116413,-20.57170426371952,-5.5151992964709065,-4.642547274514577,18.851069471320532,-1.5099422544995271,-12.849314940620948,38.850547472364475,-23.8883503442129,13.981080410901198,-15.883811352504734,10.722343608009298,39.96523620931239,23.484142347649513,-39.91743197564077,-15.133924273853223,-32.668994952349976,-11.605681613380685,27.1581491536521,-1.5022683444862401,-28.4648016657115,-0.5192123253986134,37.41868182063468,-35.109745869672686,11.635414265538236,6.437635521503704,-4.566452587367809,-6.625945410155798,24.736677097466675,20.185986351763344,-0.48797080168659646,19.361586768901372,3.2769228430567248,-2.743497744720664,-1.9359260368314049,12.446399467043133,-30.926059874158653
256,-42.75620680860996,21.42608292588755,-55.72617277308982,-76.2291186440176,-25.612627848910346,101.74077001340777,54.58292765310413,-2.977589108673154,-29.437571988533797,-44.82093995268387,88.37726903977673,78.50455509149783,14.185024473645068,-8.789086711905219,-23.98606994824657,-31.941502776955442,30.60038543798487,-14.93758258602472,40.81975000281229,21.249527158280106,23.951215004054063,-26.840377785394413,12.33858645041716,50.72793375506047,-53.88628640814947,-62.8497897558307,35.93956738919375,14.29228261237207,-0.6149687910812104,-13.04236299007645,-17.095157294724796,17.374622835358217,2.951490500895367,6.409944403336695,-29.909986348654673,-1.7370806028901926,16.233030895757917,20.039739454514322,-8.44121328456989,3.593665817076626,-2.70450214155418,-5.101522308720758,-10.296353407526093,9.897332279682534,-25.29297574828111,-6.6051056918809445,-8.258485365209287,22.32892451825608,-30.22687203206058,-29.499544689593712,6.8027865271784,-27.619818901076915,72.39707870407528,16.562791087256624,-39.22285616826627,-14.302025864562049,9.211420119976047,4.975933183363427,-0.16292174865611497,49.44628129540376,28.320882874736718,-11.171944283950642,-5.014375151383353,-6.805950169197156,-4.367855415595231,-1.6493102103845745,-16.711156664376777,29.034548453645264,-23.91624231613143,-29.496515299700565,40.469343810728965,18.012681629713676,14.432892167480977,29.65435657457989,6.90142906026211,-19.30993387999129,-0.5503779053637835,-15.94470455301189,36.168226334125,7.90292757034708,1.5764508048505386,-25.572585242040635,-19.530107345651643,16.3603678808776,2.0248222916260024,10.445865712301066,-10.018180151028513,-5.499152935246874,-20.706687409808808,13.796130185571835,3.3374481610823055,3.2405044678439,35.11279352644577,14.2052122833835,4.3021976032379206,20.159815513428796,-15.85071475821404,40.304354367949045,10.820451792835064,20.386576462302344,23.420836709436813,-23.881882255695928,-9.089776036147704,-13.928050816993673,6.434096252401672,-8.449059654262964,-4.404147906799126,-15.443241810409706,27.151446127146194,8.643269030694452,37.239369426796365,13.989774419674117,-32.40065961821934,6.8354417101774585,-26.497217094839204,-17.162689101603718,-30.201040890062472,-3.3240052536254283,-6.547367654340883,47.97173663891535,-7.176920421831685,16.645963321810132,7.379243211618971,46.86791382104798,-14.625056227619593,12.68906253188388,16.660029451689386,-52.47685899277488,17.618068178021094,-25.45406166608647,-13.595453983769238,16.23082681996448,-16.34644393915427,2.395791115670863,21.66088604368665,-11.334343494882011,-21.966556824224835,-1.3724764212030172,19.141799183681957,12.897901312844109,43.73767125227769,21.63630201319495,15.343901428780782,-26.335274606286717,13.232641925102374,-22.155661776985156,-22.024374876154948,37.14759714473644,-44.633501036135414,2.2458081738557865,0.4255439976993575,20.634927992348633,-50.057831739891796,-1.7103795627419687,4.88224772866841,15.25236467351878,-29.52321563351238,-3.9104513900136104,-12.423860163748886,-1.2431814352173647,11.38405813990067,12.216918371497929,-0.8490556609437767,24.240597583109036,-1.9028172083209807,2.775527011730121,0.541170500442822,-10.893214634276683,-9.710952754325135,-4.626082979630658,19.616907846611277,-12.974613709096541,-5.762759667199662,15.051333146438738,20.57053817314474,-38.47121507486943,-35.60563129603293,23.323127207381624,-2.197839034019873,-15.59425528296798,3.8046598298631715,11.924684055781055,-6.008495328065719,-3.2443970643599727,10.26801539593964,7.411023833693794,-14.848509560970793,-2.5709361672186364,1.525594173656359,13.867725235378067,14.854521223475386,-41.58460932683327,37.172083873073156,-7.336716310207022,-16.363770321101583,-6.91872883123211,19.500840734802452,-56.554867992224366
257,-48.120447230915616,16.905228524477508,-56.02340402977983,-56.9523382688958,9.62348460635736,63.67912921912766,114.06853019451259,-53.34733752098388,20.16348228490656,-24.318007836003595,58.39632168823822,1.056972905313454,-3.7484647791221946,28.516375208724895,-3.2622908244625126,-0.9900519667282508,22.72576084582181,43.9627312909073,50.5650446179802,91.57059031882349,30.79932702329437,12.655625015751458,-12.266805372184049,32.064333780571204,-40.16673532544703,-8.865436400580426,55.954426636272835,27.56259754393388,32.63592644199327,-75.25055968408995,-45.76420300021776,32.6768711742239,12.75274703823522,24.048139678004944,-36.55266082844208,46.63412534007585,29.897947507000456,28.174101576677923,-14.858870307776044,-33.7345992580052,-37.52224502403262,14.905361539415786,20.176684425109233,-4.4117768258590475,-79.36419953027605,48.21776937549478,3.8175701243700013,34.3868537103287,0.026778142622084333,-11.372632059826882,-23.878116618201425,-28.511486496710308,3.5794218929863515,-37.46254380213666,-3.9139274987816206,6.8199355073237795,-28.090023741005435,-0.23222868129029697,-17.90603252404094,28.377030258841568,5.8340056010703965,-1.066037769162079,-23.5773082827077,14.32146703154265,-92.694667898544,-15.411712409211509,4.561330333048618,14.389917474806566,-45.71637334531673,-25.605039694457666,27.697969484876698,-4.1965187801605754,47.578841690665136,-30.390090390542962,-13.19690788213259,1.961115401304514,-17.011526662174674,-30.318125026728268,-15.248251447855065,-26.72660440507855,0.038437431841571224,45.433330152943505,18.248985763710554,-60.58202725412866,47.67307999689208,2.5677358560301715,-66.76503505777065,30.030775207736824,-7.868573934733117,34.2783500636509,-11.835541637987129,11.471782583119673,39.69665814226673,6.833193371758863,29.76652706792459,-13.994827454659008,-18.919219131619315,-16.69306235991222,-8.87625820086689,-30.384472827913196,-32.992145817562076,-9.943419321848902,-48.241982740307606,6.8765973680318755,9.161587058910666,5.733140689718872,25.557947130312083,-30.925204535814775,19.779209039619207,6.115622816275591,66.62122997543177,-8.998051941660158,-17.999957378354285,-14.026026604069108,-60.89473762650533,43.460198900388086,-9.908280575931865,13.14403245694933,1.4716207470231872,30.89461877797558,-56.70598159494902,66.44020374289616,-44.486665138770185,20.976962673381458,-55.63783002495806,-10.947461150617745,13.184301648182547,7.723800523103963,60.26283171366735,-17.509107198029422,-20.200253762485396,25.264191169442498,46.59892164110007,-60.762566322928684,-17.461197112246335,-24.420243105061665,-37.03433939517069,-53.526728694856885,10.025842253521303,-4.511197418033439,42.290810482975154,2.983810456374839,-0.572568340731995,-11.322417910970465,-6.552528986739016,-36.98653240981501,-37.22892578569251,-14.083924126106597,-2.2337227892591187,27.267157665844035,-15.2136570393977,1.757227459378338,-84.1271093265741,72.27644840172758,-8.47883009344574,39.63939783853224,-49.546193220290576,-19.49745912511611,30.678731466451886,-8.844647623818632,1.7415910862418444,-28.078150164508074,-6.960796851395274,-35.34548393022178,27.961292067178782,6.75803293617013,-26.817310979538725,37.73640244480291,25.372070186668665,54.25349253265497,18.303870015168876,26.559007245909978,60.64143958564164,-6.740415518316161,21.76552759896978,-33.45186715743931,54.027318534540754,-9.866573568187482,26.304432841099906,-4.242930720800848,23.531883297115645,-18.254228710740687,-91.45118974909597,-25.99948979999725,20.150005677051247,-56.96136899169382,-22.843791922544664,17.889179685466747,-14.693662147846522,1.5602224262136635,-35.30763310974941,17.11709877433596,6.072351347295742,29.739707970802343,7.880157012324012,-7.0862216429399565,-37.204630517963416,39.471015538093724
258,38.591764550339214,-133.21979426388296,-78.6699217528827,-145.53911385765076,-105.72652026285631,31.87607251775623,-41.0880064811871,-46.104767554952254,-48.26191117511703,31.038785837044745,-40.627872506496175,-100.1745686252796,82.41808756112931,-9.428082841051765,12.711849800158422,34.13689301015421,16.511822218922212,-17.159400913334512,-102.67255490510186,-102.90053942097477,3.7519946191453215,-32.62412317070149,-15.14215794142063,-54.11906227214507,19.99434707394278,25.045034847921123,1.994440179347089,-38.10430509494069,-30.048762857679463,25.477592072726168,18.831889593945096,29.420062536721453,-35.1582083875523,14.794795647212627,17.097234420088864,67.33185489058326,-3.063308513015201,-2.526978546363668,-6.042556652759531,13.047706496966649,33.85442924246562,34.84916127470631,-19.81497226436051,-13.389120366496376,-13.36308388345003,-19.873716305238926,-1.0985224629393793,-4.695191280853633,13.524060868484268,3.213738193212543,-49.99102548193789,-10.714570054573345,8.193266141192835,4.022532857321473,60.053294196770665,-5.287916764282686,-40.35723478180808,28.991770069417253,-45.99587060538594,-23.358857819226365,17.90192861536198,-55.06924429378667,-12.753830268660147,-0.9654998132385918,-36.914401102607776,10.993002205465393,-32.9585622130098,-31.38747193771732,-75.95684527085285,-21.94436508575114,-0.747717771102804,-0.07853560335722687,54.3742408600046,-37.429562963057315,-62.75814592041716,-2.6293318032959645,62.8601862445963,-1.658754290216305,45.557575911544404,-28.297319270613645,13.360362245552892,16.18276673959697,3.1039738876220078,-20.354932860789916,72.37526696785021,-42.277345937782385,-23.165641668025657,39.92535218548081,-52.516649933017426,-34.33612647073696,40.18565766591404,-107.37754797864444,13.25830945392419,10.858738680936831,11.72558787146862,-9.95836612304382,-6.107407734582987,43.56398018250351,16.80388637771664,51.32975247220383,2.0315773714924026,13.220763382478454,10.565652876617941,-61.540032755116194,-39.43244261316909,-80.66010037124708,-10.360575653637458,-86.56341919777957,-27.820705614589507,-0.8080304208835125,15.947724293823958,1.2821608912472224,-99.72627529316149,-23.095609348692854,36.10081360289129,-41.38803538149511,-114.38947292273505,-55.43418888578315,28.381177572234062,13.111767237221956,-28.63557858511391,41.88253431110586,-4.6019501045748905,79.79990391974009,2.5421338719019473,-1.6857362591750902,-48.83331610495842,-89.27419470728702,71.15139177855178,13.965370454205042,-63.54374069240517,133.78579099696492,-53.58806434270794,-67.08098976827091,-22.59793690454449,58.224972194924995,-24.301882313718036,-21.087869637660255,-25.45154742424031,18.81641793277597,-3.1803977918457877,-65.89527382247968,-17.61290468441621,44.17316984966822,64.93512695982287,-43.37538407105831,-58.47105730672822,-19.472306836269684,46.869438995405034,113.38381644913224,-45.55618915717437,-47.67905859470877,-39.26294863026638,-9.666041185199441,24.410754115742016,-17.306958226050888,41.8816883486845,11.732509245476074,-25.09230092573964,60.216648839103634,34.47262940688219,-51.325939137239864,131.77987170942706,-41.339054647476054,19.819181371248312,-34.282653817143675,-88.1730571428717,16.24855814800974,66.13345542573846,24.883322808022154,-28.72891520714495,21.018488895759553,-35.32132037784733,74.96766312807964,-90.72696110909807,46.82048288113818,-54.26727705958176,-38.22353968109425,-14.257024250313659,13.33963701052268,72.14665325887786,-23.4775991796167,164.43202903838392,-7.848732190977424,-86.34582190430713,-30.373029953019394,-20.644438746858487,-42.38555315817172,25.889321499008833,-19.534378997239212,9.5932171471818,-23.758922322530637,92.84119369040377,13.065369448543338,83.06584854887976,27.083777323784606,9.855643278575782,-11.445394607724685
259,189.6606962937073,-291.16088083153346,-61.73740831660293,-31.96780131219599,-138.5232680533579,-112.38061830644995,-155.98008821492317,-63.70908257241496,-14.421125525109613,-15.199672803292083,-77.77870999140364,54.451155422636305,163.60145539947143,-91.79914015867237,30.260144430811618,-9.274184100676834,90.71649535163299,-27.824503080042046,135.38769707694973,-141.55728927715904,34.72429306920985,-23.49825211839525,-0.3977484854389608,-104.7540275297745,22.744991651219717,-74.99230868035966,60.46500703938745,-55.49242133972702,-105.5519155131428,24.27700621239793,67.92577810933348,-87.52286454259163,-67.25454137518877,-31.92527963993352,-82.31616732416101,64.39001962305032,9.415090497215397,56.062659400044225,-4.798688776831063,-41.920006704687715,24.071405666964438,61.19200136128541,-76.58795390970324,89.23178921778714,162.74952736941304,66.79951156306308,31.661779539271553,-224.85334090019086,-101.55880328161531,126.4707484754283,-47.70427585435842,-47.57145354555272,-16.038317948868308,-93.79253284105997,4.165024043277654,-198.8285103444922,38.35133646194687,327.862011885955,28.777143730749764,118.38569652021695,247.03736062141687,-25.99092995531147,-9.559922972807572,-132.68520970086607,14.791914973726318,-53.967317104290494,325.90637607710795,-2.1855647556319835,-116.73095963045657,-85.79890272183047,124.32339303516976,278.23613741699165,-39.51673812436228,176.2698324520872,-145.01684739404783,111.06055756301522,-54.982263460537176,164.6899410669892,-78.0528639329357,13.245244835149975,-46.11419524545926,123.37729482920267,121.73759437730314,-116.36174862613473,-134.70321109750805,-11.870587282464372,-16.230404800420356,-60.96040161743736,-42.32429793809963,9.374501137841241,-24.697817331101867,-6.293912657696561,8.748630195276954,-4.682125739982613,58.47398717627815,-78.06725410881901,-11.894609727102793,-2.791133133297803,-23.468464195292334,-15.311539426639133,-7.807276242185692,-18.896634346835352,-14.888036017701776,34.08070791563674,17.775295740957947,-55.32860013925098,34.40107232810456,85.42326983008651,5.644817723697278,44.33326134803714,-36.69411518990554,1.2406564051828863,32.831810180480936,-48.21615009699057,12.375995720733894,2.153407142639874,-31.726573153072813,-32.36306736097784,-34.74333526603247,-8.243775838832661,12.561038487040237,12.63194002951022,-2.6322980988883,-16.002196451930065,-32.97129502874683,-36.986550616777,-17.567781744358776,-4.931754790492521,3.309632937850648,20.196431748921377,19.337822503258415,-8.66213606201897,17.106986170945547,31.845159265662584,18.104908010734782,1.0257376917477963,-6.878983510638224,-8.518066156584183,-8.399792196283958,-3.7890773204799495,3.788692962344519,-10.242395159240054,-13.154955320631126,2.8646723837631485,-5.721868955805462,-13.053489712879266,10.266557927166097,3.0858326365710202,6.539018396723725,7.817969544032563,-8.031321262181748,-0.9375396426785876,-3.0441603387293377,-3.3614959216600635,-13.330986240171303,-0.6123372375952394,-15.969326733540296,-0.39095929240654836,11.784904492049552,-8.323041051372536,-13.917136616561118,3.708761826903308,-3.351329206914212,0.3898335017036991,-6.056452486357035,-1.855576405649228,27.071886444756643,-19.684474802699064,-5.27771088392104,-7.074451257008145,-2.879969310274593,-9.06338154930084,9.004059049785491,14.410542579502772,0.005737326628464656,-5.197549232138915,15.196098423613421,-21.936840962411786,-12.570856241745192,-19.182089928162057,-0.13853698209625154,4.697999032151633,-7.8185586347522,2.453747112044513,-7.075125759744508,17.048177328751994,5.610435476195496,1.9678504015296314,-3.5389718644999437,-12.148301138548202,2.9615979198604245,4.387584202483352,1.4026918472610044,-6.620105791932836,10.695746520667962,8.870912515766243,-8.150190658040318,8.121489179909224
260,-59.55981017987668,68.27664762157747,-3.8585680388074612,83.58498024130762,30.840010043032443,-27.33831643588855,-7.338247798032485,4.872476271145178,-42.341435241141,22.114221042784116,-45.93141169397023,-9.036685457274354,59.06126208018733,-48.07747862678434,36.908809800373405,23.78477313579965,1.4595791397637459,50.31383933954531,-22.263833659827785,-32.28908795621648,50.65295979410225,-11.450840426534565,-11.10431287238218,-36.25653457273733,-5.670294760883926,18.84281183284492,0.974018285540028,-15.301805918156434,-9.288207160263168,-60.031833106028714,-7.516768938386433,16.65152465085497,-37.42559393739535,-27.021280265173623,8.507976606303739,7.938681702280816,40.02777122970338,-23.87941831554414,25.750849357659177,6.930584566536515,20.885224391819136,-0.005040104228297926,13.880073834752434,8.98090506350956,-9.482917289503764,22.41927350848989,22.863641636705292,32.266919978227065,-10.74445427035822,-27.82113677667553,2.2628840857656236,26.149680853385156,5.498673097064438,19.652623044916993,22.37491607777706,16.463635970268758,-1.9069956666912242,-23.752753182881325,-6.526165261615475,-55.73022585917709,1.731236657942985,18.839801567582214,-2.310470917129135,12.825761275488519,10.903595224424949,-0.7065413768712026,0.5025801649368075,-6.016132871634385,-7.598065315168647,-31.458718250690882,8.562608855949964,32.25617375403712,-13.021654093526022,-39.98430327388512,-10.551161934304266,31.490751634467003,-17.47270692154812,8.076687922236648,-21.524617433221906,30.43166498307268,-25.473414381376816,16.93061493124911,5.170290888762587,-23.039914834677436,6.507671310353226,0.49165721230141757,9.335054015819443,19.721420888342863,-38.489534765745034,-0.2579240992294063,-23.43665902625693,-13.558309115872369,0.7871698950377035,17.040979449775275,-39.39825888167562,17.90470210266601,19.83635217940589,-7.496413918198734,3.0788154584054985,28.06976169648557,5.203829486603604,-20.50867513231978,-2.413699461426476,-57.85345026101783,25.578428387864097,-10.713266254347559,-3.9319264102699787,23.382001799262856,-6.501971473884284,-14.204133074732473,6.000722158799695,16.15310954336481,2.742790547463369,2.2147306291679136,-7.055696949488382,-5.668262610869788,11.10669460256957,12.16643006044563,-13.194273132890082,13.385806293019066,-8.754601201659861,13.481105926690955,-5.46443338799209,10.5838265184484,41.70848500167265,-6.234949031980872,24.471484183343886,-9.028907197702647,-17.08106429927694,-11.26994999496726,13.96562732651255,12.068612377899065,-6.550627005260434,15.33395091149094,-21.055485969531176,-24.959521044657293,24.783873940323886,34.15071076601257,2.2532854109656273,-43.300051860481965,1.8486960514451454,-23.826615226058003,-13.779103244485773,2.5246850319193213,5.874806007231605,-10.809129152029932,-24.48144437840972,-28.079000143351635,-10.852815356655357,34.07926224195944,-19.277730786187742,3.6240808559147544,-12.597150499776724,5.2981445474237665,-8.38848383400476,-4.515395109842256,19.765901792700916,-4.913055494361096,5.150760777643336,-13.22519149779935,5.160857206112984,25.48988652051155,-34.6548966505563,3.921930927116685,-40.52194144349361,5.340869570396128,11.839470149788589,0.17049813162008365,20.12520000868016,6.737357473394877,-5.7835352199232775,-24.346272980921626,-9.324739142462834,-21.59393148512049,10.590609575682363,4.9191665941929665,19.045214203085216,2.226109854595275,-11.15845496823508,-8.275880455842174,10.942039190301212,42.750053517266984,17.116740081087084,8.740914217162622,11.53411894383008,23.21954411259846,14.694951594125373,23.836106260798253,17.13819403605851,-10.373844620350361,-12.192660631505388,-6.331044249149669,20.1637206424837,-24.828427006221055,-13.372108225662231,-4.289445434469766,5.357197381393747,11.18625514753495
261,19.416974723816292,40.61002949393544,270.075028127275,-128.26325586377598,43.0015350776243,79.73366729413245,125.85446364221364,47.424593999720315,3.8799341244431487,-57.206247203210154,40.01898640077703,217.14416238031396,16.818103873646937,58.27910253149801,658.8495642321839,154.52453712165038,129.42711934335685,-126.7491292525212,39.73056061768215,25.46009696672273,-87.86199898629712,70.43979585612165,-16.938762600240846,52.62393791769883,40.50065389010706,63.03910623366239,-119.94423178041343,4.47808863089391,162.32147536000167,61.38937923751703,76.90288275257753,-86.0231410888642,-46.01043206426393,-161.55671060935293,-65.24874722025244,-346.363008505993,-410.64895828778106,401.20858092785363,223.98745248321697,-62.686886833966,-46.12724839497642,433.9857993752444,-180.7183270814833,-52.70362767155886,-235.87836156848286,41.62280751329503,61.21949738614823,159.94789297088334,4.488631898621373,13.103851330800394,-82.90297379330664,-135.2758772639528,27.080187722502178,126.86345233331572,19.227795553674778,-49.55886866233556,3.0337928678187014,15.88398287247509,4.130781429484791,6.4269327369445515,-57.47521775763781,-115.19333265381609,72.34339117893515,3.4766215961034734,13.608199257346088,-24.984950566587713,2.821652688292921,-25.665698738318845,-3.0218677642563767,-34.01029105836051,-10.549764092450307,43.96935231134019,12.110394274665879,-69.4479230086685,-16.928669033412096,29.036182224306582,-30.36458530230674,14.666794010324212,-0.28074325217680624,-22.389296356338015,-20.33106560427953,24.058328275702554,55.43986215254673,-39.96884571426179,-38.23974346404977,14.957625779587799,-13.790457044267379,26.53900876541629,-26.327251784435713,-11.0802458507407,5.715561309809072,-2.9762184686245132,-0.21770379837323428,-0.5423109187224515,-12.720133814145631,49.37453090614219,-3.198620648199814,15.382368182679242,-18.321872637536135,-24.2579848692682,2.9176278331385506,48.63893714972779,14.600936127253929,-9.51745075857169,22.452629398316077,27.659291105165206,0.05836645103416749,-19.60576252873992,-4.871047480221234,-22.191543319512572,-37.27088783474013,19.382504118767187,-8.839880636399144,-2.1516177849381783,-12.176617315777218,8.008429369064556,20.518881829744355,-4.52468470670094,-6.936581962590745,-15.075670396792932,-8.171043785557096,3.5942821022841076,-9.349198538254553,-13.87880409200168,11.160282392929929,-5.942759267416024,-12.352666802322473,7.045033393141592,-10.197657023558564,-4.921065428930362,19.49503649385808,-11.903753995706376,-13.419483255437859,-21.297161680280542,3.3351338868292046,-5.883295347800599,7.235291551825855,1.6716733937507227,-8.427861350705408,13.002822939641785,-8.13497495415251,-18.14964363153471,1.4359207922426729,9.972593795968924,-17.730577387069733,8.893271818029472,1.9066277516131624,1.4036651832792337,-5.287722844974701,-5.627823856405462,7.45480688104885,-2.153156416456402,-6.840467982029457,-8.14756385205667,10.45534523579562,-0.8163857784050684,25.7453484224976,3.3399815101439123,10.538502148568902,2.09444720158451,5.074761960437917,-3.9759980175981355,-5.175670294238253,-2.6515403590401037,-14.152016738769644,6.519431425835488,-18.071544501934433,-8.29440263836871,-0.06853868934604132,-1.4079628324660411,1.0962815029260027,-6.455763914596442,0.5798163697377618,-1.6027162003628923,-10.215927266217186,-5.060519122951621,-3.4637616851942696,-2.6458958305674365,-4.478882584420603,5.1568313514327535,6.182823799501507,-4.489260712237384,5.38612148508597,6.444958158409861,5.00059056868724,1.285406473901722,5.879575518858406,4.396833685858861,-0.767893097492555,-2.729036113694728,6.6496413457249535,3.379501842239607,3.788064185244449,-0.808215429959779,-1.5527043250839287,-7.8535610919536385,2.1448134594311323,-1.5383060800270836
262,-5.731733474487408,-34.80893408349661,-43.85337467285891,-85.1318450767985,-79.35483725375515,77.78260594174954,-78.94324175462711,44.83823301119763,-96.98240238440269,22.609083656335628,11.848934643303,-32.64143031596142,72.29961686764968,38.77378419855552,24.84483710886082,-3.068561765948481,3.858527911958291,-15.55710803380809,3.5371403067345715,-17.58648574051212,7.410068216669656,-28.618273310017102,63.76880532247545,32.186601548648575,-45.140322773506895,-39.505399091951,47.03388474260031,19.27160382798523,-21.890413182424613,-24.489380560321333,20.486957158765033,-15.54174660888508,-26.449065415477662,-1.5604705587315932,3.021410982414313,28.783749685839947,-14.646334223957627,-11.86941716714426,2.3193723033758635,-34.55556786407167,15.223518647924204,22.55467500345138,-36.019958592373406,4.637601203318935,15.829311174613299,-15.500587214356198,7.809124223167375,-21.81356356750819,12.510385141888628,2.125904790287578,23.92963497283547,5.429861136189448,2.373555924408742,25.256507905817372,3.5168340412669483,12.108816485657869,23.482738527233128,8.889173444254578,-10.269746415778465,-7.410298458045558,32.36025837515423,-10.374672040570987,15.225831744484182,-35.30358734529929,57.7587848301495,-16.752687944207068,-10.231924195815786,-15.843847055147432,26.66973566068675,-4.4959397297345065,28.30940345673977,-22.71480010876322,1.505455588730211,6.666865210981632,-6.174849481787161,-43.586537949870625,-38.241412957267464,-0.14083720423794066,-31.40461242500953,11.082563726147779,-0.9027417023031123,25.015019197220816,9.343267903142355,15.180299430286732,3.9415461449165248,2.377087992564317,-12.282002085769092,8.799044621692712,-30.946358721955512,12.818635111574713,2.246108940134919,38.479697299466714,-3.284648227990741,10.775414918755894,-2.430738065032067,52.13617983211055,-13.804868793794572,-24.80432867611887,21.608134962585172,1.0321724825696796,1.2289395521992492,-19.803175032187028,-19.18936809791236,-0.9465948515966467,-5.777285899898357,2.4255252355326067,-11.83805376083914,17.852226373814045,-3.909519270175033,-15.806312692770424,-23.793330782686887,-17.433356321165974,-7.134083068568782,8.764802170165218,-25.60016223613425,-21.495375746547097,-42.45015165301951,28.01892810037978,-3.226918570772902,9.014375461521452,19.725585884888062,13.366169703032492,-5.445698706504457,-24.102811785669545,27.51355295927897,12.061808374623823,1.0391162641414595,-5.32613472120494,-29.38629779864849,1.2721191930681806,-17.99964499891758,-8.22667332678003,7.758984024428826,3.4619397606357483,-5.012707178357237,14.205427240752044,9.523097581580219,34.68828719586002,7.225116787954093,20.06348882637971,-36.548699896872115,24.678510820769453,-7.867255034721169,-7.381016562664661,-1.2530552776272124,2.925695496530396,-23.099616935725113,0.23082350769166438,-6.803305402219231,-14.645745527826406,-10.801793367851186,5.141058249658564,26.5181529845859,17.014869352545325,21.193607362335403,29.18379930726325,38.86959942909631,6.663427603268108,-21.7718816457261,5.300075450759162,-16.131712531650606,-17.19680286032805,-5.231117720239525,-25.527617535166392,36.87069910665046,10.747167412274965,-7.2013566821658666,8.44957701726928,9.548268720301612,22.020125048514174,19.698381992121103,-26.5108981037361,-14.508869996281732,-2.4803811030212364,-4.170961064395456,-23.835758935654624,-16.083961477114393,42.239634977318666,42.32664786857931,-1.5308437819645526,-57.813138226879566,6.821821550944018,34.5594694742892,16.781362788279864,8.733068197627741,-14.023568544989422,-28.46512190999523,7.646299713432037,0.8271863622708231,15.548610910596034,-26.089527017444958,21.34806797641441,24.597736676791325,27.315974874187532,22.544296854603505,-5.623080275640731,-7.489303344003469,-44.36724552206181
263,-14.647885000365536,-26.933436460535884,-51.65121018315984,-149.8901139787039,-65.55490114432169,123.1189234960916,19.301866726254882,19.761712593568316,-40.528097764372305,-18.02816744009792,61.43562315076593,29.354912514219084,-6.9955328310139855,-6.632513013733177,24.89999899415916,-11.542485571632353,-9.569215614209828,-10.711471841166723,-3.576323691564037,-13.132742310210784,75.12589486433299,-28.120848015544993,4.610183865537515,-34.17890459720632,-18.426340716085036,-0.8388208396679533,-39.83325157806001,-4.605423506222825,-69.31563276883018,-19.189053471881493,-47.38179027968199,15.42984047155816,-31.390141521065548,4.8834583339251845,-30.605772067022293,1.398848350417611,27.366157976694268,55.22743025806612,15.01851868877348,-5.52343884120203,29.90556214831848,4.2152502261559395,-45.09949663698763,18.63184938878805,8.729118630686527,-19.418923587814145,30.253270530864228,7.313520076149192,-31.152277044641245,34.396665997119825,-38.142028727504794,-10.149864456373441,71.89284001115536,24.981100307754012,-60.797874722944755,-37.6912429164935,-11.83381827169344,-16.371684236447628,6.278312740568352,2.361223319924597,-11.783363822099153,16.657516774661904,-15.622984647129192,-25.82590312307104,8.66385067266183,35.14294759159223,-1.4073183204156812,123.99385534034427,105.33101142022815,39.5666378968223,21.255091349429776,-53.116399070602505,42.7268974604364,49.06276266204235,-64.40955618971435,31.163570159824967,94.31107548343584,-21.255519904292058,8.476042506347879,-56.177917782914655,70.01108445963455,-26.24879691288561,20.708835286322593,-25.628230042342814,16.628030060892026,-55.63235821446184,24.892280330268186,-34.53283653859806,-9.940401182377073,40.212414796969526,29.206439371422682,57.646140253347006,-62.50396473419333,2.3238046337955827,51.3697518633312,-24.04229288996317,1.6922409484531344,14.206257096970656,41.123582746053714,85.57221661599621,-4.545512151354461,13.098497033447655,-1.5000295021219396,-37.87208567034851,-40.77476105096746,-2.695563454357064,19.009467063329595,-25.63994190809387,-4.912792522130607,62.37217590927489,56.96218606415714,-8.260452466722318,-45.49242818491143,40.251116209638056,-12.459011419660257,-30.534627346870092,-13.1193630205982,-56.049474400514356,49.340191554635695,19.15708507492444,-39.71220686977871,16.422672444584016,28.30697447682901,44.23319122542227,-53.034867313309654,-12.258638678046413,-14.4603936037025,-24.22028641802333,-57.51017180831669,-40.71228595131228,-31.572196219287054,27.30959796347211,-13.417440910584602,8.550823141451637,-40.44560603146662,82.37287354559855,18.177236886416072,56.83615942803743,-62.94304593643764,-11.29405193644944,23.89980080281214,-5.586373046870433,-71.60973003190037,-28.8354765987633,4.044805822543396,-34.348411144915175,-12.356908987438434,8.147997576355213,-65.74854533820168,-0.7100332989884772,5.340228364264749,-30.749371219171987,27.62612089349905,-88.56044203394089,-76.47975224642134,11.813197184665897,-23.49393303238426,10.087130148116575,-40.55023496993886,-5.705517710372075,23.66099165018789,-88.08782546001788,-70.71798274000967,119.16154974619268,-44.881650250233946,-12.519113644839086,-99.33352141371714,-25.997777335074392,8.472852715126697,17.66699075434411,83.07620294163253,-92.25238794648733,23.586663569253098,-24.105415047120395,132.39543143328004,-9.27906112049184,-47.01604685161814,68.60879570289647,-133.7380498886355,6.5636850875707715,52.918071782600066,89.7223157911677,-76.16452904537388,12.01179945643614,-50.7552287376336,-14.063422551420146,81.046214313275,-25.47505374766168,-41.056087931447074,-43.04265529323424,-21.847549567138284,-97.16084836322435,89.95904024624305,-23.08730384882898,43.934942951150745,-48.9338317174978,-20.23089592090176,54.09499786515617
264,-51.00290223117852,56.62573221181469,-11.612036874106995,34.57400241627899,-3.6647152435787316,23.06764405257833,-39.38877984093635,45.030612985275816,-72.15856091738404,21.37842603571033,-6.030592262411722,16.21332013782192,62.77517661367837,-34.31805142424731,11.759084800983151,14.331603379018802,-13.225165839866154,36.66987095908636,2.022667180494539,13.887533412893132,22.621596069803548,4.318892690637709,13.202072099432577,-11.36388606319185,0.7963576037789988,17.26861259553956,-21.984098193991837,19.63631644593061,11.903371951738531,-24.549119827273802,-11.695699468830439,-7.989981871784218,9.266399170622506,-10.858303986501415,-5.775576039631541,-28.213251514782613,17.637947305929995,20.95822479313371,-13.41715565112164,-3.8729192374924923,5.279722858154772,34.676353035084524,34.72860445030391,-5.156189577489865,17.603597654629425,4.238590095246352,-15.753518968192067,-27.535691571204993,7.505042184169382,34.05277727563975,6.0373103548355385,29.494118874382334,27.71260355163552,-16.91539395332381,67.39011354934499,9.446164934123496,-31.060876454518027,19.640870615477255,14.040014232155155,9.314147560155565,25.646013946776463,25.734681432780235,-15.613830525026891,-24.73730787660152,34.853777189200876,21.782368581513396,30.369274628703373,12.375957860227635,3.6566388705261863,19.78242746665012,-8.004616117264298,-9.219653414753177,38.385709071517844,9.477327391265268,54.869977523728195,-17.178299469904047,-0.08771346574887884,32.59957995972659,-18.266678488989758,-22.70356732546378,-14.158822745978599,26.761941150325608,-46.926722066112966,-5.520039221942658,6.252443852787147,-14.293869460151528,14.954668154802476,18.12846185434496,33.711982109025676,26.85644789473435,1.6450693087543742,15.87276613848398,6.807943740498152,-17.74014768547133,12.290033531994387,27.154935102153853,1.1417031518302228,10.244024006833317,44.940610256755285,1.2679055651137883,-3.3407945870179527,-8.51548865001909,-4.771562316200628,15.11355467629452,17.05413346224797,39.04678601322476,-38.47089745950945,-5.729307822541078,14.557017476635295,14.101348801259451,-21.409684147158018,-22.952283780607235,-35.898540100686986,-7.816017343696643,34.95479257938328,-25.949184793040107,15.336206125692755,22.70865633634486,16.331182677116043,-8.36421483274426,15.197585390452698,31.35681344587289,-2.120715688646098,-1.6019766140666634,14.241682587815227,9.117517246720912,11.800989212782959,-11.199247588324438,0.3997698147088546,-9.514110077790486,-13.335045263854196,10.952625332062452,11.572266245204094,-7.265485002578126,10.863978299824819,5.992447026593739,29.857621195598412,7.631638929770786,-0.7269141493026059,4.354670900369152,-31.983635425747206,31.393699763452855,20.88478602063605,3.626173594532142,-19.600119605780293,-13.636956467767645,2.662218509816168,-6.99387958472779,-23.460965425311876,-16.19838690198524,10.895229533503189,-24.42702895584631,0.25212183163581053,26.57635052151465,22.765474775010727,-14.863686792032217,-12.65177294477212,-12.285413562650797,-11.265214114141392,4.598552115329122,-23.35362642467185,-25.190340287342313,-41.16910715148769,-18.2930355392592,-21.70257286072574,17.921512571364048,-14.308553931596958,49.61471192801154,2.183594578419255,20.804856338371124,-0.02811906251005661,-15.068742787554951,-48.569805064828714,-15.971215118660895,-29.470985576094023,22.819427008285384,9.924455264400535,-34.81685088540717,24.26048580095648,-14.264009697612176,-28.869467870291363,13.94817837258698,-4.045678272875608,10.819699173119622,10.62660069280564,-22.19938349302348,-6.365885526549858,-39.47703787573377,-43.301151667172746,10.220311503054846,12.620332271605708,-27.150182199947164,-12.56645829274815,8.34207498698388,9.084246987099286,-25.642232303989978,24.31974678158562,36.38556946608311
265,15.706622583185013,-41.198755955890796,4.3931447951144245,-15.701527963794236,-58.33992706222401,-20.534031330519728,-132.6415525865938,52.59415834452577,-39.71036461102457,36.2680520551574,-26.57343601361262,-33.375811150164736,-28.703382820624014,21.561650875506693,13.851229857103018,-16.10471421313585,-34.10029735037398,-42.74795727188999,-3.8626130163103025,18.35136654045497,-7.864829246110851,20.619483433379358,12.102034200687264,-26.83414025188534,25.139216660852522,50.002973439578284,-42.43927537836253,56.467874230415205,78.00913743112932,9.902918628760721,18.71115042938533,6.62872897873044,-42.48455814095972,-24.864202365790597,9.475758237944348,-21.60244721259617,12.772215079019551,35.83121568613313,-15.839529927386433,76.60206596314855,3.3192830424837063,-2.8053839088668004,54.72827813508488,-10.582255156937661,9.74842700658585,-70.61476766088806,-9.59536230912763,-24.189427866009854,80.28021714782362,31.05033993094093,2.8445428628470433,22.643864270159884,35.620924856003604,-15.936551715725521,95.1645735179024,-29.50663792609581,-5.196123312691575,-1.9301049464315954,-73.13610904446617,-26.440695419626742,-0.22808866680399212,-13.582570512708902,31.10709053945969,-34.39415524800959,32.38797946208061,-51.26072601607728,47.31061014623562,64.90579730209042,42.78648887170282,40.07803449304416,-24.371814960699005,-20.101053200159992,24.93877867116104,61.422002115485355,43.86516447528585,-76.16829852448127,20.728047282335652,71.95343653929378,41.96844396286174,19.637882055175503,-14.483470566553654,-5.023408473405871,-6.389596169104015,37.99115897164402,-31.36001841288374,-1.4635269966642392,41.046663313924164,39.90037088040596,-42.373379449409924,29.684620084932035,-19.651829773762273,81.49933100064244,44.3819256994244,-14.880951205614798,8.910945074647719,-57.058590758725444,31.667340115392328,-39.17560677113584,27.452355659612035,-73.67329738560767,48.90121229382652,34.32290626007838,33.375155869858084,-6.9570780235462,140.9677984724355,35.43495506981999,25.3037541250469,-60.861553940178275,73.56933671817784,50.53567686565603,42.13789288098585,86.84431876708886,-71.25134885327735,-36.45057115683508,29.391729580276582,-48.85303173793972,-61.936535651243275,46.98552845172267,105.33049389158774,71.09021741414185,-24.359840874347753,103.66517753363121,67.39655404810927,-151.08345880190328,-102.33554024096905,-6.0518854773517745,49.796063801044205,-120.69358415154485,-8.764011530661394,-20.991938936846893,40.890513579895284,70.74071928463457,61.715045792152125,-44.25471174809696,28.22971806697036,-79.78072165810241,34.41968927361989,62.696988223945986,-10.32509855065879,-157.9661213521073,30.128203665378276,96.36829600103897,90.7513928961717,55.284401898275476,-18.12514073649956,94.36311537546649,-48.31782230727436,-95.52605765091269,-120.85724667681752,-57.67657785324784,-3.8253215374158014,16.900028594704324,73.13000817476224,-53.110571748843874,-96.3718019193497,-52.5719468990238,58.03021121679343,74.40029061499699,91.10975585879798,-28.453395195448827,74.4283918279682,-12.844206795680677,6.937453873502031,-58.689608604698066,28.626358225203727,-70.69868164699443,82.80557420487067,-59.924062484291916,91.10335362707191,13.70283291438415,-109.27872013592894,67.03513697060167,-8.426587349093595,-27.616501324296326,15.049869470641127,-16.16185255401023,-12.930458282432273,-1.3822079544837003,-59.777601592725794,-21.305766047331517,-19.964824595525013,-65.35494131239433,40.19408453841129,12.347229407934165,-97.97882701239674,16.71095410574717,-24.021117581655272,31.698447942374067,-30.618031110984056,-11.04247199453384,26.69074967964279,-43.191763949915206,-15.83606021291101,19.506755321048534,-43.76910313051947,-42.402302005486604,66.32728564609893,16.654362223230866
266,-3.327198842593031,2.8576102687449234,106.72416342056084,-103.68659135054885,13.48856867578063,49.53587515648354,107.89672047652778,-18.094967716419223,46.24816610870766,-38.710845688448885,52.40953850010973,56.94682811290145,-56.86374503132466,75.88971039175836,192.31322790762283,7.96528418707598,9.966604897145972,-62.39008101630099,3.5857818491406186,-9.916081295905151,-71.08177936613939,34.12531322691248,37.05915328607685,-28.0896037930997,-0.30448268399087874,28.59293831570443,-20.91249501396722,43.763127052525,-22.595858453122236,-56.32757703480995,-3.56203483858233,2.505126036787804,-13.118343436269212,-89.53608329396536,13.010540632727585,-63.68805495739571,-14.42784954377365,18.7871668640657,11.243583196492068,38.98238668907844,-9.189331414506402,-35.65623530270623,-60.590226271919086,51.08667504611573,21.684133890776916,-88.3684184681383,-21.8005354436711,38.465470984105025,9.864322167120308,-18.068166557753752,35.455622901812774,13.974845957369974,-41.3891379945289,-43.753128572983144,-37.22105414561867,-37.138264669146814,51.070639803067884,17.269628529578675,-27.043649591216838,-11.754640835172316,-37.76955513708341,30.43088698793433,18.941304818054334,-20.45028721873764,22.715053537368014,-48.73485363382017,35.34078760770817,19.34889742606286,75.60157855484933,3.0798247582909273,-2.8339735846599217,-11.111315528067717,-66.93472420527286,55.95057646652036,19.04629827913311,-34.64358973893062,40.80747077221346,-55.2505920836596,16.72542892624318,37.01407789228732,-14.754060011595682,-62.08266154082694,-77.14547164092438,66.1687657264671,12.160177476030757,-99.5435136095294,63.299806618892845,-18.774582837651717,-11.94168556459937,12.901069352098505,25.486552858943412,-38.217422293847925,-23.378226586278608,16.959549446942635,21.994364597517112,-103.37383841638423,45.881522860079464,-19.64758030114359,-31.439663699630618,98.48296789882924,17.75711024268803,-74.78722056164416,-47.36042619252848,58.854227813396065,-122.81710092750409,-97.09480628626764,8.035494183655846,37.77642590299702,-50.373819182894884,11.136328363053016,-13.570382182487354,41.92073206033895,68.1798013288762,7.86586471259281,112.97044696866398,-64.91701524538374,-33.81401246416569,-61.273789385819065,-0.1995550786772898,-49.785779005747926,13.672199941763274,-93.70808381060651,13.15509789168771,8.05783076872234,-109.14851799263006,-105.97467310260248,143.79143685039503,-77.63843912004646,96.3981927055297,46.68911172225533,-81.34398951492011,-79.59456207079732,96.47859837827525,109.7806544832208,54.03271267356199,-55.84817308283876,-0.3966380700105875,-38.73330569973253,127.39180135395887,-36.05133637602215,-28.264707258222508,-112.84019439394844,34.383077261638476,-27.76098685131193,53.12520108013311,-52.23537784582848,-91.46899504109464,-25.842098191404265,-4.946304327699938,-44.04429217595556,-50.04284473702888,-63.781432992493706,112.0485910863566,11.28313216123954,-78.19999062605972,-87.05499690176605,28.41302025485626,-47.32674263803569,-113.90193227317714,-3.7729776751134736,-84.61232254022943,13.806209864288363,13.381948545178705,13.802548216292108,20.06082425547646,-34.91394990740356,92.17727456027414,137.23034856560372,-49.0547260129628,8.565739887988862,33.18326004048341,75.14729252207357,1.4965835423865503,-23.078743711486393,31.67852164676281,10.927494021142454,-10.208211674172423,14.46262823018283,21.524781070346044,4.304353711102939,-32.77817460279855,-35.48691026237759,-40.706869315886145,38.150006588342116,-2.6036474324480623,-13.355594139696256,-80.06218310402797,-80.2442139862714,50.894006166441244,-1.2515025673633837,-50.2154112686909,-47.19680845146536,-4.339554366181082,22.04542628506432,-23.46898954532374,6.671470507611182,-14.188082175892067,-1.233759948393967
267,-39.77867274935311,52.815727014858204,36.4704003995868,58.60686778191224,7.855668561822119,-22.4433786067983,-37.36988431669321,11.593160080458043,-52.318832099589685,31.424946393229803,-18.051445457569166,-4.321272511515559,37.290480490613504,-33.87136103399083,45.301119502713874,16.78665189034579,11.990801277620264,0.2242532128951107,-5.33210485277315,-8.00999723763198,-50.673865560707725,-17.062088714685913,-0.7157159670756037,21.397062135314442,4.382835027827286,-12.734105393696261,-57.602715620901215,-18.195381614129992,26.45876690217856,-47.672498803988624,-28.81384630583357,3.75041559457574,-27.981906433283875,-44.02872792204461,30.27254882736548,-35.90923585574101,44.31455615882354,10.224538661859153,28.32592284951881,2.5306594294743543,-0.32910050575879846,5.20044054047611,-12.47422771998015,52.15714497334244,11.294823565779602,0.7186236247961442,9.02274514433521,-7.351045894531479,-1.397184822774805,-19.67226547278522,57.65790357724654,18.26001557735148,-14.455452451150432,1.171950387727982,-26.57971563922534,19.129627867728942,6.105035332288239,-13.097471586653308,-11.204415777214306,32.15588779642219,-2.7712603493513623,5.628615324747643,18.691725445907398,-14.504021198897192,6.481568826265498,-11.173102141155312,9.342016532891805,-2.2863518228994772,-21.622751259759447,-31.63911211541468,34.090144514994044,17.32215395231816,-25.788040797613263,7.202261692671135,44.820495046932784,-10.84848768363588,-23.643946980524902,-27.408927095647247,25.844957927451514,45.40622820508507,5.073576931524204,-16.97299269527407,-27.44120820240244,2.6622000325763677,-1.835535807135471,-1.8278392223836752,-3.1192731476966165,-19.406639850025012,-31.701426756907644,-3.4538825551291654,21.52160892453924,-11.915142584126842,5.478623713365135,4.864404614303147,-3.034635225752445,-52.146504023315096,3.1294336566065875,-23.48689075366213,-14.493943144780978,18.659420956794364,-36.72353161193669,-43.84926269090922,5.69714107524962,22.132216782645212,5.789599385842548,-15.03461086289143,-35.310157513530484,-4.53206964170322,-24.79924727967594,7.0405434434265945,-59.757160107036235,-9.339521338926206,-36.41039474965726,-3.3153168364646626,43.92456397372253,-30.726056925854394,31.515058558337525,-63.114100578732156,-8.980440223524003,0.710764588570614,-12.643944397965463,4.644741035475557,-24.866429265937153,-71.7031343290987,18.19050332101455,65.66231544754096,4.8144779268432485,-31.88597905959312,-5.8480305301994235,24.466948890390427,-25.36745174066595,-24.024074103939768,9.144098887277005,18.901806984427576,-48.187195339955075,23.650286471392647,-15.568253200851384,25.486771888864073,-25.67483145769119,5.525795297752141,-34.83055701107337,46.887903704774985,1.0075278880851797,-29.472095428493876,-0.6612544925328605,-2.708837784150737,-8.195358628700728,4.751610312200274,-36.4658419108214,-20.539069161025616,1.2903668101208474,23.098825360246796,-4.7510585806096115,27.14525783957882,24.019796915375654,11.530498184391515,-47.89006279214194,-1.4277783976197196,24.008952293475414,19.603180383937353,-12.756770160031309,25.329587748832967,-8.821464311364851,-39.26233566324602,-0.07718385065703748,12.377567674288759,-6.236175965984401,84.18015335221938,-10.589935749723839,-21.883040606022277,12.68584641832481,-22.97616031964613,-9.935854813637071,-62.650771755718935,80.50087775399577,64.1382126943309,-22.65205101173388,-56.539967432293295,37.75781451178238,21.808701614579086,-22.603397450019738,25.09846179114293,-13.906467806373778,-11.389830484383724,-15.92097738393788,10.258226772584145,35.78400710719432,8.898927535742024,-49.016319387879484,10.961794667161731,-19.68225812374157,-58.51878376354073,32.45377033922341,-4.400212561268843,93.36960899040388,-69.05431555581728,25.346899948070252,36.87228553747665
268,-58.063543964519305,74.75417581774731,4.317384427884856,55.46721680894838,23.46011415370872,1.608949748112912,-30.082639218446996,54.392196812670356,-51.887524401583406,18.597426570227707,-23.044510454172134,27.45208603741135,14.825612432434873,-45.623653668517164,29.532897665110216,-7.042195371569099,-4.993040890932801,37.999685729603186,-8.066831711937013,10.100710965405858,37.9667260665607,-1.7399591454148813,7.903429177821849,-28.932207986660245,0.6154497674992251,5.324543736195616,-43.71506316780699,18.191302136962697,12.271965814209423,-33.87139663408162,1.4441522644720446,-4.583996450343999,12.803370935051513,-47.73106816818622,5.037695394313719,-59.17030566963066,11.785144407551137,3.4757384349232474,11.932027866868767,18.334905574675922,-7.085861291670557,23.95392902676422,16.728735222548256,23.411009131398703,10.151202613833702,11.106538305488517,1.727271102268596,-32.697855132950764,-15.454927239022114,7.400331370143773,48.134274788414615,24.54247354997809,34.922083292342705,-13.638504728553992,52.192296090030936,11.26041740778017,-22.748083638419022,1.0111588740938007,-9.05684110736507,-0.9953153245001933,44.308619417773095,18.19090382796822,-41.23653183831723,-25.44827310164295,29.952310593028493,24.39361749652752,18.35533882134927,-4.698917808709383,35.79317384295666,13.08593908031886,7.855350779487314,2.182335903551581,25.614733583507437,21.22819213941898,69.48043290165627,-58.75052804089142,8.636768422169766,-1.74248533813104,-30.570866014056158,-6.634914947998972,-19.404264184956876,9.177355923699047,-49.53792903288735,-6.863368927090839,-5.4506858060187415,-6.856057541451892,-11.858768303705924,-11.036548178987843,22.755815169583148,48.40312420334153,-10.906078608741531,-23.197168576261003,-1.0628769188550784,-9.732368885827507,0.21469934304665145,-6.948131200552812,-33.18363921210602,-12.281710966081029,66.17945258000915,28.67288337019368,-3.670161532718243,11.868493713962962,-25.39545077713674,49.26777147998836,0.7891817921323443,-18.623665964099516,0.5546320572210884,-6.904050846460228,-6.869985032306005,24.57207158349883,-58.652450571731734,-7.181490718484936,-14.63054628437808,8.48643835284782,-1.4373790027993865,8.065292991435877,74.22917806668474,-10.945950284418208,43.03079992518529,45.82921692890303,-33.27764347899442,-15.259694351931625,-3.4542090531824923,-11.556709560666162,15.418835659771823,15.856110802997243,-0.6353062888574269,-31.278547329107155,21.06514174454437,-41.70608551737076,-7.714822847676582,54.21629434586374,16.270929570929294,42.427891904162436,-45.36913835145645,-53.719046912064194,30.56117189165007,-57.1068751709635,19.595472995693832,-6.82903804140958,-10.857813620600064,31.079067270104968,-38.3601589901862,-19.62757329368221,-12.689699931198383,-12.094042316989873,55.92792363533362,26.629719520244418,13.444947791943147,-16.769209942564114,-11.930559139914234,-33.35977889571317,-64.100285334994,1.228981817783645,-1.4004625866501743,-14.336730808186179,-58.22734521226039,-4.771635418780366,-9.467989983405577,39.294458853584416,-25.003339760541163,37.90056396926069,22.381962962155047,20.377463361710465,-44.60408862598089,-28.821054575584046,-79.98348541637239,96.00459153293204,13.538488057351254,41.40867594919334,59.504584261815864,23.287593353493172,-109.78355712605808,77.92333439919294,-4.942212815830095,-10.03285938666314,-10.330812795865663,-25.654022419465303,-0.3948884325256769,-82.7974528313724,-49.79873948212395,15.68736540239165,6.891040853453957,85.53499127713877,50.49176530959028,46.243535824007694,67.00355565274401,119.15237363870445,-75.95332467563739,-35.91749198410302,-53.628836127494175,-5.461523742369006,-109.20443618126541,1.3486615326038944,41.09170620312876,-13.538766412872771,37.479322786085206,-45.55275427806885
269,-54.85912422430331,21.62169543601999,-61.97348739698182,-51.18081565378145,0.8391583618169614,65.90637075602521,128.47027600126785,-72.91374272557923,11.730680375315332,-49.12558272421675,84.68474686406344,36.746757614456165,53.42586341890648,10.82185140461352,-30.19793225065522,14.424118482105683,31.715907995322063,11.571945338947163,63.372354544200284,26.58608871097293,-46.191783768663804,15.004949468645858,-22.398076581478584,33.3890857653861,-13.209077622475515,-11.361506146170154,52.09608210607195,-48.478911625189724,-1.661072426150747,-5.568484506421025,-3.470648801290741,16.982869007193113,-20.078906230128297,19.063385284474133,-12.377653809152175,35.609447020050766,31.88449845222639,19.981369907649402,4.359919440826541,-1.9979668616874984,1.0760642211301419,23.360433034081293,1.2887000390879182,-1.3115087306022977,-30.662450131165976,-12.281532032920627,-5.250252070745922,11.707760494437652,23.43506821205328,-19.34657055205399,-12.115897081387015,-20.52758080273528,-38.7899894637984,10.30289036432585,13.23776330580153,-0.2269818358286705,2.073596193992409,5.332133410971326,-29.439410951969965,15.949651546487157,10.39197478869151,-15.897603995887824,8.247118586937162,6.904919993317099,-24.467601912398653,-7.543709625261149,-33.58871567420678,-19.00009783058553,-31.717189957897403,-22.852736313885227,20.81257585248553,1.237414509080645,1.0864518116413484,-25.418702735373145,-56.03170795416979,33.9991112361785,11.638255646935274,-23.897887649112427,3.4961600359716223,11.387469443571453,3.8521097464859047,13.243210763961196,9.832715481397905,17.51300913314363,31.7426496214318,40.9192721548909,0.721640535104332,-4.672276338166313,2.2145975482334443,-7.157458687008172,-1.6382753225929751,-10.293523290080376,-8.352703687099227,-9.319897039843982,6.62368758594568,-13.518353587039847,37.9516432556491,7.770746484847365,13.515832082674457,18.634780770590503,-5.3374860188477875,-25.529472943070527,19.794378534671086,-44.65946204805493,11.96471311926124,-23.27977512413007,-25.109677391070214,-25.721011065799743,4.074233580485204,-30.014530735616386,5.191918619241126,-3.047334848663708,-17.874018146044556,-20.567913643758345,19.39859749025816,-2.5100305471424256,-37.277923960144776,11.09349228904865,-72.44741177395467,45.63023220228246,-9.589661461573947,-14.06211814108383,1.5307497456605583,5.73237288738881,19.432933485619255,-9.030698668861877,20.025305372875856,-10.421425533101933,-27.66079876873241,19.376898288071327,-30.51032139167864,27.842029925334288,7.769938770101061,-15.45955807706853,-14.461979863450921,-19.106223670463688,-2.0201889354654416,52.00531796535419,-32.86159337445562,-6.220718605293183,-26.974225322289065,-33.06415640110622,47.78566803765451,-7.556535432614535,6.516361991457976,18.049433063237796,-28.895712340062286,4.406015771674473,7.2363693257452555,12.196116449402812,-16.198666490262866,5.0664828592777065,-15.859297689933271,11.450268963135473,-37.72920309106337,-37.933083060843806,-5.2007160264346854,-19.716367162497228,-5.648796953293839,-16.559279984384105,-11.513726972130211,27.152261722673035,-3.7197858153389025,12.783685947379624,-2.859594990281422,-22.342160329187386,29.573280674047844,-1.222659930270624,56.59075514729594,-12.444760523401019,-16.293129810075094,16.08928745503276,-7.190241621387285,8.201201151270677,1.9126596011616601,22.31446981261428,24.247058462351692,-46.36413370071445,-32.318720162684826,-35.52360649160394,33.58455599026199,-16.429374482546745,18.636723137672647,10.716578065858627,25.635410457592076,54.284441406695834,4.440207695539271,2.4005727832654378,-1.6308302060985438,-0.9333729040467386,-48.60922645241257,-20.585045010165985,18.649714236321486,-51.23662241695209,4.272065397642799,-4.032270321173539,21.205795186146283,-15.869949829126503
270,-59.55974493519476,62.6382203327656,-22.93790415403249,88.56713510530582,57.10773410553065,-46.25775307650668,79.19430339028668,-75.21371110010283,39.68865423601442,-5.912618151496284,-41.95903835229705,-46.56252826907103,46.149681563506626,-30.377613868382095,-40.05320618019639,21.3985934804067,1.710279688264733,20.918605241094706,19.159439655740403,-37.944073206481185,-30.40781033037147,-11.06440540780757,-49.4808961271256,-21.725553096502672,15.778579186771818,-18.326027695936435,19.732137235523258,7.933449007923405,-34.646806352324376,52.94957806687895,25.51096617632292,50.458946261318275,41.99694637238135,18.311897011423014,-34.30629194348773,14.730487557947749,12.51339862635703,16.866302589374705,21.80357395939918,-10.156149426437153,-5.4179719254048555,34.16831246267762,-16.02536152600055,-27.638642921954027,2.451548395849743,-0.7215085223783497,41.704717446783654,43.60843696006675,-52.51339757374198,-37.28804298730142,-8.191827744409178,-1.3777125423803283,-23.371755605028227,20.69599882387525,56.2525062751041,32.91505712129212,28.82563919846808,-5.429574200725074,-23.139177255774417,-24.860689683439922,19.620393688787484,-23.38930829681977,-25.42548131369608,12.861734246351054,0.9396083065636083,18.310758999253974,-14.466856085028553,0.01579798485213954,32.71474352649894,6.703708904139425,-14.400375872371399,6.552210228919943,7.644418516458175,29.289697014122765,42.42942689125055,19.457625384588326,-4.226650756363972,10.488546279366528,-13.053872474292112,-15.130666081206327,2.765475031121197,-9.598192038458643,-14.321522868199873,14.0796723523254,-35.229877122009135,11.43850106832292,47.550998795800105,-22.400431297875755,-61.595101772565684,3.104566521270991,-25.511180896395054,29.469495840731707,-7.4580958317554735,0.2184013704393484,13.453577329928125,10.718984601361765,-8.159372945725963,1.0236200123873678,-21.14697137508975,-16.114516290655818,-21.906589275561267,-18.482201819587953,35.58522539819561,-33.75444387362732,-31.478084093924352,-0.9491392672523076,-23.133884192918106,31.399720035498568,14.971526782370434,-5.353039623363658,-3.8598677039105556,-8.124824154834354,22.124859772862585,-25.553999163980684,-4.097288841611404,-11.92169259703161,12.93979394285008,13.807054431110707,25.348676903223208,2.4418986284945983,18.98834015076045,-9.887594013334917,-6.959642098955736,-23.88761054568969,9.326214660398833,-11.28448564505377,15.173696319466206,-12.984684623111242,-2.3576267900894754,4.717693008102627,10.518281272199031,7.686864946848088,-13.923295969345947,13.536500781731425,-7.2933504671913525,10.938972923336989,19.425251696307257,38.87518679262896,-0.5952393246297518,7.74688598731108,-11.022083744620453,9.439735233875512,-26.246587917675008,-18.36515674909897,-10.1534510680977,-20.666415931304076,12.836955324188091,-26.225488751125916,19.264139105773776,9.178864896111932,3.7399645139715165,21.02710800144873,37.79320788499932,-29.135219832923134,2.3276994104232323,14.755723341455532,-6.964356758009522,-9.744086112123975,-0.6265217078293741,-24.044445506642816,5.830667829986523,14.979375279922623,15.54758852362185,31.65121992292602,6.892473422879549,-31.320805843410106,10.250551965308532,16.544790178702904,-13.19862161347252,-16.24743167255359,2.8889350928617135,29.336313752905337,-7.481127841149892,-14.104951576401458,0.014369094388790443,5.535857404096307,-3.9456438206922666,-10.135746399077817,5.40660774839616,-25.98883451919521,19.981008806693048,2.3479272791284074,-10.526981665737328,6.944400318888212,5.887269895538846,14.123918534509194,-25.0664986776142,-35.53893984263338,-19.307597755170306,-10.894804123484848,18.12580105570866,9.834655558755358,-3.988649293638201,20.660412160771475,9.360717398717584,-15.962287923179991,-14.67156612992748,-18.2429649757476
271,-25.551851453348675,-22.737225069107957,-80.52973064893571,-115.57738313820128,-46.69056711184581,106.18850786472096,70.02953236576685,-41.09672412706927,-24.22955401997602,-38.215501993651785,77.1508950991504,30.327679998968264,32.41650185989736,-14.741464898021817,-59.50407606585292,0.5085555723113308,13.999380325910074,-29.154370253960817,11.305617012269616,3.028117733907442,-24.240132467037164,-28.816316332147007,-18.659576916820825,18.088322546396572,-36.57231580015789,-63.80875241877808,-21.7001930930575,-3.129887287772931,-34.79801448243429,3.1967634987832634,-50.405405807978,10.673332967871644,36.58506201636359,43.62604801153909,18.053694561326424,-29.435180336978423,77.83268094779076,50.39830829141532,15.791838745233592,-3.291826827560496,-12.318722284472637,49.845227865838396,-58.80741719280325,43.103506303853706,23.195504172996515,25.502482358824924,17.294631049644828,-41.15881623619293,-48.730830929328846,-34.42267989183077,-0.12326193261214174,-4.535152927227558,-29.181783304662257,1.4137529305217094,-27.496267726435885,19.899832295450434,10.05317852554451,-23.816880703745927,-14.053089664516046,31.666235047877485,58.862144695938056,-43.77388844017294,9.224619282752986,6.6268857082036705,-0.14606210754289367,-6.264155898783695,-7.314053512242394,-26.50083357983481,-24.721861317339936,-43.69977477571562,1.629050329078378,43.553521198460935,2.862086222656002,-24.677843509070293,18.89010497925118,-22.099858646356385,26.491255675242144,-16.00694482953073,44.676509793302905,2.6093463460696684,33.285888825384866,-36.782338386217184,-26.03541335312873,-5.141500106256761,36.07464378486604,4.39178599597779,29.350837238597375,59.13074205795641,22.667531604074373,-36.70019682734403,8.514128118648939,-12.553304705835195,-15.796803492049037,57.288634855151315,11.807481814092894,-40.60637502789089,35.73347169525368,12.862062994162715,15.224353475081491,-25.399505162574815,62.59783686137688,26.228583817925216,68.54136527928621,-79.35263710883379,-35.58667059172698,17.930131973728315,17.78095193996072,-2.71004863083027,20.36198922330891,-10.28434508032665,67.94717768966186,41.958040570559376,19.55315992835619,26.948504836871614,3.046619056203851,12.477627180750957,-4.6846868085040745,2.69799442137682,-14.485645325917417,3.4096846261263853,-18.224188125879312,-60.11421084204513,-3.718802259362501,56.23118835052465,29.950956485300743,-3.4318491762307453,3.3362873046096966,-11.723557791441976,-47.746705634235035,-14.949450484601888,-8.827488527765416,25.24612970945357,-8.584933456192182,-19.903574814987437,19.165034892621353,-53.84942587313259,58.56149785123483,-40.59504055814389,8.89299687123795,-9.634517151309064,-8.716736106545781,-21.307902938262302,-7.717355851344292,-8.204525292334885,56.622794814829646,63.575153889083886,10.456812863223439,15.72840901475275,-29.067971557947704,69.24796930162229,-5.033029759461676,54.170307101086,-43.45106388723563,-11.48712238148248,-4.789088562219971,-29.946517181369856,-65.6668799617669,10.651408278960108,-12.15465244513047,33.855262242651065,-15.489732839179457,-4.309828097087436,29.17767724396539,-14.294334335751206,67.71865319436306,-40.8392376522629,-10.031474560951061,74.43624892486449,-16.477545780747185,-32.05792467607437,-10.074293791546232,40.47101366915135,-56.29821577353411,-71.64581039944318,-44.529244967782674,-38.76630777197513,64.12652075893499,-106.17782270648429,-12.073676804196946,-67.8519746053497,-6.669145024119887,-4.260969742948612,-26.85364977339038,15.784758850158111,24.457772553673237,-33.5181562641951,5.924769722918911,19.64341306068579,79.8131758131163,-25.395994063390443,10.42234549272362,9.458385682930354,-30.269004697569642,11.079677796404813,-83.50267452041948,-17.851798595164382,-24.348543701199286,42.39561727127981
272,-69.36251875867312,77.60940366850232,-11.653995091080468,85.935583151013,64.97688908074191,-38.264894133944246,87.1083988309361,-66.37363614564897,38.52756528371536,-28.676827040432155,5.757095634414116,54.0964783311614,25.471012397938384,-68.17197392000415,-23.11098139343513,0.21190484450451474,15.18664044427003,-7.9712288447783175,10.863205217495361,-66.0469529880716,-74.04851503015884,-28.54196372096822,-33.09195875099188,-17.065623605902566,17.943740274881193,7.146180582248453,32.50859398354781,-108.19366617320374,-32.6240403328219,112.60744465226051,42.96666850057318,-9.157501138997523,-44.2085912195294,-3.536625511602223,37.62014210081361,57.54852599301991,8.368165008264267,-10.10611481514507,27.322783187920948,34.286484144638145,63.85630971327663,2.085940287529171,13.228898630726055,-42.03960945324823,6.6686671196697125,-51.87943749610207,36.815964054057524,2.2423747130653973,7.699975658683845,35.09744962915175,-8.551333755216524,26.2169705830221,-34.5728163138904,-10.286459376293127,50.8716460587034,-18.540226791581993,12.809365902652232,-44.63144265095518,-19.98690161048307,-27.366582248534137,-57.52711907237318,12.283070869360461,24.860841845764856,20.23409243953196,52.74882086526296,11.002168093213156,76.41948066325631,37.374196899470405,44.04509868581355,1.539371727073759,10.93721474088912,-25.043727736168965,4.212468014377424,-9.09206987880146,-8.433028486707451,-32.82064452699942,-40.14399656427777,32.26747293214512,-2.105210502021456,-35.129675942259205,7.861065165538333,-7.942113614889251,-5.415855183705532,7.60685925336043,-1.5290296416549671,-35.432628970202124,37.372770437998476,14.836442618138554,7.00031450812479,-32.490998470185275,-14.026740369407452,-57.33949922298691,-8.687979888669396,-44.27303916271003,-4.271685456545578,-17.779035793442723,40.96000497268035,24.613297544728592,5.036700472256018,-38.8309073709216,23.30666719816549,-28.628043544402892,78.55758996033232,-18.852212033048886,-5.136332247894331,4.737434786073173,-9.638840968829777,-26.28131750950339,-55.04305624264301,-30.832420748139068,-2.1165920122642183,46.5552378667672,7.006429396269983,-44.25611327694675,-31.118967397125132,42.036729559104096,23.92891660753807,-10.081788015346413,-36.96820864486246,-17.908132342650436,-9.354046471488935,-0.6549768426010363,-65.00454466963971,27.954646445523636,42.350989320133515,40.62052819145848,-24.985566875320213,70.92319284240524,-60.268358243046535,4.711455120421504,9.489506135823122,-7.236479206946412,-42.7719717748025,-38.6517922534502,74.73569739963125,-13.653904062861647,-13.87097394000545,-49.94008412132405,-80.58626411354936,8.77015126373814,62.03659653257564,10.962454742140208,1.9225966773350514,-75.77088620218994,-12.436298486876975,-29.43068650918071,-84.19220479967682,-16.3110163011119,-49.10715531341983,-9.18774376400839,-27.105228946558114,-37.11767967211891,44.26892482606007,-18.231631474601333,7.712210338072361,-48.3312112049111,-17.063623415004788,78.82113090974403,-30.466727083227937,-31.109787423584613,2.2821552004141368,28.656771086687236,13.057566617378807,66.06906972023819,-9.802289892950835,100.29956504333413,-14.740787112229745,-24.188262347566564,12.89772863087187,-2.1568309551794407,2.2162201736044604,15.733874362272704,32.32178609558756,37.14247335724563,76.34739703664704,-76.40372183330197,25.672798365344836,4.510002901783412,5.162465622008401,31.252919722739325,28.334307159335932,-72.92243219184557,-42.98625468488205,81.87313626255543,-32.15075593720486,43.35182474510993,-83.70843210237007,-58.12338879843465,8.902901318404016,-12.775419092492427,88.29201448990612,76.7974217240803,-113.77058822195372,-64.45870235433932,132.2459985311656,38.93380578051069,-10.798879601708451,-39.4176718100181
273,355.87550671542243,-493.0831284708637,-79.35085448061295,-121.94219462083761,145.31668316521942,-194.81365276337937,-40.16390191061551,-101.43400994062495,91.9845190583455,-88.4476308218021,-242.60479275262077,117.14274461044815,65.87776098770395,-666.0290869973724,79.90804903905779,351.1550383516592,-573.8118459525142,-103.94442075889779,113.9943989168314,625.9852450701669,-50.40405571099906,-404.98082064802315,443.44125576043444,263.4576567725623,222.3207016008793,240.20512210979342,-31.966203708767335,79.59283064167695,-231.4434318987951,57.7158406626025,123.40345521784661,162.3797702097624,-123.87199997238109,-27.808812376217677,-159.8535722457364,16.028859034846818,-34.03706524933563,-21.639285340849852,-8.96552224359936,31.28175602081874,58.830673739224814,-38.370994171527734,28.69891369485924,40.22720057152117,-46.30743031068532,47.74309107420873,-24.12176657985558,-4.548796884034549,-21.43410025586536,-30.347007501748152,17.273136637454687,-27.443839911822185,-43.9237692091254,-22.553716124863357,-7.11227803519615,34.62517341094727,11.21239145005874,-0.823832247118587,-22.170887634798344,-17.142861896800426,-7.903544019162924,-16.972520133772438,-5.174462678591224,2.5443679697780497,14.5579414316155,-34.174536237289104,-13.109090674454425,-15.778416826532212,-28.13601748779048,-13.474588415001394,-3.0603540614542606,-10.255918526536478,-5.997291562994532,7.531862476448495,-28.49985049927707,0.5466762402170561,0.2874391306192269,-6.340298195127831,12.506198611216131,-2.233193044727975,11.606871308772499,-12.841176665357827,-2.240329508627412,-3.0548782761057254,0.552896343997383,-10.093392064567544,6.282872093614132,7.138152491949865,-8.171026442923994,-4.916237475706273,-3.7937233256936267,-9.84830804607162,8.716789900193628,7.911812966217139,6.252019319537126,1.2019700886261384,3.650330607035092,11.390421271305001,3.1708473616845687,10.83477318465424,4.723078625278577,-0.763184694301463,8.352626882208783,-0.8931710939539683,-7.124604420922669,-5.648553198596208,5.070723649624752,-12.499693941502374,4.8466985137853795,0.2071651024950688,-5.335509641722506,-0.6487636026840576,-8.22594492330024,5.3467760557698965,-1.7637225820459292,1.582402721060758,1.9034912429047537,-8.072576992328857,-1.9272226339556129,-0.9685115453042128,0.028324999122995687,-4.482433017312283,2.7585348197790527,2.9299767452702006,-5.50718342058227,-1.391745486966737,-8.295581307468261,-4.698454973715663,-7.203175679107943,-0.362800180765526,-0.6074122187952078,0.700129526201268,-6.286358779139443,-3.857447541702649,6.299544219136974,-10.61359597778026,1.4138480140156522,2.4018158048370823,-0.46437672290725485,9.392942102877422,-4.420609617505306,-7.637100042987526,-5.594732314875055,-0.6347498107666593,3.4383786688813553,-4.970371139828127,3.113163864092622,4.380041808889359,0.6330763198457989,2.6119815867976945,-1.3332414880663388,1.8791006819827865,6.091255090565432,2.0156826851504372,3.8657884053974088,1.1069834871610467,0.9086066247729836,0.03564570457978159,-3.944167117390282,6.6128161836749175,-2.10724908041545,0.9204157144794521,-1.747117890228329,-2.3175038310458884,1.5157544492433765,-0.2065591356873778,2.674921140771166,-0.09684711771872277,0.33025297756594274,2.3102043250398565,-0.7547109270345604,-3.2312511098756147,3.4814813732487253,4.56270770496621,-4.285176302656611,2.4073363626979942,1.7130414344061786,-1.0990761468444006,-1.8170246873610876,-2.904654867971372,-3.028890362218992,-2.615286021454886,-2.2221422188425644,2.703059954696222,-0.3455714626761696,-0.5391505689746502,-0.22874081228146215,4.357791312550831,-1.9343180920841034,-1.365672327316246,2.4582387375454804,0.41924703161620064,-0.19664104466851606,-0.4711006005818703,-3.6164334173512436,0.8651660254485709,-2.876490511176748,-1.4026363076000266
274,-65.62787050316638,75.53603170382198,-9.975180065768377,73.64464664531631,44.08930764540625,-19.15415066170975,25.78311302073496,-7.63623660061565,-13.456139083776955,-4.13042097512956,0.3915561501348404,54.7121056501567,14.409828356602159,-85.9563965349475,-15.39710031408673,-7.219101701450791,5.535021398264144,1.844162149266715,-2.023031385201984,-39.38897834309304,-29.001351645571017,-18.98567061331108,-22.95967044307711,-19.03096759921685,10.081987931702372,4.790102856146646,-46.99685820992853,-26.137086333480305,2.706127517518498,-13.094985513153343,-4.148036248672145,5.425223684179022,-8.153875302608087,-30.78872567333083,6.05603879853439,-20.892916369298,26.49050471546039,9.128132999084803,13.49934307844167,-3.857821847036037,22.874514035594206,9.060889870071453,-24.927455174184512,18.027537436043385,8.50430700173268,-0.9799152542839643,-0.46694931442749893,-23.054036334494903,-34.92130300282187,-27.80232054344689,24.057010147885144,9.649095275468905,11.774792380369593,-0.20785583086589374,-3.04262140151675,-3.8690130532067726,5.3293673669571335,-5.300198713258712,-19.668910917912832,17.992677065948353,8.643113481993735,-3.5437285697104213,-12.419629495949238,-11.066784808509103,-1.608799753516966,-14.514900244318783,-17.848793224170212,-4.684401672933505,24.32630237836529,-18.961472095110818,0.6371636634134068,11.61489235931521,-4.5481716843104145,9.397835759632851,11.278521704272135,-2.2249146097327,-41.21274840056106,-4.9649231349835405,-32.69745349395928,16.27101361750421,1.4950751763953019,-2.3974083466072,-18.2443436379413,-7.840212234904204,14.216148756543662,-14.140577723140765,-7.866165084957928,23.713708790457204,-6.54738045534043,-1.5450791918940188,-11.678728142449241,22.767517167395855,13.682747304423899,2.0846896935291443,-0.2707452778466625,-23.913400185990007,-2.6455185731767306,-33.860380376195614,31.057936769858973,10.189122806481455,5.728105659057427,-19.75702936647798,4.380422834108268,3.2575320075492398,4.678807531477034,-4.367271113190685,-1.2249721853186082,-12.013060887554063,22.755604629922253,-21.835152203942243,-28.114806942188505,5.107823483287433,-0.40530471003190527,-8.057529057996655,-19.072945146408408,-15.807813662777514,5.890722228786351,19.869752963215856,-1.1001741175966586,17.990204644739798,-16.856832493165655,11.932290535929505,-26.286878200302713,-0.2634928726526187,-10.471231110223378,34.14268822476225,11.375194347042406,5.749189537005062,14.354401803274623,9.33478738909651,-5.718743155314635,3.3832149690488063,-5.935644289333611,2.900349860218511,-15.768298726051563,-18.29376258124581,8.588451201431013,13.205910950554832,-23.848995735335834,1.4261483732008444,2.524207607679242,28.4608040359179,20.376366302947126,-23.46595228386905,3.4866118341170522,5.258217740405111,-15.008778597564092,-5.027447895989597,-0.729317090944494,8.594470849986749,-8.296012304654788,10.598930977834641,4.878566455042548,-9.604259445937268,0.17227768814637073,-19.135498182716866,4.091480463696009,11.070671936540945,-3.224163848355773,-0.5544490661030872,6.830459962687607,14.004561195376272,-25.36028752378256,-8.541140590015761,10.093597637516103,-9.867786230028223,-20.089194066652265,15.1703493334847,-1.283658406914751,5.4343153312263555,-2.101275091936797,-8.621309122539207,6.183992358653976,0.2977256709317315,1.7689780592950712,9.196663467575364,7.488030130173399,-18.309603836485966,5.563563204752993,16.8362383348653,-16.279189528225597,5.4070940014152615,19.162733247569772,-11.737473226816155,-1.902368850696518,-8.76033010314684,4.361904639971797,-15.904574239520684,6.506759038653559,-3.0998175086545814,3.88336408375222,6.025463823190111,-12.173374729167884,-7.137830635737687,10.71949306979198,7.204264357615008,15.143739139063419,8.175753256473852
275,-6.5352465548167284,-52.21971328608196,-68.20417250861345,-97.88173735225935,-58.557655878315565,56.51288346905094,4.418659371768925,-36.443608511962424,-35.81156641838582,9.206998670653515,38.43439558414967,-50.5182836546975,59.7943277080564,37.091714251550954,-54.131390434155506,18.64478325488785,-11.267075419481252,-63.32545671252818,-11.478485911560256,-2.376762260911046,-69.05478719298252,-10.888609972249622,15.564988057875333,22.009007258965333,-15.658857156757223,-41.62892106386743,3.9610934206710233,40.41535107231303,13.122361229563568,20.555487653593566,-16.296219168054872,35.6457813823839,45.36912469312088,6.556032283101601,0.8409175501379775,6.040977115515793,41.57519619948089,5.744144007035721,-24.921690822419194,25.980696620176605,-22.707462963278285,22.4822943539394,-10.660684939117864,-12.543049300262359,-16.0931174710414,-24.488341037494383,35.72245629137811,23.35453956812105,-27.439410113618766,-66.79394336662112,28.32553576929173,17.73760008932621,-32.065501352685615,19.70130761480199,29.99488452062108,38.94090816290913,-3.630550707596011,3.2213365284521247,-44.93693824611725,3.0411281367375356,21.55136761030186,-55.25000302241082,15.099713116908333,15.739354936403197,21.982502225203973,-10.736388093115549,37.09708190657313,-50.88813010307089,-18.20854419276559,-57.666324436782645,9.889721132198138,54.39649823123147,-14.96278867956396,-8.327654586474072,8.32702287617114,-4.115118458429221,-16.901145467497656,-0.024227907958285333,33.455508323536904,13.842240498516519,22.444346049503558,-22.646745368055235,-25.094044555374545,10.283654442324007,16.53407965508499,5.864833158557354,64.81059671668427,-41.1799953007879,-57.565227873390995,-17.740463058272653,-9.765685254120731,-32.77724867377385,29.78279880577083,-40.033588272679054,-33.86019948006506,-6.077084980127853,2.0456880550300394,17.172356217802328,27.046708579545864,-12.722986489725525,11.390361430831437,-0.8862078654936396,-13.89144428948665,4.10369857680602,4.409597777359222,-30.44199052864579,10.11946376041069,2.245442718984116,-0.9309410054078071,9.610361382509057,27.34888673659479,34.96392868962885,3.2223489274711428,-25.519374181482128,6.330714831714471,15.87284165899776,5.489446401501149,30.158553571489737,11.685985752843315,29.79548865776272,-2.5607816358563222,6.508325981558239,-7.972650666485369,2.0938567517900277,3.718087446602995,6.433663570222976,32.73850245152143,27.100847612116826,9.061681785692409,-40.65097058681634,-27.945654182540782,-45.33336351892362,-9.826830090914626,-0.15885800945942274,-41.33913768016013,-54.04632314656123,60.40515199058234,-12.654427092669112,-13.659061279864353,21.923690964027198,-26.00399579993123,-8.406306882346234,19.37720704940579,66.78038338634605,-6.88171579899819,26.323672472509895,-8.129730689753117,-17.553946386818826,-56.38131456418124,-3.479917631391303,-31.12046292633008,5.270578735724232,0.3921976536525121,-5.380383063368582,-49.25343189198567,-46.756163702805445,-59.24108714382848,49.47801021571166,24.929348689665222,7.439943992976752,-28.210740484646,60.45462121571927,-42.47589572167823,36.240280823906666,-4.641127669641776,-29.139175924112816,-15.419909707400267,-53.78938824974195,-4.735731475262153,-38.8601960104997,14.459303575421472,-34.857684430748314,-37.833502256487485,22.644389836153266,16.5495077797291,1.21696683619428,-74.69193307785332,-53.105617514007804,-13.97548815433098,54.666730459838604,16.863095211627435,23.53586130980114,34.4847272707581,1.4113304752341351,-36.55644591712558,39.89726631228388,-42.565490908872306,-8.809722504145496,-14.813213845688347,-12.104382606937712,31.182438704742125,-6.455364691663613,-7.856169320041341,33.36815322171578,17.18617340231629,-13.428319336485991,-8.634464647169086,21.84037303567444
276,52.203742198842185,5.368366577504647,25.12451119303249,172.5427514689161,-31.033305710402665,-110.96418193580688,-82.03627338719168,-38.62208635862786,7.919525513172578,-24.400048007951526,23.364928570786315,20.068061744393,25.231113758174065,-83.1932697828314,-44.197795133181096,27.386039207763332,-64.88845664980434,-107.76864138248868,0.607669244063234,11.24334266447484,-164.32921718372214,-14.280898824784257,-87.7342153612156,-1.9187768624545436,-84.11534424691357,-86.50480595622835,-96.38024172984416,41.48582910129782,-50.040350802122234,-32.59155308151935,-72.09020180989796,-34.765904610120025,-89.86013841917176,-89.93795797078619,42.382103554299526,-108.01310399281444,19.152730265419716,-63.33509207337009,17.73756271286915,39.63722150665635,-0.010695886300654767,-40.666355709077166,-48.63979961649209,93.66130511209256,61.850356749928274,-18.02832972982306,26.12371065012705,44.741082890682726,117.77167208560884,62.6819295636105,36.30582015249147,55.59516998550558,118.23170183322146,-13.54257204349849,-6.625269118665999,-42.69849924547909,77.88753216613003,-13.618783786023837,50.273779711219035,254.3915119318701,16.386553480610914,-127.88229897358889,-194.8215897409199,228.09829406916438,-245.60906217347923,27.886536055196917,284.53577848665526,-49.15782342727736,306.23770514572755,-122.81670425013974,-126.53548936204143,-223.35026293043896,-138.7213102258133,-150.5598060214159,-141.6239954880972,-17.787832810885874,-157.54282599856248,5.8979636744943456,-0.873757861812984,-183.4899925295121,-75.65461527462311,-79.61120833079,52.646427864483506,-0.8706616134551277,55.67163936276014,91.9715537353975,33.95338866317935,-66.96759068954064,-47.07929968234526,-92.25054425525138,28.10028363812944,-39.470809095633584,114.075854233442,84.86332879904273,-101.08391275166544,8.746170771114745,-3.1730124832160955,3.890851022169323,15.76983081775784,4.233807691089627,-31.81403066852877,5.079049118621612,21.18965843879936,-0.39959214666362675,23.891342494734083,-11.328343382913133,33.504475863796195,61.542040139768126,53.28130519884325,18.569615503395102,-15.794442074126518,-72.20791086076696,-6.814787970090904,-19.943102533801035,-3.1607133214406584,-16.638617843622768,-46.84887543619027,14.902953975538745,-3.0865020704404973,0.08370727939019318,64.07995332467435,5.344029255419129,78.47653084767904,25.123950516875627,-24.891187459504984,18.70720334895109,-26.947515979962706,-23.062335493862765,-20.843614609656544,-37.143905320829695,-41.87329402651455,19.63666212585733,13.274938387727309,-24.867419906298462,-12.28562361295079,2.485192501765788,-12.664663580185206,7.543950516725,2.595745783300199,-4.989290886538264,-32.010361316220624,-7.004032562435579,-3.0064564443755133,12.922599150116826,13.483823954954135,11.785497797143359,12.588311937678288,-9.678004169017141,27.109570719944212,14.0135971594586,-1.2939212054832538,-18.227466027298806,-8.790927202862145,30.555352341785724,23.585859672558826,1.9513132924378542,10.078793177361332,13.93223155338808,-9.03767180242174,-10.933316077477041,7.332490194493458,5.841508515404791,-2.4588262039553936,-17.459751869670622,3.488615107551963,-2.2917087208855715,-2.65978359916521,-9.212201457805739,1.9627085113567793,2.164150273464771,0.9857254178154697,8.23346571307414,0.7384894365768788,2.0515400554855843,-8.946486512967631,-23.075197183135717,-15.710833896567292,1.2640101072287968,2.29474427167011,-26.69658674110703,-11.02678395374825,1.596897499134628,-8.55837506497787,6.228193686548402,4.60419596031742,16.86916933389646,11.74430354556224,-2.2472367530505784,-4.204629626513441,1.6602434271239335,-4.449169784486125,-11.585297580503532,20.997034055884573,6.906342860208,-12.333278611194553,-13.487198534090263,1.533882579010755,2.4567887089256235
277,-62.899512413942276,79.62324161236667,-1.4969761927331955,73.8672654107386,43.34985948849511,-7.438208839602649,-24.024538489051498,39.1362730030499,-28.637389229285564,-8.866050154884231,0.22163991013760065,78.25968040899987,-11.373005984236777,-80.05173540943235,-20.487408934726886,-37.943198801093224,9.161636939198429,-23.473785283653438,-17.745575078332315,-13.009005417091826,28.62088807206726,-28.295567789290548,-1.090952629593165,-8.680246705961679,5.71554997254478,-22.579627019279055,-62.337610684040676,-6.893036601703363,2.825460621418799,18.311623745555067,-10.998105681585141,8.274579079572703,29.758157859721287,4.525381615642022,-4.967235144484725,-16.745575766994516,13.257569965773644,1.7777626792243946,-9.156206688060173,-7.078975952049702,-39.05591876496108,-7.084162237710181,-5.853336024772114,11.236400412413618,-6.74350314687196,34.443524273634225,5.721609562869803,-28.112338285939018,-46.66579600179467,-35.95355758652219,-35.163361259900974,-8.192497589406164,-20.914706849053385,13.102851121919361,-37.5970671048171,13.852236915309781,10.408638165154152,11.357781758024151,-2.095700405283566,15.775186478935659,10.759682457982832,-8.696896886507005,9.736338517157398,9.801448077355934,-17.30739098370762,19.381584431450385,-18.868630176342364,3.1698835451528034,-4.663386769622264,-17.0636058998039,-5.04203370169467,3.057619458300362,-14.985184096625089,-4.457885301007472,21.095150922122162,5.684964316734754,2.1415577910986223,-7.591067844395173,-10.641146695991338,21.229403633180247,-5.9460052210695595,-4.135502975883586,-2.713500954892,-1.0944159508818119,-3.8378765299736237,13.366377544659208,25.398699187977336,-12.76058531542305,-8.962727480636747,-7.656588079131637,6.2013151018471975,5.842858069123066,1.3769451644852917,-1.7359991356030398,-2.6713651540111343,-21.69179811585736,-34.16439745274252,-26.891588997442554,-2.526303666100779,-11.771407073203124,-3.9377852822707897,15.978788491804373,5.371258818574851,-14.243649874111535,-5.607965781772655,10.667569331028686,-2.542129121204044,6.566815177499403,11.00557074300829,1.0174038080928138,-8.584610374134645,-27.804637336743706,-1.8889176547761326,-7.552813019953352,-5.752762050766315,2.246901850007199,-1.5744910631335307,13.823020429102478,-0.8727653380757583,-1.7510245532725943,-7.485253538205091,-2.9527965343663123,3.93012029222795,6.537509766220813,6.933078453663119,12.960797857521598,14.731790300047951,14.087431030164765,13.98027936512026,-6.011326416016231,-16.388549247192596,-6.034315517720388,5.429924325406329,-14.493778069794937,6.071521207889627,-4.687133561640418,-6.498139391459844,1.2283341199232776,2.0976969598840403,17.298608784747966,-4.971310107964201,-0.09183270100428018,13.057774916242554,-4.9950262710277284,6.254740171275332,-0.7414246576217728,-10.669890893160654,23.709292443376402,-15.271687258361727,-4.8658921429857624,19.692157388152456,7.03742800146937,27.98652590942523,-11.027275274106197,-12.438241900415013,6.916742409982624,8.945673688170709,2.355118553114293,22.1340845845156,-0.44789351171764413,11.637915756941577,-2.1270493576318534,0.7217611020125975,-7.361614484783476,14.129827416663504,-12.806227232718479,-10.282571189562843,1.1583608510878587,-16.458618228599708,-17.139900577729836,-1.9743880047299887,5.681194072459804,2.7249554498114223,7.686424149034478,-7.249039095177851,4.964627185731946,-3.7837784412844444,-4.443601297688497,16.08311688435792,5.9003197893661214,-27.464995277098833,-2.1820414643106076,8.190545055225652,-14.784013618015845,-1.3381784842414775,-13.76223162416787,0.7100887018643823,-19.235099657096356,7.159020561844776,-21.23091161221788,12.1706782787579,1.6850398679424041,10.345139169164753,5.820318817463171,20.907737901465577,-1.2917715069941855,14.090642625461584,-0.05359940743324381
278,-43.29436597919704,38.57316009015292,-9.792295264554179,65.7230146092224,22.646288012025195,-41.965662255974024,-16.24200681602875,-2.738146761900871,-3.9039970536097255,6.766893453711387,-5.811587070173056,-0.7868339206149988,-16.37830995275288,-42.4271073094863,-18.11957370112592,9.43362913248271,7.467845925939793,0.9180403381162364,-16.070732718540373,-29.396365440847962,-59.070632564890474,6.647362904462704,-4.03659655743027,-24.972228173451843,-0.0403419636294895,43.29205626843574,-19.401039487776362,2.235343834363653,21.312685903146765,-28.622444835721815,-0.059020221853895105,29.76092652055656,-16.3115898410436,-49.036259408569975,8.989181836083471,-16.06975766423423,4.990923301085814,17.493279622611954,17.569116720217476,43.31532934807932,-1.4952983757913687,-5.772116333552985,10.511113496762263,20.753991976304025,20.317281942751144,-44.02445662204606,21.785018906164094,-6.9961748013063065,1.2149276635974808,14.46117495831185,23.096275617976048,16.03051427461527,-5.278065981679249,-51.69694425805927,39.41978717645408,-33.8641015389854,-18.978784658918734,-29.54959089714925,-20.376566793345006,-12.511960207222828,-5.420907965715556,10.196893715570724,1.0021196078814043,1.601228503187493,-34.039016227872395,-7.268370163549676,-17.247440508011117,-71.74563238025682,-12.802472103908944,-29.681986845896095,-16.036755878637354,45.73585265350564,11.805316138797274,-1.0515511103447222,-7.482679843571059,-32.30649117577138,-9.05155777055637,-22.884453425351253,-50.66927404127387,-2.4086597028607173,40.1290390221721,2.860564556685969,-42.554438302186455,47.23540764443183,2.961661996082634,16.756385000355035,-28.64007143911451,-21.198518870339583,-44.464508752076334,-10.719540914314148,-13.08314837518812,-23.581017816514738,9.249484140533196,1.0766644331141235,40.81577955298112,-5.660853898408133,37.32458136686516,-16.197698324116676,-10.282990770015836,26.285452289207043,23.36154721481458,-20.15372278635532,-8.412237091894053,26.835157972130226,-0.17495007458139472,-58.72693150550434,-25.10133583710692,25.41515290164818,15.993596780562417,-8.934285594437538,-5.057560967692107,-12.288812486853955,13.99605201894427,-10.759325118795402,-48.258251370529635,52.27164320616035,25.61524313722167,-41.136914289637794,-4.854636867466036,20.043695709172475,-1.7204593059590862,20.775033375220545,-3.209306658207016,32.53074276701125,21.368755103255936,32.73638351450503,-9.663174285105782,30.321974236881964,-11.422915619417314,10.647346900228607,21.586259917311907,-38.80685418267793,-10.237497717887123,-53.98721426340844,7.282397994385286,17.46103460109344,-16.26191138416353,-17.649829481491714,26.803749331699763,27.44745243270046,14.8820009685386,12.32115581750902,-30.856995392402133,55.232443102707116,17.233957801646742,7.953468636412067,-20.39178868796338,-9.570460179184169,-19.82250646531432,-32.595670359089276,-3.1728505509547005,18.583544176077364,-11.003853892376908,-22.78849581236357,34.914950657765374,-25.327746661257162,-22.35084673242158,-1.5345709587817054,38.510291457812905,-54.35447114140945,-20.223589373368092,23.849763291479164,0.4531070028474749,-0.32061087769433266,58.712910515615754,-26.758741298434266,25.693080121247398,3.842734262109279,-22.957756532024607,13.132829619057425,-27.468053602801877,-41.28781447396687,-42.98890893311886,-3.6464030190427468,7.379776884089494,-48.25716683395588,-5.079681854435854,31.92240301166867,-48.620122635650525,6.333806477939389,-39.535588661164674,33.22283978836399,3.520499975099659,28.74311113579728,8.333168118272757,-15.388553273314606,-42.70647941050966,-46.21290401808584,-13.398846879477736,28.439506017666233,-12.717540590414181,42.39189260773357,11.23723964893175,39.59386590465034,34.79736288463057,-47.85606172254961,45.90470708254518,-12.925071174648073
279,32.8294041523211,-83.75800114085676,-33.286824176360334,-46.47663308208065,-70.81568116757208,-5.588275700972239,-8.36348735035779,-73.01396900657107,4.275745725077179,34.39444939207546,-29.726742750630343,-135.2150024804782,56.585181260725,64.81476319636245,-8.209027142727047,29.455695827222712,-25.059836426076252,-34.01659452686443,12.786689193704293,-10.156674255333758,-13.276904598969441,-25.257419580260102,28.25741186882611,-16.886369329941605,-2.676569962316731,-15.289463415034364,-10.129530776621415,45.666270403365935,-19.578069315149616,-30.95136470046427,4.414645886433518,51.851882689665906,-54.86752530521008,43.512893045216586,8.54461728859923,-23.07463389438498,54.277492671620905,8.646718025479917,20.04442754415934,34.07136197588928,-35.10309756983299,31.225025369821278,-13.714601737830737,16.823777440449508,1.0568550897688356,-68.0387709104789,30.750216783765808,39.43546526688849,20.237674560611392,-19.512703041580615,-41.750799096239525,28.817759582827623,-23.768658955098857,37.87669124351014,-1.5315083375793326,17.92510808725717,44.321269520071986,2.121421863556368,-25.56327138254467,39.79496594528782,31.117356986731775,52.54250751416332,61.26600686027595,-67.27959496368415,56.57220753499227,-7.352617576532156,77.1561140217706,11.643659720815474,38.48344335078642,32.705611899134965,-80.65189264385417,-23.10946099989667,-4.693462687619554,-45.21407279115902,40.388440538250094,-7.820301807066083,25.668679977724537,67.5971799554544,-40.410825392116976,97.46606388022839,-41.67251117151759,4.841450883661376,-29.687498740111963,16.14329047501078,-18.352745301170277,-31.918373961405415,66.18796610223163,-68.73725195314047,-52.16708046707731,-42.47337512202716,-18.333595906335216,12.310997669005323,-2.9575918267118553,-11.458429390939902,31.601699148893417,-8.535878684109552,37.051860771241095,20.113318491756974,2.7528866735313486,-27.219511403216114,59.66296362897022,-16.689078125623144,46.35836270038937,-32.954335030303035,-13.267382958158224,33.75487045020747,37.09816069702652,-7.93657068225308,-6.700559718972956,-39.98806336120717,38.225581452065626,-9.233296336785358,41.5335303318362,56.06305460536372,-61.52426748660517,-24.432332615528,12.802824465833716,45.275526669770215,19.529487235279948,26.476862128755045,-50.984236745414954,-45.925516946967356,5.413407846538168,-49.425224799893776,2.563878777524354,-65.53323708473494,27.200266165899965,18.328455449844885,-25.654062021727007,4.955883657814777,49.03194925555946,-0.18240855250194443,9.756325799752622,27.314965680571405,-3.6022773348538397,37.155839832291406,15.350651302328579,50.239154340928856,-25.148161242748458,16.20651580278281,-8.93563650629043,-10.325626731564421,0.5666500621985329,-15.807078749851737,-65.69013129595851,78.11808040240078,9.808805256950706,48.44098486294582,92.03097009302898,-55.61596529158586,68.88959236012306,84.31424353130319,44.41023141779531,12.80546670742655,-37.30397559067756,99.35405871521363,-33.505894347103286,-14.089479681657957,80.33970237524193,-81.23317205001402,-12.278886113716538,47.25364508945075,78.3734851901279,-47.96858256520981,60.90174311473127,22.007191989599338,-49.17352137111528,57.98024717633539,28.185963622352297,-24.207020540897517,-54.12170947082538,-54.43863116222062,-99.09291516138624,-7.00898167259176,-7.218495653289848,-64.63884642892278,-16.863997763104027,71.21551901437518,87.05807275406467,-58.04195155753741,155.7860827007659,-47.583884725553176,-80.96780333628942,-55.93915778808605,69.34739434394282,-13.461730359837421,-1.009310739354608,45.88421680632122,29.71880975622587,-61.82271048175799,40.899419911197526,22.335704798416877,71.91614483726661,-4.871490538668463,-1.9066428013028098,-63.19669918278705,-3.779899175432279,110.41036604067182
280,-40.1166144655562,36.137349592786116,5.0326145625304335,12.658789276350735,26.09666846015737,-4.96257446094269,-10.841698119157838,32.759977073472825,38.09557209193023,-47.16460797881073,37.52546161862466,95.32147493691514,-85.87111892648149,25.50085498699066,-50.20640358713933,-55.251543917505316,-22.59089432721219,-54.8532865269475,-24.221440572698224,53.46826846249554,-58.17499746177508,28.246375101735936,37.1985094607971,-10.2533958378701,15.590806005584735,2.6262218058164803,-37.508764303953335,28.68871246361527,102.20178840194792,13.649446756704874,7.939262837396176,-27.466081140229317,17.693252118006153,24.060045647502776,12.97295623763957,-9.776337936835777,1.6585502617381769,-18.68719559807879,-3.8929758479636454,-15.724957512221911,28.057190805130322,-2.352853811525119,17.27548160256883,20.87635076708276,-45.965093162915764,17.277143128156816,-23.534648505629992,-13.727059872657637,17.200613614183276,-17.320550989680992,-24.860464083945818,3.4690291359880425,-48.9964236132917,28.69828297884757,-72.58800584589129,4.0007524417593565,-32.91200231974972,18.413141316251416,-24.635014708308702,5.222247043288585,27.868695484152212,33.4335551182445,11.133952479394232,-46.318429473837284,6.769033129445914,49.07782895747437,14.855966733902351,-30.795430015779473,18.88777929814085,11.771796702517975,-33.43091803592462,-34.06105483937037,-23.154504969132148,-24.50052018651154,-31.63593091334251,17.23807500629834,-21.520470729420612,-41.318039971255246,-62.945682808570936,-1.1427270388919535,17.186115745668936,30.808961991459313,24.66198045100077,10.693520667416205,23.821444235621595,-47.99754677270801,-29.866764495484098,-24.202198581461552,10.587305455563447,-43.45834444434691,23.191392212836313,26.214447265226426,57.01236282145111,-20.54498689149906,53.568666434092435,-60.600414745409644,32.80853312176331,-20.537013618670034,-7.279203572400125,28.689481729731334,21.542459418433534,-12.674731492875136,-3.553161071479012,-7.617665755705417,25.678826100648493,37.75249289073431,14.67453469280671,-12.47682193852022,-23.35781783936512,72.0171497423554,58.934492849469144,21.726372021682835,-22.64313935846567,-48.51706436612857,-35.69224778360808,5.307843087836964,-16.161292643705107,5.111309573526122,-39.38639098657351,8.661850053135637,-51.31606693641027,-30.449817010288953,-20.630324156447074,-38.47296652563092,-32.47932026171565,-13.441705217435326,-8.298285120928012,49.17681814298656,-50.73736604142194,37.32414562198509,31.36497857120218,-20.58525445170605,18.101594057331187,-22.73583332594406,-75.00153805332398,13.690883911888566,-70.45610683391223,-53.2847668026265,-37.99116920356178,67.46318790836368,-43.24776574359853,65.30024969040728,-2.6984647953717413,33.35348680759913,34.247389951059795,-82.43632833138801,22.601052770300743,-34.16358735970752,-56.28349694620329,5.1019903223839345,15.592966285725009,-79.42301038430591,71.05298384990328,-60.99812646655464,-34.973159078606116,30.149653178210468,-10.869530583977227,23.259056001044684,47.27265243015966,-17.56355724950378,4.34862155734543,-32.24210629675394,75.82051262476598,23.616124372266746,-46.089556425877696,34.35843220475171,36.256685146438485,-14.689803766956066,-6.156362466725108,57.18559801567484,-21.118563046017336,-34.412271585952716,20.005522104636004,49.583516140174964,-23.95720654880903,112.78895442262265,0.44109012424356786,11.993769653958584,8.296138859822204,-85.71639430983174,-1.708415557848589,59.50347444077876,58.114921567311924,-19.864372928206272,33.98780078752717,17.54139278272931,-36.701629138815534,-5.4709314401511975,18.793715657437993,50.02098759020345,-54.17410240996296,-7.536923931636576,-7.629705862009704,0.8286235872337423,-34.335652990636746,-54.053122143984545,29.255145509750225,-35.13780828947559
281,-63.201728489941175,78.6299588593221,-4.934226873512819,78.40153077887818,45.5955941132693,-17.984581431689836,35.92938064679115,-2.787660604783827,9.324692817767424,-10.834010755405515,-0.8046394691105581,38.43657633606233,-8.349560634801062,-62.643814631232964,-5.611324073828758,-15.368366301500219,4.002093682691649,16.27424190389687,-3.4403223831157854,-41.687668444802334,-1.76482677591243,-15.911570985447531,-11.716209620857965,-27.406325007207816,-8.427667409157467,-10.446947529441614,-1.0545662728391374,-8.491450163652981,-21.493015079938452,-37.139853010163705,8.992687869895809,30.478532816253054,-30.175811296947572,-17.889814095483683,5.249254663249448,-14.553073630227054,12.654917547566374,6.795651293535606,23.70819779047221,22.713047510744456,21.52941738376389,2.586018135327169,-26.270289003088006,-6.405512642008305,-10.375336823708714,-21.602867069218714,-11.681010690611751,21.85792564515561,-12.205292385920329,-36.06462830066508,34.30900032087203,-3.9661660569563635,17.80871663157618,-2.021821047578844,-17.159168992031788,5.429105802964484,-2.0808659785117576,-12.449240805793425,-16.783918891704154,14.522288946536614,7.263658558402662,-1.71691035707256,-15.852826873364531,-9.719841097103112,-6.329733123096113,-3.7043166513992687,-20.644797871747443,-14.405648440966969,-5.101041116897358,10.42383405034768,-23.161460694952975,29.087939221116148,15.749027459674561,8.897370127969044,-9.320971658832919,14.015589433966277,-17.158286366331485,-1.3930776665209614,-16.371589434159755,8.976881471001668,2.379938872633808,4.968450003147371,5.194989575954262,34.240924114609044,-2.383251128588956,7.439855961474582,11.16648779821341,-0.8970741735397736,0.22448043414596272,-31.234953357068985,-9.423171403870704,11.454442016065686,-1.4658430662022597,4.031077804109018,3.3590900457627844,6.270402424845886,31.56123162088025,-8.698093902953712,1.4066576385806882,13.193202893924866,25.858763677699933,2.466193126495446,-6.021748604133911,-5.230501707279015,0.5143257868899658,-14.146592771339071,-4.477129618230014,1.3740340202173065,11.338465215723732,9.406746716280548,-22.54478547680879,2.0525637590287023,-2.3591553435966075,11.812076183712659,1.5960810676831203,-0.9918873679662247,-10.290491937715231,6.918190957894002,-6.120780674874788,20.34318258968651,36.24600468531406,-18.029602491753607,-15.571216262250571,7.803391438326678,-12.075386415373995,8.357046697692688,-3.1952316103925074,-7.235313473085699,14.016246375073127,24.69208119067668,-6.417306935040266,-21.60782183906578,-29.40567433646294,-9.966270893360235,-4.926001360084594,2.290926176191272,-9.388634535355987,17.048749361740473,-5.7177750073759555,2.636961657228018,-6.9363056363589095,12.049790523925207,16.531994714922334,-6.558532497670769,-13.8335584527122,24.670460743780048,26.08545599194017,-6.225367583797511,9.17562875736941,3.2631711230918907,-10.907670956589378,14.615252800808138,-15.627600131933452,-27.23504660319601,0.72421799917314,-0.422448454446625,5.428333580708716,-19.941228551121835,-18.604424452307565,-8.380605971216042,5.738676620120672,-10.52368873408883,25.601504586006936,-9.438805147161577,21.331411633645672,4.009270117845529,5.986569067336472,-9.682451888527517,-29.501857568574636,-26.5943816915019,-6.835738189345516,1.3008792919974994,-24.32814686790021,-9.328275531942241,-5.288078067897794,4.627655542315181,-8.653334400845866,-1.121846083542989,-18.936039739463133,-4.242718043082314,-5.426942399001822,4.540995661070281,-0.3580288026306204,0.016397309421229016,-1.0216876374927089,1.676492461550529,-12.125831524723088,10.484721860274359,-8.466639377391477,21.81364395621999,-21.783692457276295,3.2800653164176943,6.134459413234754,-0.7443897789706398,21.522311520473227,-2.7269143860722407,17.75434499871486,5.371798514200743
282,-19.096561533624108,-32.727967802003775,-75.28102875900643,-106.97789465003885,-14.28863389469775,97.84216741037443,84.9465120012783,-60.5636985688004,13.355887689427687,-45.02269424480697,88.07874070608017,40.74138862020407,-12.31651056071628,11.561018983355174,-87.97847351465043,14.568553837710146,20.182151045210983,-24.544126172062246,4.756142682378024,55.065179406613346,-132.56220046571346,-8.501811464236976,2.7441897898121543,62.9168749742999,-34.248996319555744,-32.623146004435576,31.179784287197357,9.4925607701865,8.223866598711231,-14.106843417862503,-67.49990997628242,30.760242656059294,63.35017985447392,14.60011871458712,11.775506564388914,-19.133480941623162,56.6958193250704,55.98764534411066,33.006055172888445,-33.564660075206184,32.508951288824555,34.78494257872154,-10.213469286913405,46.21991140334739,-5.651558619157173,56.735528674360346,-9.929641086720157,-20.02444228885601,-52.88088175497201,-8.03029473229912,49.27995705781761,44.71880362252461,-87.86447077017054,-46.5275369636145,-19.05334995439642,-61.6688639054947,37.145942513100614,-23.79870141333013,2.048166137457618,23.424892674639718,31.842213354782537,-26.750826455311184,36.34416789965301,-21.52524714909998,-0.9729759371406443,-46.404261531030116,-56.1716467029809,-175.9088725418354,-47.59530390730271,-41.11241780927824,-51.654017435781014,42.05243122195629,87.867021513301,-39.30033315479529,30.787844000262023,-29.1926686344104,-70.92944895800194,-84.11720273000755,19.44131743092053,-67.14972106012573,46.451062262272146,61.7493248198355,-81.94394393227876,104.9785568896216,35.40423270657414,29.124278385586074,14.52625357271784,5.979377947676333,-25.028263497527664,-59.57176904108657,-0.06327765211999065,23.644831748304643,-79.30312604565705,17.150336952942492,-11.878071099664188,-37.76417371530324,117.80879322941902,-91.09632350739967,46.062983934386224,-83.874909024713,-36.84927746194289,-6.253224294469321,-135.80482765401553,5.387333731261558,157.5893723551577,66.78912064094652,170.76734710727885,151.5739582513583,-21.964431188030204,-140.68338073444838,18.02501509628622,-104.76036189817712,-86.9493636346094,-104.36053021113182,-77.6992580399142,21.923435182982562,45.690675621001404,-21.729300293691388,12.63201593434094,3.3395203210399953,-51.471995129343775,-16.80907341708833,-58.0557941521705,-87.75833385980324,98.73339947199334,-109.57175163963304,-73.85713333510404,-59.51606788108056,97.87614831301526,-59.554305225447735,-0.44251720937184646,162.1264885636534,142.79859640588347,8.847591981399233,125.47737935193301,68.54231932171946,-14.82703647398609,-28.404692302317216,-25.501541380558134,-111.2865938373867,39.87998989460359,-33.61084334497544,-71.58810063172292,112.97758423656073,-28.76576927360787,34.757683263168,37.073811027463634,89.42325273984048,47.27093314275344,26.49513222593098,12.947527022843829,-71.52901101864784,41.95094897149124,-23.204670133903466,-75.2451898877143,-67.77450851787816,-3.2679076872956254,4.210872339283536,-100.74429031743462,-66.04438678990115,-10.869568218339083,5.100377928491335,23.78463233138303,37.45754407929247,-43.80932117472192,36.665700091590516,8.189074515326428,-32.86941825561425,-67.23954123032186,-11.461887924167307,19.782749724441658,-15.776774373057812,19.863259895161008,-2.1084657552890875,67.94839682578598,60.770010543732795,-46.40274194228777,-14.387886472962805,25.210819170179782,-22.969676919269375,22.65121887657373,-3.0399688208604347,-41.60942814145585,-8.110209393698504,-37.76035283007536,-21.511385843110098,29.260370824283154,-7.338808637773564,-5.2189636492327915,2.2292035505513765,5.548189738690098,17.188718026212808,1.559849044986048,-4.30554806783888,15.584554281060447,3.4906859980634897,-13.980559618433288,-3.0082249282896405
283,96.45073669966163,-202.35647862395945,-90.0560859589627,-170.91244147896745,-61.123538507150535,6.302803064221892,70.66480762179121,-101.7297920202742,86.40205868284126,-12.484432826895189,-21.263228352114115,-34.35357845267117,-101.83982208169567,-109.4586198631271,-31.56643288177161,-12.908617562333678,9.850551369642337,-12.086455784496264,-85.9872201758217,1.0395965114027639,21.290680198636522,-17.904816008494127,20.358160801802427,-109.20418372022763,-1.63688027803196,-10.95814245861603,-64.35843036017262,-4.123247442886015,60.6453634332769,-47.30107728034073,4.4831390705443095,67.71238982966653,73.21290107202032,-3.547331608267228,11.278063478606008,22.370243291348373,64.91676503905059,2.746912642588854,-19.332481010163278,18.0854030376231,-51.33892655602195,83.05619376814158,7.098200954924237,-55.64154958760486,-60.39196688592729,61.15905800295978,-23.408742757032112,56.277793212175915,17.824692304407883,-37.38404853639658,43.61298760538791,54.9484684981398,-10.843139463951424,15.378425227992333,-25.92146152999306,-34.3631385661746,-135.41302303832498,58.196719691944885,-16.880480187826993,57.62072342745408,62.8681158119185,12.80594427563064,27.349140318610615,62.44058790843516,-76.57184123017208,18.74142348388955,117.34854178485624,80.27184121506303,-122.59169071663159,129.79482415003346,-111.60734757895422,-16.32166739510796,43.525465342810165,-64.00078040745122,-20.03516869389593,51.841773647154675,15.532148417466054,-36.05073118727079,-7.7754153947665445,6.548651722297666,-82.48629907202798,-88.67542717208809,-77.80269732870859,49.3239363238673,44.45072744854052,-1.1960137325115325,-171.88529714462226,238.70252931740066,-19.404128113081303,15.13732661912969,-17.243311871504094,29.319055089434592,24.079227870583654,-95.55778752219145,-84.67283110122332,-100.38271522919682,-134.5025145340074,33.9140805120339,-56.21957583393922,61.83260158378928,-44.32796050046467,30.61031676937295,-106.9699871691909,79.33112545902611,-32.34716717513822,-76.16788393399463,63.03454657533173,147.5680002767065,-121.37560015944801,-5.085812013123875,17.510588913145863,170.1934222499764,131.45339908948958,-75.74159597361836,-78.44250460122792,-22.09397600784043,-84.24804799750932,51.02539807722206,-21.777406866248096,-96.64053661128933,70.50269933606873,54.31518190181114,12.774536560131379,-31.922687659234278,117.77591844690141,17.71915005525463,-17.131874870087074,-60.73406354543,9.626242602689334,94.56982548262387,-23.681770099906156,50.805559843824454,49.542722501904144,-101.94032176486829,-69.12032147491492,24.323379219698037,112.24242856133861,74.04449841197433,-14.047192932456417,87.13247744815874,-59.208622705239314,15.334234727820737,15.87396224766976,-97.30303037467111,-45.20181561810243,73.445254138059,47.80603339520088,-0.5342495688080886,-42.73917624428086,-119.7422760465848,31.583475659865332,2.3029871244634603,-30.70737180482867,-5.057061441818,-7.8229990349073315,-93.22492856081503,21.72134439108724,-30.33163457641882,57.63324307394949,22.993991858628533,11.041105067072456,-27.29479910564094,22.03653378195769,77.3712252549017,-32.39524470807472,-10.83802174358004,3.566047314602858,-29.382389143908465,-22.91451132894169,-9.170105045407803,31.36828836844294,30.80905366763279,-19.769839269881427,-6.596484226386438,37.11454533068047,-25.6550437817452,-32.63320532171327,10.610247287967024,0.7774628829848325,9.4524098626873,29.302250143598233,-7.621621526060666,-40.123954751834034,15.960230068422717,7.729510156947085,8.103771488983494,-25.815443743956358,2.8963623777358185,5.75958782396778,16.869788255658438,39.38182756392857,-9.852085197930611,5.506405028698215,-2.61254298516677,2.5012505023598965,-9.314931818016827,-13.435754577041632,-38.44011509145055
284,514.1873577414904,-655.2284570959432,-7.68784614947436,-37.090235882089246,804.5627692919579,-387.1607217226875,423.04136649230895,125.70630843215831,-240.58649037145918,1267.0903587813068,480.5736499758348,473.0176288713857,115.48734012778165,304.9166862076909,-116.87151101984531,148.42510410804505,-346.6907672286581,-136.7159478081337,-29.6566942643038,-159.77235516359832,86.64117786095915,3.2439230397816456,-25.622371166422322,-38.51055974811762,-3.2381684695306236,-25.528287585838267,35.90128911850222,20.681287550269502,-10.796552389636544,35.05374387480206,46.131131946635094,-39.10996143531447,22.859738043925002,46.49481598296949,-20.948769941949138,3.887411818699263,14.287163219799746,4.583780145110117,10.851560842881554,25.24017490280195,3.051978812371171,-10.019622051737837,-0.49823827935777526,-29.128744787197157,-27.46823495603888,6.006192288864924,1.0676459267075038,36.67941500965844,2.320479213006696,3.8156350341159335,-4.498161220742464,16.775769334834465,10.269892196115391,-5.1575917151148065,-14.57508596088658,-20.944192055524866,-8.195003163197992,14.274976261517967,-12.508976977633393,3.8430247169519385,15.821542376544585,-9.84567956929104,-6.643757664913566,7.70563014852195,-8.984788645958602,0.46208625297422135,0.08286649681032608,-10.281574414061124,-5.587496358195818,-5.4929518406785025,4.201440254791461,-3.2637277660138215,0.9022887417857559,2.2168311676952572,-1.5819657409315186,-7.315837405234393,5.626864266814495,-8.198000473368973,-5.790961730224468,5.923820709575154,-10.685469672934303,2.1899746594946308,-3.2246171708821474,0.08109804987385649,-4.399606588076053,5.501421236451002,-15.72999866827773,5.880988209119113,-1.810429021345608,14.123044858935232,3.7250747436447855,2.6390300090231786,1.2642948303018067,9.329577514284562,2.8749304425693722,-11.43406382527451,4.647030639643584,-1.7284943288437227,-0.14361696585354022,-1.855884289417469,-3.0787325788125828,4.585559876931505,2.4901229945553274,-1.4643112764333137,-0.8660468153239669,-0.5887351811882253,0.8538210443178018,-0.29178574281304326,1.403999424087167,-0.9809588398115503,-5.186076623367125,-3.241289943118077,-1.9640155175278973,-1.1842247306639635,0.22659813243693572,-1.995985074549389,-2.404445713927921,-3.0888894890134906,3.0069463807631025,0.7562788430615492,2.040137434085251,0.9519708775966338,-0.11627019954466444,0.9664441830383375,0.21409204263778445,0.010857898014084898,-3.4438850266529224,-0.6088989883818139,-2.381914078319947,1.9945805439813957,3.1825357911968166,1.519808927289119,3.764382780735275,-3.2200430529557096,-1.1913437491720458,5.568287479409227,-2.805547068368074,-1.1786255608665945,0.8085417355721228,-2.9169629777036916,-3.6533966002045086,-1.1070117236261874,0.5220982013439717,-3.1551389190582526,-1.4776322493437448,4.7441043687899,-0.8117645721705508,-0.41440754066869834,-2.9281228500448178,1.2637837248342185,5.429521758061134,3.9484512309169078,-0.9032736502450294,3.5839140447985076,1.3383162040906842,0.583030384527464,-0.43553587121289616,-0.6330795397907215,-2.599964651765184,-3.174960203280126,-3.4060339958072534,1.7616285786719825,1.122184666768013,1.508742305384741,-0.028657647358497185,-0.5848107447124786,-2.6175125141389564,0.6896259241092635,0.6670702204455479,-0.6427213631236393,1.0409947830878346,1.1161538902522221,0.4471371643219648,-3.4994175758617097,0.2680176796789347,-1.5051515478931217,0.5316601467816906,1.312318132798206,0.30378965448203066,-2.1966187292689727,-2.2476511358554347,1.2732891179918762,-1.761048881670307,0.6885084547172251,0.18855723405955394,-1.0818079130590705,3.1759428030762558,1.012112740039374,-1.2102823384748904,1.5303048131598804,-0.3937995277402516,-0.6998965816950342,1.6289507270569468,1.0260498465391612,-0.09401391952199087,-0.8294628227810577,-0.7688470831923012,0.5339545596954975
285,26.74289163124176,-122.1466772576008,-79.90988364874377,-115.36499670604202,-19.668583998530558,-2.4373117002775055,226.42950742467883,-208.04294125274754,174.7244041569383,-70.33551792001279,38.83165056341139,-83.79541904044589,-113.67578830028042,101.03012106308952,-5.1009965691701895,-14.799519419828947,-37.37556446780365,-112.85855799376495,53.78920957883316,24.750423319393978,127.7481565507418,-57.170877139884276,167.37337341485238,-48.72936253663592,-15.679225045229341,-98.58895025534652,-208.65557116050837,-132.6996837412392,-91.05546839154523,-39.035026212283334,79.13186826940112,-131.4908257846445,-239.0456947045285,391.2063390772377,409.16283787604465,-279.28247510474296,-18.720637787246865,-252.68750658885438,-79.59938648191942,70.04996528880812,-289.3873158745902,339.0929833183008,219.40278066564426,21.51983501710188,151.43844954172988,-91.64691525251237,-109.08942324344011,80.58499791008946,-264.52893953594605,198.92231046386036,40.80651547759153,-71.42046155297528,13.144955654180581,-159.66387832385306,-92.65687312761814,-72.32393001446292,42.10661051426396,-37.355027502272854,-39.273337160500525,-91.67578748226143,-111.84712800188079,-42.11064203176567,-153.38201336979628,-52.42299906262249,21.681592481125506,-60.89581307304832,-61.69137318856086,-55.0649999246802,-17.939308250382354,-41.57407902694345,-9.380605858720546,-20.163201950349535,60.6906984831542,-6.015513623132105,-16.379825070734714,65.68882088356871,-49.269985928253334,-28.858998004607887,-24.57471368810772,37.99654275354254,14.231043543077842,55.32305371026476,-6.259211465521405,-13.828357719850777,-39.96452802048526,-22.3835225604027,1.116739173419601,16.15352761528135,-55.012431936784836,22.605670711691747,16.64510340358109,26.793384128403705,80.98685768812118,-18.225668982024263,-37.98338929687996,7.492481556221136,8.97303164530043,12.607500268370027,10.030355039169445,-5.780440731221706,-40.620098745443016,-34.5332861993123,19.801144105791145,-14.289560332299887,11.949676934215905,-39.320038398900714,-18.2387143562268,-17.08552159164261,5.644358420907279,-12.055124668824881,0.6308665977567467,3.193371576806781,-8.207420893231953,1.305365566418863,11.875238564136215,23.46716427788141,-13.705392913482244,23.448517716000016,15.834747770565741,-0.01891362279333364,6.628103838975391,16.898658925366846,-0.5252894190839613,21.431538842011477,-8.826299562865442,16.2153049252806,0.06494469084901372,-1.3945319978274515,-3.6481628724997206,-4.826615499500991,9.78998872511828,-2.225920914361674,13.704537823635611,-1.501777984003457,0.7182725024085209,8.431320450797005,-12.663044088909691,9.578466884989718,5.990014273904465,14.42975054720542,2.124439020879496,18.411226403558768,6.139190130295368,-1.5555052754625338,-8.59543798282652,-0.09954043844698524,8.70739599863773,-15.974044796333247,-8.4047660426115,-0.7737601817501265,2.1617653098885574,-8.979318821852257,14.266484883206635,-3.8893387749145045,6.455834416005622,-1.1038705946047904,-0.4578011772088793,0.5120825636417813,-3.4085637714504244,9.749326642341591,-5.623019285240031,5.371639066236256,-8.507259230285841,-4.179979461532935,-4.742061352649115,-15.950430185429557,-7.5199423979424855,-12.012067320945894,-6.619975301504925,-1.1057213956992393,15.06234576234227,15.510018217444221,5.821325576905084,-7.030287485053408,22.014027703357957,3.2843654509363933,-4.039135850880326,-6.401384563869608,6.920875459454591,1.3011433590379866,10.777162629512132,1.508786764257299,-3.7861605169267323,3.0567999836968602,-2.2675015083271637,9.31947756752463,2.170436786581779,-1.6961738911568225,2.7786449635635795,-10.005691535276233,-2.8251728891658177,5.037206780987587,-1.2490921088736833,4.738064203314031,-4.458815829214141,5.034269074914402,-8.83224564781611,-7.933899695419373
286,-37.02350638720781,30.408609247479703,-6.52766479565655,43.395076742366996,-4.189878839545158,-15.258096512472227,-16.315946898690168,-3.8312696093884258,-40.71434576259408,30.52359444392103,-31.189472777250945,-45.55937241115609,64.52529059087801,15.366232069954782,13.078044714155013,22.416923293075335,-3.0831904338689267,46.88786386144149,35.903903114384825,2.35616829991521,-22.40604695492739,16.058526950990956,43.163635061970545,4.435612638320172,-28.799109066045403,-9.279507166626866,48.20375759929912,5.421064133789454,-14.414441107766379,-40.367237789142145,1.911203314976523,35.71465555961155,-20.18476319552222,-10.671865596230143,7.864394227135648,-24.314554756545025,26.108780867310696,-0.6562450562587537,36.628277102787315,13.592628651133655,3.4140745025609194,26.880836591327355,5.009361961418004,16.705747307411524,10.938091077640868,-40.17944900095273,-41.33714667808716,31.863928745089826,78.3013864699755,-11.408209558781062,19.3407228834842,-1.028631153202122,42.70153622509819,-1.9264935017550795,31.00453971728014,35.11576453367749,-22.253582533526817,-4.561187167376186,8.82299634682947,47.53611251129229,21.34373615979859,19.03564258631779,4.068130234961577,-29.009123143370985,3.2635464476009997,45.530113173784436,14.36563251447371,-47.03907407909861,-4.801741159925243,18.830634537563476,-35.967920263318334,25.609223350491668,41.59225613422068,-29.395089054014278,23.479258427041252,38.058601686014306,12.569466777651009,-30.261474799921352,-37.508396739311976,37.75429165415167,-11.977640097194385,29.075494929887043,-24.206398637484472,9.80730974026662,-23.23392828942463,-0.1688475228991544,-7.12731550365918,1.4480691252058862,42.960961912835266,-55.02856226687553,26.486162871107894,25.658895157673832,-0.7108902277360685,-28.600771719473208,34.294314211811916,9.372591884516384,16.725362786946214,-11.964064890742966,-3.236030591459323,-16.60110823502162,-5.0481899071441685,-51.16137775986007,-41.1300795447613,14.093051705081677,35.88956492868454,-40.63933642566269,-17.408945562213976,14.595441595277933,0.955140640232591,-6.928653721392969,-36.178583935235345,-7.047332847896822,18.269787292078107,0.6579696394900401,-0.42079837505703677,3.2579268709231726,-14.04842512454441,-26.23259583598375,-18.585458590002826,9.626088744292405,-10.044019469555277,0.0031560860204342678,-21.518363839258868,10.839250926512756,-5.626814487406957,19.506834907835504,-23.997743978954485,-6.8064229219669246,23.874301871896204,-2.205098636392201,-17.600741927380064,-24.824655135536435,-25.211174609365905,5.7785570251813105,-33.29439426931496,15.395338418609802,-39.505496060006166,14.607730758773748,-3.923307087479731,60.48367621804618,0.8561381816073632,10.88458668921145,69.21981797330739,11.719710334099286,-30.302583522664975,-16.56666390592308,-12.949971109928324,1.805018776893481,10.539495876510891,12.162503121848554,-6.183365905083474,-3.696991041578365,-35.075525859108296,-22.78729475123461,1.3400250957032553,24.521978233721942,29.466388766302572,-1.6911727069655453,23.960955445076756,-10.321180146715252,-10.872902726459488,-16.810875276160242,23.60204057328347,-19.956820874448475,-61.972163684142096,20.268418368072357,1.4801411288043842,-47.99534180486034,-26.292383708886323,13.978087306768042,18.080143825929067,-21.774053821142147,-34.06334082224871,-30.643002372004602,-28.31577994767677,50.1847100042103,21.3963553370736,17.339826516743372,-2.846595257019013,46.517504674931814,-44.28429059114711,-34.63079870271966,28.69042391698411,-25.786793957844232,-17.134923292756767,-14.940013330199893,-2.149698527169223,0.09671797074604727,-39.19404128254958,-26.995227649244054,-33.50443158562947,-18.39969316404294,38.28402656265475,1.2183003380199873,8.441001465102017,-23.253052721234976,-14.591915516335789,10.404010184120372
287,-5.293246650616772,5.558445699848285,7.1567961163429406,116.28715292302164,-11.370620326887643,-84.26995983881147,-69.3595995596076,-37.26633242185893,-27.60046386733753,56.079095931662394,-88.32342825320688,-109.40722252479372,88.04727971905865,-7.696832519389635,10.279799453225575,11.312253805464252,16.589570538893497,-5.364845488589339,0.0418368259943227,-56.56743063028404,-52.19546398343947,-22.597924103340794,22.280693019518225,21.243011949145195,-39.9338844069995,-34.638693432854694,48.32165956798965,10.134888763204481,-26.394421902073436,-64.9133194290319,10.363720171188792,49.448585295342674,-49.44859505417359,9.903756023716426,10.406927510785806,27.291734727160073,20.632340553670428,23.4665114168517,36.39678599892482,38.009535230866774,1.1460088486955256,25.61306646666815,-55.72553356524783,-7.268687374426573,-20.472572532666586,-43.73037699804218,-2.2650502394182483,20.873014240555143,41.26425742211826,-7.175484706700496,-21.251477074669634,-7.60058472900641,-18.557774028961997,-11.418649952778466,-24.625822277338795,3.597964749254424,-0.9602742932765009,7.954165843086664,22.827709351842426,32.562028776965214,10.715076862247672,-11.766704069401435,-18.61817977442934,-41.60193220397471,-34.4447085903141,-31.734536944773353,-52.334977649851794,-44.867430065338986,8.19533914040728,-16.024275169720596,-49.846925031532464,-15.693861667847166,-5.7148352501396875,22.952509882730663,-16.65338763919387,-2.2775333117638814,36.662894383896436,16.784481921346178,-26.43095048092508,-3.005039305622663,-9.319036396323018,-1.6686691481221467,-11.592982970317415,38.88085522204311,13.397850168440856,-18.577424093341,15.799595995916933,2.7566762559624918,-27.826450676030273,24.989166633006867,1.1694604479471575,22.5494061675269,16.35723908730846,-6.888088492030558,40.7999853371831,19.45173991227143,34.82394872633493,-37.12024341834766,13.998272987254904,-5.7647824685829985,22.289577737012294,-12.029328643068338,0.16936313805456682,-22.24255125940513,-19.006549626506864,-25.211601392649126,-21.18242997968389,-17.366813136779086,6.419341909418602,0.5980865186794659,-59.77370513810998,-2.3606413964538504,19.526113528972598,-2.625278662400389,23.70733507763572,31.192622100227542,-33.93958855213839,-15.12316525309306,18.446385954412495,-9.369531557475275,27.800476777366466,-4.623321660304696,-19.524426211778774,-1.4080060979902664,10.694790737355373,-7.569529943007465,19.4368160526854,9.993863254703925,6.0388456281658485,-8.883746871430256,14.271719554580159,-22.794830425313396,-3.7795677602555418,7.225290653625467,6.135585138842853,54.07003550991963,-16.91690075026768,-7.941579876076474,8.884864736154134,16.2761477521802,-43.869968829475596,-0.28815517054602213,17.40388141269092,-10.044243588541354,-39.50868058951262,4.8503685360529945,12.517258431951628,25.6614043908426,1.215343709401158,-9.042444902746597,11.939180260023063,28.89243618397907,-8.709153711555834,-32.082775209225176,-13.838752514037838,0.5399218873115479,11.083348403656522,-7.275476445154016,-4.419298757759996,-26.704545616439955,2.6813096055764474,-44.47312525929314,38.88547381146697,33.16912700260762,-4.218861874585553,-19.65110489548015,-39.46366629044585,1.692464130494161,-17.652789194326065,-6.0869643336596315,-21.780538027796702,-15.658534563587914,-30.087059887940395,-19.60620907717519,-18.17540270266831,16.23379520377952,2.0990265178376557,-21.574326791858137,-9.204946471688803,-9.080995556990656,20.400511568663468,44.55754927396064,16.86648386289037,-17.584405785301282,-14.816175786368746,3.239503935900448,-39.39719398192971,-6.580063083619859,-34.76927347149392,10.195215011141284,-20.637885865019648,21.175182033093712,11.15592306215731,19.90809135249156,8.255733879407439,10.810982531642685,-26.04233397462289,-21.177768901403343
288,-46.91599007860976,26.83897345474565,-38.94414323685676,-42.94109400304295,-4.563977610592564,51.93103428651181,50.72820918880171,-13.360002008258352,-12.423748744013652,-16.55361100493442,52.5174583277156,34.43800506735316,17.30146470124336,-2.418599835822466,-25.190189183951087,14.634304886957459,-12.615090438016946,34.22417600010759,61.82831888496845,44.64265059044049,-54.116959658800035,37.07211675880606,-23.956503109672745,16.437055707311323,-4.403981703864129,-10.591610972386878,-22.847456830379354,-24.234253570986148,9.171479744689126,-9.878477586085179,-32.08606992336573,11.032358657154544,-7.095855661620749,-41.673246387445026,4.535272487194093,-45.41207682123895,62.32757925178491,24.69853305380855,11.257055772583895,61.29021978669478,-0.9147087771347145,0.9689641073357981,58.16680966502627,48.88203586382055,-5.020091089842952,-32.18122983041692,-16.412744751455712,2.295830358093816,81.71499700239987,-11.887527748478922,22.592896193131256,-8.820190318454607,66.35417409556771,-38.65740230464348,57.31964860037436,14.177239285832213,13.385537063270785,-24.290405244940235,-12.015417837796134,15.672165024098945,39.98987079867057,-14.487891111506066,-51.47576171189692,16.03324108204359,-29.66910795590723,-7.6596286597621,19.821927742953697,-56.52761112072423,-18.817704478415155,33.16851007120482,-62.79514164359716,8.835822184855763,80.83820822535368,10.834152643424298,25.54255923785994,73.78769454882703,38.57505730900852,-3.3108785603476565,-30.875740259011593,-86.90121795640543,34.61378625661147,24.306735614374375,14.52501820399443,-4.079963158738253,-57.658384506867,28.244855961418864,-24.985942624377085,43.138770764442185,88.7335630669806,-72.2609449513605,34.776243476106465,-26.909323880671984,-81.28721309838177,-78.30580969798851,49.86963420270581,-67.72070455957218,63.906768985672024,25.38593191097088,-81.10531382581553,13.64187267634817,-33.84392351123866,35.062180866752584,-33.017196356601076,-23.998580745622604,22.17632162342447,-24.351800640344962,-39.5225420107906,-16.048958597783223,-12.814958736777388,108.44316409615361,34.72268178957195,-74.9853259255636,-34.45556613675401,-35.27136771997824,79.50078473367094,45.785123484727556,71.80760957796257,-110.60682799294149,-32.206999176251834,-0.5741181106980475,1.700360947736328,-75.74832531737886,-48.15810290271367,-41.07391468823564,49.074883392454325,21.252475154068108,-87.3854650629876,16.773750733164782,-2.769794464358884,31.53627115985464,-8.890409742779688,-30.23203218276719,-35.99994752810313,28.391359470698145,-102.7496768895921,40.04419361649313,-80.31348618450627,74.00913177787413,14.625445247833563,32.90785629049445,13.022649198586986,57.99203090871876,-62.44638602439582,17.22785830018675,-70.4099791767559,-6.766907956969144,2.635989374221353,30.285030366666852,-74.97832973208463,102.54498255966718,-47.35174472872785,129.7274360393967,132.4332379370243,-30.328563341204696,-15.481769884901954,-19.158025664373074,108.36297091652652,5.540783188237923,80.48451718249389,-20.79704270358562,-140.74437540018462,-77.60035556078677,-132.58202414604423,-82.32400062357202,7.469554865175819,-87.18724193853224,-23.40942006786943,36.65259226719266,20.985682071816324,-124.91511222724715,79.80083175351845,78.73496890681947,-52.62066328979572,19.022705706378687,3.377433644651012,-9.380362206485193,-28.2854931824082,92.00643384994149,21.596126650996894,-38.86335128982,35.897384182050345,-57.37201880102993,-22.93361082104776,-27.18237200585873,2.6976738322826295,1.9551289244918153,-74.8576157232181,45.74345435062904,-0.3954437320682003,55.716253783611094,2.0907444294784674,22.99644642317056,-3.5166566486640485,-59.33753437495092,-25.150494824973734,22.879336026927522,26.52692562061388,-27.377000221128622
289,-62.686667890550474,60.497827786380924,-28.046974192569778,91.4620745011458,88.13746851652702,-63.64733761295739,150.44131439052975,-126.74541865822066,97.61525044988512,-35.44588397657821,-17.243944263240497,-30.470807146290152,4.710776489625428,-26.497112288259697,-49.265961855381995,4.164670310572569,25.37330719702146,-7.989858750196165,23.21154290966014,-47.52123206710495,-52.44752690834393,-38.3937660815977,-49.651998523712436,1.944534371644294,-2.0657487236145853,-28.74880188979963,59.87739323917619,-34.82249643852595,-62.56351209666578,85.80321639797914,33.82077608145403,50.49313845247191,26.179653415503072,76.13004541133361,-42.85091244645075,23.893727153976815,12.637134631652735,15.609220336514456,11.22031486377924,-39.19622846265619,-41.28483679393906,18.095392255319215,-35.262030298273274,-74.20108646651825,-40.323923891396674,-25.497382954654803,41.0696920651329,-15.268412095987324,-49.393286702894144,-61.89836399768332,-44.09612148816176,-27.45538972915317,-30.093114750790523,-40.25899086393622,26.95175029719624,18.369254277035786,69.06409134986481,-56.850127033478735,-53.93231289092548,8.39937667043405,44.34669934463352,-56.575180574307204,-3.047117583899475,31.602209344366223,-49.55907373390154,45.22720546055208,55.005864505595156,-47.412101730937394,36.836738807174584,3.145227089968211,5.1605089943117575,-25.532040829958056,85.8630799734415,-5.643095057317755,57.674768605186145,2.428374585753319,-26.454232917125413,-53.138229638923555,-9.82041210754955,11.848870536216891,76.1358703007706,-42.25719517737373,55.209035182882744,25.288182949125012,-79.75629384461465,38.32506641548829,88.21078606331113,25.406787010257517,-70.29547618709525,-24.6132926872042,-60.95791049784391,106.80277567835452,-53.20004768393024,-26.547735704532553,52.66259913041401,-40.30623679254773,2.7079712279179833,-55.02192259584005,-53.898296884654684,54.84707941816725,21.108529162760327,7.2774539960791635,-25.85255663132855,20.201233745523172,-40.769289488959444,-17.45466446409172,-10.392895445174434,-7.83460967203027,-126.6901029509969,48.56945317731699,-42.30492345927609,44.41009119044783,3.477308854094848,-61.57415262461285,-8.847335151672679,1.6795946537773085,19.38198062692737,-8.85587044447593,-45.60389559740612,-79.35294753402017,39.8550951633803,14.99927134385896,0.5782609893504934,68.63798943813416,-68.23252409770896,38.66612431853684,148.22319879144035,-1.0061416268183279,53.189166106588765,-0.25968281056447484,72.9503854094724,83.76635747837825,-146.7538895242283,-0.8058878422343883,39.28876741654341,33.62045064913227,-23.506508424322753,32.57962317941924,56.46032494723381,-42.09449581370372,-98.26859064998746,95.70575762944479,-7.118659923590458,40.81978714982175,23.06546414737315,16.812202631978998,-46.26940180210871,-19.1614588810033,13.024258489862342,-64.11046443261947,29.565738883487786,-59.74794734052755,26.149238218467428,69.89787695888046,-12.247607802459543,142.23349072267177,95.90299995694605,142.49625610650574,-47.29457830607699,-1.4862182259969625,44.72892559721457,46.16438006455822,-49.250337165728034,-14.9143593897698,9.446616225757461,-6.960824323181141,23.255300139534725,1.7655382691253296,-27.060409891024182,-11.172452499676673,96.3252902691145,-55.19039558902873,45.17435255459822,-39.61247149632659,12.616040453923084,75.41035469699754,86.38591992812216,-14.423938678546497,-43.79087959201865,-36.50971944053709,-5.45209422730902,-44.8660849777396,79.03601209140831,56.430534291532574,-35.19799802869338,-27.996664645163104,-4.048145362323976,110.02027999504828,-82.80639279198273,-14.180657570475857,24.714601915662968,25.245261903421962,4.588274334359772,8.13713287147062,-57.2175940395479,18.68662934379651,-30.31532331657998,-2.502130058517012
290,-60.5438667507526,70.012012821872,0.6941149350642177,76.12237966649197,58.25011483301061,-42.03262918230484,16.10374899614922,3.9143199726142823,13.979743227333714,6.92628408443985,-28.790294664189286,8.627927082761184,-49.87957035358357,-33.05400933861053,-22.185602813240276,-16.40246832555179,-15.934597360556236,5.619398646765956,-32.98500684358205,-21.368046631058736,12.637677421791443,-0.4225727837565174,24.07879769167234,-34.78459055671353,-10.81707937970519,8.359698202175583,-17.63696679415002,43.94434085295702,-8.288378916871833,-55.11411848044399,-31.153718942115447,39.3533148870206,33.946621141978866,-11.234431835162448,-2.368933007279841,-38.732346443953936,3.116550634668894,3.437177957192542,2.426672279809037,0.9394222673528232,6.066318250494382,-0.699165140439514,-6.528243680823509,18.33020675915814,-3.8938026489998436,-2.0799782347820748,2.441147472275799,-4.328735866109185,-15.731721463831908,-12.381828649560209,11.958183830355797,0.28955611492544314,-1.5588776859325961,-15.628363864065399,16.138403945264827,-11.075117466433403,-18.535276023731647,8.010128001280142,12.190132559496393,19.824606229394625,-21.712157708376264,-1.3786745249730747,17.90930968657732,11.770156221403827,-10.419901872146758,20.63556052700901,-20.01989256445697,11.012674787480504,18.468665033602903,11.534535121621433,-19.1993334883132,-8.404136579995582,39.16159493805124,-18.94185022470564,-25.364396344686405,38.0589319984017,-31.084685739868068,-7.408654261030715,-8.022400885978307,-12.773799486837591,-17.414609541429375,-3.376843173051796,28.273542175625952,-37.58988780995082,-15.982303910687268,-13.841122359072154,-14.910361000579593,24.833567414528765,48.88799390663677,-36.67057107802973,-8.874701165689142,-27.403869192320077,-20.75597364771683,21.650349081150328,31.768000908860685,-19.488424112375654,22.29039945052215,2.096578420810821,-18.352961191762287,3.333765390445504,-20.37191112999103,-10.707765200384225,18.187037296038156,33.57639190447363,-11.697967509933074,-19.9225153192604,0.7609846825343123,-5.8142712568813595,4.580763114393998,-34.033446091146416,22.638882730571094,11.66573525923362,1.0834079972325228,-25.1668718007759,5.494730273048736,18.758423133131885,0.012533627798361119,14.326076424057227,-4.342989820680666,-5.193336885868506,-17.54800455036551,16.82510245885294,-27.53589323888765,2.455373107792535,-23.218536250978424,-15.963645197932108,4.806465098165002,8.048797858918714,-2.571705116227909,3.378486769459435,1.5583922075137795,5.58426386612651,-8.9412086506712,21.496358225081753,8.925025224400011,-30.759555833495043,-26.832587181440786,-14.978381886602689,7.206647964993789,1.9429674122306482,-7.739394287636917,13.528886757743317,30.099909745369963,0.15934404539703662,-13.682630291623822,-16.71803944373635,15.65063656757142,15.324193171008893,-1.74236448494605,-14.10991980290807,-26.09522611005046,8.405985907262519,18.453882680256324,-0.06698932721597706,-3.2171026533402856,17.320845255923878,4.802847519691769,-11.719722630690105,28.70059204330901,-18.767040081392764,-23.016449706174097,6.888569936309538,-6.041283266950214,28.327480927024165,3.1639864921834993,-3.467663754918684,-3.0951089295853693,-23.573989945723458,11.681227143196981,15.881572204359278,-10.465458868340171,-9.95270675546048,12.532068766415959,6.671670951173647,-17.8822242089329,26.515153438106246,-12.326889138372156,15.452116840931307,-30.842877334631506,13.78941313089864,4.859183946255354,-13.841519171608393,-11.666494229084408,-4.271304201568775,25.80920087321986,-3.6959369040675294,-0.9674587384952661,-16.150082002780835,-23.151937856055234,14.026620704122708,-4.973779139222021,4.976925495502307,-18.65327614673537,-15.949903782774163,-5.722685172475156,7.9630103415075455,-3.163578300084282,17.17612334674555
291,-11.546086245479318,-54.00333790902508,-60.16779871458768,-100.37699187645612,-43.36432178161754,33.7198208042145,53.56521906304494,-52.183642171298004,35.66562397355758,-16.635574112469865,44.95798157578092,-5.390279903358351,-64.59483924531207,72.71459903624628,-60.23450049873845,3.963473767621869,-34.262728677059314,-72.88979614776356,-36.214576105815155,-56.63348834777061,-82.5292567566126,13.583017165652047,88.84348120547871,-46.590029709030524,-1.9553735255346834,57.354324120727306,-22.0864845101545,52.34551013835034,4.83267191588557,-77.32076021491999,-14.312689003718845,19.96809939553034,-36.39902979714777,-52.23004763438051,46.55977486367111,-53.27349497191497,-2.9607251643096384,-25.61955683663232,-10.700036099440126,21.347672052290022,48.452129578728155,-45.81292588403156,-59.554162962720895,38.83728333902796,17.61342246955454,-67.00462088609673,9.194162306157507,15.324249564853448,-22.84942585392859,-23.54244825054685,1.7950245423178097,8.96261852468341,19.27194832131099,3.719816141373597,-31.17328525976596,-31.685494180760386,7.777938699545511,4.648528874491692,-16.656433133448996,13.128216564798457,-16.723018601743693,-1.5440879187406027,25.005604179357178,-25.222890127377482,32.59401389497694,32.57107022437394,22.385214693280368,-56.441253544891325,77.1816496852005,45.454807767539585,-15.262716578694283,34.572696786615616,48.31402182383839,49.50025464038913,-6.119215863993039,25.941297267337013,-11.104517487568074,-34.9387849948885,-69.17903753248986,-41.78374250008203,21.84008704182389,-19.446669075110943,-38.66457884067949,41.045511990926855,13.650066041758553,-45.57460154394355,-9.903623614285145,-18.16752680489385,13.557795791046576,-39.50154896419003,31.35148260897925,9.985239168231042,-33.67917349248515,-16.336077091398437,61.681545344565464,25.481295332709998,-23.772751622269375,-25.929385008340425,-62.22290166215911,-18.259098464979953,-31.08195717627841,-54.20385160910862,-41.0481645870298,57.13086423654337,-4.742125851073814,12.095022788970121,49.74926410422024,-9.098087748145494,16.05051209233778,-3.6105385275786315,-79.64557377522654,8.335383207338072,-15.850369004813937,61.10530571539179,-9.31431134465498,-1.4340759422981348,3.7160763558310377,-3.66377090068167,29.61371200339568,-12.427306969948729,-33.481505765088876,-15.83794072767424,-29.75299157771487,-21.51458249143258,-13.765542784174917,-25.366539877193286,-46.34158250904836,-24.686718719366628,32.20165395031594,-13.562766745351002,19.739507989036728,-40.63890203561818,-57.75617671380991,-38.32009311964256,39.68243944887723,16.55277444316034,23.515323938390292,71.9857046917055,-21.6567266841887,67.71124362328806,2.768969322125418,49.97258021477742,-23.49090548520568,18.405313429016392,-0.20812613998655233,-50.114355453653864,44.19249834789755,69.15677839676484,20.08672064661717,-23.09566595932636,4.0841230323501385,-45.90636356632083,-36.901409774343705,-72.57897391956256,29.008434443874407,55.76443908331131,-21.04917507096602,-40.19936780388414,62.12893584553937,76.85325180753141,21.1948377014263,-79.52877171751958,-19.02786646640439,-28.780048745543493,-13.898438299784154,47.380824492816636,21.4987684138236,21.98199227374894,-36.500158681050166,18.103614156004944,-33.57473217984268,-12.615917670946402,45.36974925999,40.060725585088505,-66.49722847250017,56.964468466359776,3.382012833029951,12.395759564178366,15.226113191175383,-14.957186546828602,-29.82192211161753,2.0354027138464796,31.430556324168023,4.636947243197651,-23.486227209199612,3.418839208344242,-53.71385060323556,-94.34374134005247,-4.57133745116081,-14.782628179291757,7.621167660151095,40.264338888120776,5.207954862055538,77.04316370129641,8.866000084753141,-42.13082527860986,15.91577644971096,-81.3100556800095
292,-48.054173951229345,13.039257369654646,-51.294850889683524,-42.14018998083456,2.447756120244505,45.00385977778501,141.6595411816019,-81.95488069019503,50.02137733012612,-55.446290040925895,57.45657053420919,22.658739425701533,-1.9230186023860156,40.313413391518516,5.2131768645668455,-3.577111687777378,5.98491816572476,0.23544135179943906,79.1576644534373,5.942869174810349,28.103802396948506,9.942274696120174,-3.8940937704160943,-9.72949365041935,-22.30246497501325,10.131659081627577,38.50303624619907,-19.622342486099345,-7.652525656142863,-55.666147314261565,-0.6991852126351131,33.787148828411055,-94.5737875177511,10.242946946402993,-10.494575803598433,10.50962137127734,39.091468292290116,-8.085643444198235,19.386033516012432,2.768226029796387,-19.120040892549643,-24.25593189640012,3.3871955379372722,12.411093122913483,-30.629546873127982,-17.587146350773896,22.152733192647226,40.38879883865837,51.251626071397574,-51.61136387725423,-31.435971667265942,-3.257480667987887,13.072278020527037,25.02491661861063,10.765297052563438,10.286035734447568,83.85538871574268,2.518157153263878,-16.50948379703437,22.984210961220974,-4.860099651442956,17.076661160261594,54.60367362677539,-6.604327375218783,-5.693639103518335,22.789239538475492,30.64359214914773,-37.401189864594464,0.5914095382826157,-44.6495302852997,-3.9501664225638033,-27.331338919111538,16.15017228677685,-59.228462497103884,-27.25543203562703,5.326526988052021,59.38347085512294,4.663945319603511,37.94179518055969,110.39339120880922,-4.711227164677419,-17.497889785860686,28.862109740260546,-9.684990623462701,-0.5777492572953979,1.2851172161756974,13.243669327930863,-36.154938334454776,-44.51959119251968,-27.727572580176286,8.955709088823165,-21.70067154459389,38.41846997284605,-18.86499666766182,62.27376544070113,-7.037577605912625,39.10621644962531,2.1172156586949638,-89.75919557012905,20.473117355122636,24.76554687606998,-29.789392657924406,-25.274208168296724,-71.80323650355132,-13.800077544848039,16.245375682642624,38.78924889049807,26.420438338010698,-33.74392282493263,-6.997107995989973,2.5476836694697953,-10.100198300534437,-8.485889343806578,23.315387502538073,-47.07429503265878,29.71623068432723,64.13611221384791,62.71198631669099,-25.12233158449384,66.43601182051218,-14.603208696697992,74.21642134185686,-44.35192828991899,-12.923333490519347,-48.16706009755704,-47.88706457273971,5.652163943425818,-50.06850964989585,6.889463139901477,60.212121264498556,17.271242524579073,35.638534485528496,13.349230356752011,1.728931694412794,17.255656152330214,30.133967172315153,-26.282949212662057,49.934152392266654,43.952955968948984,24.416058663995546,-62.96999806286528,9.678366735672553,52.946392880619065,-39.61156038142283,-9.446997980434121,54.729636411186895,11.546117915917556,20.012621188556324,23.885402246687676,-10.322712217203005,62.34034440048354,52.569358169523085,32.13544939857942,-2.908338051624116,-7.665408897687226,-3.4854901891577037,-39.4287489138064,21.179821790239792,-18.146528426245133,7.255858352737833,-35.62242351405082,38.51675920405587,-60.238530871703205,31.45607158106518,-12.776120611610072,14.781486303413033,38.575299841956834,-37.04452180448161,-40.32310722363408,-23.019846486141333,18.67863775727078,13.13801902675081,-10.64606679160171,101.81704298011459,-12.461220995303055,-30.57275165543917,60.21016305382652,-1.4001241703750038,39.76311978610158,49.08301460189163,-64.06793226872911,36.39189886256059,48.57936906540213,-73.02157524152449,17.544291629142748,102.2592282407007,20.716246079390025,-36.78599064484022,-52.42031536499716,141.62202832901585,-67.43236257462387,-22.76056695021275,-7.836317050705015,-11.652260533000806,73.50081330196187,4.3697724353046485,-19.696424578211232,41.944513008695914
293,-1.2153363286253172,-48.26059676262866,-55.30897695068887,-75.86900218360434,-63.392120268848714,46.432073921864344,-7.774890247473451,-43.32050769959948,-56.891820594222565,37.1485355928465,-25.588111817123462,-118.69203382751543,113.0784270204951,27.5711086375266,14.358634773108504,52.2659239679081,-12.507891512035803,15.676020373955717,3.31220698297909,14.10790494679627,37.769951652669256,-6.125670658391233,49.04235667643221,20.09664607624618,-67.00129025802894,-48.58225782739694,55.602187255240835,38.33032356148549,-26.344907566752447,-50.36600608053278,-49.88907295595829,38.53449980731851,14.833773732502996,70.32838454174836,59.882202936895446,28.97682053028866,49.67499971968182,-14.348841139633535,26.06035109306302,-13.97384295144707,-34.89843264536128,45.787321337173275,-7.500552361895305,-44.79853675796803,-14.844761593415155,-21.893297138311258,-17.155383186812177,77.89456878030735,34.75686640619727,-86.47866898163183,-27.43421223028342,-21.979877917019614,69.39716997043469,20.22361157362662,-1.3004219196520619,65.00834719644286,28.125529988293707,-18.021621785731487,-31.885619516493215,39.189348713928695,46.39759718657541,-13.75030232368715,37.74164324027392,51.38217211158534,-59.96374751078098,-10.700198894574294,66.51303414295374,21.24907753386302,43.65347288987957,-128.19595387073971,44.00471139589462,52.08458657811197,5.148209835251251,-110.84101208757025,-31.930407576079293,-24.662251726074526,112.85444961182539,29.83851794183478,99.28157333575147,-28.047944346691768,59.37465852691069,-1.8415225311898278,47.20147047219062,-70.04132457060757,10.992304182723558,-73.78943985188404,61.29430092958161,-6.342242977825917,39.79138190723734,32.900281067622736,34.13157546369111,94.80480402107946,7.044609117634386,-94.31114299821903,86.2194416447145,-132.38204917838456,-48.915960326350074,40.74993222340455,-122.4206701143813,-14.597321662865635,21.42022392335505,48.91774014270602,-81.37001030003655,33.284301331963285,-6.658836050184986,-54.65406179982464,49.32886358934719,-18.229852496281467,30.851484458703382,-16.684403901681637,9.45413166317261,52.543319481991006,-75.63807904055663,83.08470793530678,28.3368318637827,18.244126025236703,27.913096148656923,81.22984769362394,-6.09387432653441,5.488324179806592,-137.29942475298552,46.466048434031,-39.92907569595204,9.33511118252486,-55.37446394496749,-32.40268548048335,-112.7808211605158,188.3748627536467,76.38594752623924,-124.17764862527746,76.89998802465651,-58.21041340901625,15.776677219225684,-59.71205597613897,-45.778561756940185,58.22846806817151,147.809239545127,15.289017787102264,-39.42027719127765,60.599504652270575,1.8080336803721517,-64.61280400550227,47.8537817591034,20.549510362346602,52.68009183827272,-88.69455674336521,-23.55471470874804,-47.11456822835461,9.114975266348303,-44.93750766771399,-17.463334932137823,0.40541904831939546,18.45403923234728,-76.00692030319327,-7.244947461271617,-68.6806254316389,3.0466547500369088,-53.599378087120506,-70.52949371068335,-81.44386421783278,71.93055349977493,42.85231512571736,18.078232902817422,-62.70428811160069,71.81031569608862,-13.173574798073586,-29.864236952336647,-31.45247690027224,-17.375704034207157,33.81473402417159,23.812333283089995,0.12653392517922357,-18.456758903372318,-72.85305573331397,11.285751522708875,5.048337861827224,-73.57427256968202,52.84480660952302,67.16649484561701,-47.011613278241896,-99.9844416886629,-48.19569295844012,-4.998813558166573,44.01128297761312,-31.518887845347727,-20.698160504360015,-30.403501343018934,27.144663565281988,-41.535340853921674,-16.174543418959676,-51.932598894736806,3.406887339424095,-39.22959246252093,-32.47186895763414,-5.214549904393533,95.83291224031223,-1.6741833090538385,26.35485185612235
294,-48.60604554423958,49.23543253154032,-6.042472610128966,60.22648458168703,42.671009917498175,-39.28719861925283,31.842064094325405,-26.56622596367565,26.348690507909282,22.736953872253892,-34.42953855309523,-49.403847012753225,-6.333395922307994,-3.148145380904131,-13.903668295837623,8.144209568239152,-17.9329019693801,27.95942399096216,17.392819727786158,8.127730226148053,33.40999614095863,16.800325755584712,11.332592055079852,-54.56710148278915,-12.299307415741303,-7.797958062608435,-5.571478814993358,33.180677303163534,8.116076879046709,-17.212377765509856,-8.648905560789313,75.36957215140478,24.214498062835467,14.096672434726042,-6.509878756072038,-46.12595450677784,16.375632333671337,-0.5632221143526868,6.786358252788456,18.00819381544306,-22.59921568424211,17.308179270964292,16.837524713631893,-2.475505128287429,-15.790290873001888,-39.109148295688904,-7.647848236966465,29.153514924374534,-0.8255038178126075,-19.60877864102177,-15.398298193601176,-32.99566383035595,8.99814661167317,-3.123703422457035,17.62071384697329,16.490242207111578,-45.578542363691184,6.557160064418086,-52.33247210397548,60.27549459578243,15.693111675406628,-14.25964512457802,-5.321734374848301,-18.81917135084558,10.996968772719537,57.365872457935446,-5.424029894095662,-2.937000590585382,16.98172676791622,28.449275829887462,-24.29042398432328,-13.780283293863262,38.97586747971654,55.99409384827903,22.164888138963907,-0.05011023245815585,-18.53765811413321,-22.876312088233725,-20.53223978109542,-38.75205945582949,34.66864669355141,14.98180025230637,-12.158061312867865,34.989052102577745,-31.534627577047257,39.11085964934789,6.571781790030332,-30.383145692881826,26.226705768137506,-8.97788561366219,-16.969862864960373,-24.807931105445803,1.6375518639256386,-69.85449019965519,53.7230953662262,24.45811654853232,-13.103805366930086,36.43839263331361,43.803816249629435,-15.653447861437137,22.892989869069094,-33.45069936976285,9.069211756375022,24.472081761136984,-21.098131719318584,-67.84837196632586,70.96875782331455,-3.902360051557192,60.960643611690756,28.003505761811947,14.437193711692098,1.5061613211464635,7.876474884882703,-18.02164476897541,-12.775493554891133,-24.859995912439462,10.075349204793202,-2.2156277193852234,-37.97368793707379,-14.661658573601143,-37.53009519226294,-2.945499386269275,6.840466439773476,-17.620946132939245,-5.374117820822483,26.685033018337368,11.738306175367036,-7.032768945000942,-14.385807273384563,11.714781119780683,-7.207712248254574,20.808865920218434,-11.12463919376559,4.00631541264689,24.382397195886885,-69.97360033885937,-21.9960913193393,-23.443331731244992,-10.067296993843206,19.859736331509243,13.35552727774238,3.1423853529997516,22.50815439123797,34.74185693139182,-7.078791127041372,-6.093095512562319,-6.4941021682193565,8.863950220689796,33.08175888165116,-11.749915027195177,8.188027866298563,-20.165011118417535,14.14061896118279,-53.92841735300957,14.016438325499124,-33.45033902760662,-6.7349170291232765,-27.933428216526632,27.914956043104425,-4.155227883663171,-25.2239750125394,1.4025703769819575,24.96075487320387,1.2029945267107656,-44.65444785521147,26.943242491529286,-33.41481272341435,-53.82838847189886,0.09877992826950605,-37.68054545553899,-6.0158141040337725,-34.59354471835957,29.631757020202834,24.55840223607204,-37.12984460917834,-4.664040137797317,-28.01220276617253,0.512174795153564,-6.268569097381409,25.68519839380994,-18.217179733628733,-18.418175873006124,43.01016279107805,14.61144599696889,4.117093918680896,39.25155916517533,-11.013013376597568,5.335023592989815,-19.7576258732292,-12.877744087708821,18.674977332633468,12.786087542378377,-7.860799950798012,-17.52078182599989,6.064188339178514,-20.70528095962708,10.179800965816185,29.535434542236654
295,-60.44383510224081,71.98372831745965,-5.974128118732096,80.8813024787745,61.459262706318846,-26.69264146009182,72.26561154557601,-39.19386175235932,16.095065504152146,-20.254763987140812,-8.746993830646282,40.90624425985239,-7.313884688142941,-78.12519240907416,18.12859849747398,-20.993837451185343,16.56820757156062,-9.804816375217062,-11.478449746858036,-40.752013395820555,17.75615238050375,-46.551712773102516,-14.853379128890744,-22.364435043540414,-29.393763378056267,-22.211481285877507,19.58126348285066,-10.18441293788751,-10.292751984338299,-26.275862369436087,24.263142168763675,41.00091453710692,-34.49060736859322,20.020597564967883,8.846382100527782,20.260015631312534,4.687396726426021,-6.302017993160043,26.726308735047603,24.916770956841837,26.433328051258773,-5.338475226421734,-17.304414600281056,-43.765911838860944,-20.090917853891735,-2.007398110344432,19.584843216266353,9.487464197533368,0.9916808376666018,-38.6782460586297,35.15595340455034,29.25092523648017,20.37835820644289,-17.459965992154537,-2.9971095393826435,4.771388391089278,-10.000026899627125,-52.15444651168423,-47.45733389050291,-11.276815965472295,-14.717012997364543,3.0210526820311427,-3.409566759525476,-12.368342893610597,14.329275117009482,27.206616354361298,44.92541385815399,6.5000631607295345,3.951492220179228,-0.9035931831498476,-25.09206258875642,30.659067806094093,-26.997961111934213,-28.02426799214507,-5.174764239083594,-6.8415191693372295,-6.024562959293409,35.48537000339727,-20.77076790779124,44.66038099265883,-7.175656438656292,-10.651483085339102,7.182006026672723,4.912383637138479,12.714405861330427,-1.3941342422267544,32.954214894920874,2.81804843293181,-33.27489168688983,-17.284535795234767,-55.55816782670382,50.188906271872476,27.42923618221784,12.507524191284482,-27.589388928816952,-21.978316146979385,21.92894169175846,-30.099589061765414,0.22599919238406568,3.3869447654983946,6.766105421607528,13.869024956748369,-26.18099385249009,-34.32075429648775,12.423157442721353,11.434272717207616,-13.70911142375823,16.6569532014131,-48.666632692397556,-13.991467645653469,-13.714614986432307,35.5532944645425,8.464513158117002,12.972729749623094,-27.514362244548856,23.822087125601414,0.6715562490921119,5.527413723369372,-19.824144637841528,17.84200895731893,1.2639904383495586,-10.581270256906997,-19.989031937239073,10.965024893704179,8.911376380502567,-17.832515627825,34.94793806234235,36.46421880125967,4.852864922417944,-10.740198078989147,-4.27661550439437,-34.83483091333701,-11.776436010616736,12.072823454850397,-24.485836758909198,-22.784831621975783,-23.657442750359746,8.322218389715013,1.9170852374390535,2.966386226961282,14.03392596831937,-11.706681794107464,-12.935543236653903,-23.402056108010953,-1.193614707814791,-0.2464499951488738,1.297173379790151,-38.337970709868834,0.8456204684992521,-2.290393363781216,-3.775714739952465,20.283625222564734,1.2818005597444362,-2.400534441237448,-18.870245719064762,-14.213793846156513,30.336262423652986,-2.0791416790035444,-50.07850536986928,-0.819225413582256,1.8595077600497638,-6.7466438548332635,-9.11438364127704,-16.86972641544338,-10.935281810944252,7.2343227487904995,0.8202237937412754,17.13628599901029,-10.310787538456674,-15.521051967864995,-18.39090188861408,-12.371203924821286,-7.659315375466477,23.72273921028174,9.99926135858897,14.276077308458557,9.029670699910795,21.977551810564442,-32.166497052147484,7.054026581152726,1.8418018251286759,42.34546097012412,10.652040089102325,12.210554554904004,-13.306130909734337,-8.848381722449059,9.49571706268569,-5.630001746670952,6.975549210185772,7.7344041340229195,11.910711347797964,5.6402683952734725,3.6040199164589497,-5.710259982229484,31.822925107459863,10.323895209776337,13.890458655279025,29.742749095089618
296,-56.43932194405065,43.13639338380889,-48.66177516767507,-8.206285823422537,7.91000207695959,50.429348511824806,96.29099576763463,-53.14412590306576,-15.101793720835019,-30.771379174231043,52.29652228893018,44.315815337247614,83.08506353977565,-22.81139008997989,-1.8275497653484674,9.956680417486172,34.831347457629455,3.0423913347608407,53.752247392591364,-12.380581892275313,-25.836194416956946,-17.298250055363347,0.5637217670221455,11.856070722755016,-10.151181773526334,4.76753044248601,50.359221044958964,-59.8529316287889,-22.35887570341908,52.24268030851687,38.84961992096393,3.620404960052336,-36.665727904435506,35.73919670161842,-22.284757558424253,38.32118293330192,17.6857916078158,29.21883457434027,18.754661650115995,-14.656451043488296,39.25696088834965,57.22803953581228,-5.03523509517494,-34.02404040793668,2.855289026370457,-36.878556279103066,-9.965162322753182,-37.90663705711703,38.518106610949474,40.60886791662526,-15.08483831666274,58.92238221616098,-26.808584776289152,-27.942139555305406,42.81855515267235,-24.09795531110975,-28.94366293960246,-6.393530244695372,-19.425920489131595,23.500881025222572,-8.321242139224655,38.27552582849324,-7.585955134758601,-51.41592844400176,42.18076971038738,30.879125930349034,15.225512087548385,7.415474361052881,26.515619167508092,23.016721434659154,-1.0717954605833768,14.276804275195047,47.9646602173138,-9.677983286839321,-20.477657510431133,-25.513319838504216,-16.79657049032215,1.5291463374813552,-15.148445256637142,-17.94494252582507,18.168427139403878,19.820655093554727,-7.839212379641351,56.564691959490474,63.731175220642236,28.061866198407404,12.86615750699441,-5.084084080023182,-0.3345240828441378,-40.4086849871193,-26.724968308357795,52.39260299998424,-3.9957825939115628,-4.148350490670986,-35.373284449936385,32.02107438350683,55.70094732853242,-12.774150488573147,55.810516329912765,20.87189211659181,-40.861043872853436,-63.32791748619402,-27.39084558628925,-14.709867524330209,60.27848035790416,18.893754700279693,-18.923760320580474,-19.14878957764355,-31.16502446533957,-34.20174922521375,-9.875941117291172,-30.70157546090623,20.225128876146957,28.593268041738185,-38.537465001755514,-4.453210279077081,-57.557934351530136,39.204755441816275,-73.95522409144002,-32.64950369869772,-35.246609294681804,-15.766352032137632,14.579109891149924,25.451505403118237,52.78047890168956,2.1032752665031893,5.324734469377327,46.790717412597765,-16.267723766736776,-10.388026176044036,-44.307620693762885,4.853894914496815,-9.053060703275984,-16.841310279035383,-49.74538554465506,5.109823345917436,-1.212448468503684,-13.16177856588351,-41.28588566414644,4.8387369944104215,4.672722435720599,-33.70951102816105,69.68944415830211,-19.78690423033989,-51.74563602699498,23.027235274314556,-2.311816512976066,-23.185281537287516,-14.654175641342468,-37.56477812953994,-32.2715910651801,2.6983700180854897,36.960666238474865,-1.2050069515311344,-2.16104155450826,-10.132757890588442,4.170993277479388,-2.4033230317854186,-38.65656280230759,3.8092120618125778,-3.4114344399425027,-7.325842936571144,-13.847673144762407,-10.150680046141803,26.345068585106493,-16.054527894512557,13.523046835828676,46.58353889221308,-16.167987630879196,-7.961966417622563,-27.071185968505958,-21.9069807871878,-55.891912530114666,-24.387329876857393,17.343406513975207,-19.89720315965134,-15.354410338868814,-0.20467755222137107,-49.481880926431586,-30.425315762296115,-42.17425388189468,-30.813579286583224,53.94413679838423,1.9461434753526392,40.42389050679098,18.0241771791855,11.581920105713994,-30.31642390651547,19.905955064916135,37.500410091837566,-98.28972044156642,-26.154662350521168,-31.36964983566345,-7.061784101883398,34.2331543598205,-20.01083886080932,14.433872837710105,0.9180112397675442
297,243.02410906170053,-306.46368368273284,-53.3018149084262,68.9129719387185,-88.41055007547605,-190.41715607893767,4.031904456488796,-231.0948453848931,194.57160518461507,-147.97143306662397,-112.1994934879517,118.70211013762383,217.35988146051344,-113.806781082248,-46.742862389532434,169.51512145146125,-132.5959432816196,-101.91319023567395,439.8307100689938,110.8885234103385,-128.67709805106014,244.83012807410233,-190.80967290351037,-567.335883986987,-84.25031088181633,-441.2437001571484,-112.22681875267713,635.3065097809769,59.01379648843259,321.99334429729413,10.343012773708326,65.2484728203878,-161.655547459893,-151.30495743941995,105.21923657858916,111.14489917377449,-12.284914771769673,-97.95199353234752,97.20368333180105,-130.04803841806037,46.50789775250241,7.596819427192033,-34.7738729272024,-59.084241225949754,-4.673641985897669,43.413175455829666,-49.710394321835345,-51.86076075135293,-9.593263522850599,48.65214671813505,6.872121431104796,-36.00570758320442,39.38008894176371,-17.961040819625833,-94.64721526332198,15.256504039032574,8.306408358783665,-44.88608416932071,32.1559802277577,-85.25851911882917,-70.72557716362711,39.34291327574308,38.10442444575535,-28.819125810147213,-13.408824321489394,26.310000938484308,-78.32560152695422,8.918056373917397,-12.875185816118886,2.466470672449061,21.49749042432107,4.887699951190263,33.958398055153886,-23.013072447080674,31.533018857598947,-34.97710020979578,40.28782320139584,-13.34416663045387,25.524296683901557,28.98723484401141,-6.210103072397548,-0.2056856014965036,-1.95965656003479,5.460139789897797,10.69268234835348,-0.7653566431195447,-23.30816908075787,15.376420436376534,22.501265067556886,13.096070945577692,-1.343593901506837,-27.426568231797834,-30.761152105747023,3.3948621247965893,-24.260232808521703,13.903998147277015,1.728764373694695,-13.431017450192236,2.5768094147076255,5.093624398047275,-24.694955530074097,13.681932081987776,-25.51696002007564,8.065529424243422,4.537794955154913,3.2336746488535972,-19.199067780684956,-10.44755024178692,-0.7511426319783882,-7.304707561430031,-8.365225547506597,-7.943213039323938,-20.70671009943137,10.34935840001033,24.942413820421407,1.090738695888632,-0.5743418433934029,-12.981688735113744,-7.31124695112733,11.001385381877151,-1.7145581765535656,11.455301397859202,-2.5508328663589177,22.354943944358013,16.395150477964922,-5.129852152816311,3.9541613415726076,1.9823100815534784,-3.5766665103180957,-11.011648622898125,10.305882081950855,-5.570359222450157,0.5133302692425287,-10.286739099630784,-4.690217235934293,3.80196769811335,8.37876013255461,-5.325247626797165,3.404589483721124,-0.34847006176623685,3.631627348614936,12.264147463877592,-0.7573090220423944,-0.8118063814762049,5.146844342571579,10.429277492568966,-4.30809244473065,3.063222647415302,-8.722626982793413,3.46824543242211,-3.2863291914974906,2.6261305079714683,0.3292462413238957,5.413368187465954,-0.8789906410195547,0.47815464089421034,2.808171036449181,-1.3265712838103436,-0.3811836727702068,1.169895218154661,-4.194335983244053,-1.5527159003951918,-2.393661232560283,-2.295476297625994,-4.912813821921086,12.359568889510419,-0.024229293917997552,5.447367187027949,5.2760868512812795,2.843817069084195,-4.3193877481306915,3.7968046168372593,-2.142252504978879,-1.8863315675227745,9.208347578575227,-0.9344119115271123,1.1111753020670205,3.9074091591500437,0.12369710029131453,10.531597725583536,0.17662738856304294,-3.1023322412871566,2.5204410267173434,-7.75485787453313,3.7921349726417914,-5.6893471459847955,4.919501386741016,1.1415817797165744,3.707046126517033,-1.8193146489159804,-2.2898383617492692,-6.550242386360086,3.3487051157702536,6.542261222796582,-0.499071872548541,2.3356191873729424,3.730632919311494,1.6116243081507384
298,-39.24824628832697,35.43285256074996,-11.262922505955922,11.944121009116365,-6.065095205966143,15.642575801245718,-23.06298283306917,18.44953600858245,-45.25881476566616,12.615650880515542,0.7377337556114242,15.74236049726207,36.01125388265123,-21.92375048315763,3.543871268164833,14.404376834824209,-15.968481491899555,26.13655914150986,20.399845603748798,16.669161926965675,-6.8056547056679895,27.76979639076029,-10.45670172488605,-23.271652696947164,3.2163681999324996,-1.2064173975025858,-28.549231747218126,3.2954752146078086,35.241917598552334,-18.7636147342028,-1.3067213744214419,28.67536221540977,-27.268587385133827,-52.30457232360545,16.87159797746334,-26.366025955249786,43.57358101982347,7.9320558948340265,2.5546770368243954,86.74808052782463,-9.394786245183068,13.297290749126306,34.320936472853816,40.33066140524254,37.189000042762665,-31.77252316465617,-4.737345990663048,39.910417263061795,61.72312358357182,23.667226713953262,45.94762985539248,-10.647522490049644,31.20561735962113,1.2985929739457613,49.88743381765642,1.4678440927437437,-14.140796416759166,-20.199978667920394,25.142684533582027,-24.973752109318696,-5.798595277911773,-15.034820593450196,9.187942419242166,51.736428465086966,11.77556553472863,3.316668860624759,30.73700798743164,-28.73932737666163,1.156493085087364,25.9496771953368,-61.25841959887148,29.934290320719715,42.60334507455973,15.528571573018747,25.045909079461904,21.142215219400406,26.574638321182974,68.46343858807738,-52.181186010656646,17.66600842456781,-22.842847206229123,6.9057513940072965,-48.81056340719843,-3.898891433411654,-20.852204381137724,18.627554860731887,11.919215658792295,47.99726221635001,-13.991941425574245,6.1952195450703105,-37.33594646472992,-24.11286663827632,3.9827069845137375,5.28341309347303,4.028002174192755,19.551970922988318,60.00541755583336,8.755039580543407,-19.527789820134966,6.679229227679784,27.735341158399166,-15.586147759002738,19.37434924828565,-11.972215070584957,41.791692160389594,-10.373550173936865,-24.25703697852329,-14.044303027519534,30.18814129327567,20.45953561523805,32.25197890790102,4.967840836060356,-18.078324649394233,-5.6223732700882065,-10.780938794993663,2.929576545474519,18.740911562508067,-2.4972774687856485,31.783149301538835,-4.313018013955407,-26.75303869466059,19.486772970394576,-13.93129526521342,2.057659108337915,43.534138132253034,-12.181075495345379,8.293356383116667,41.10712016126315,7.22817484109827,5.673539312964643,18.84450076354694,21.035962389139627,-5.323581190495659,-15.544115308173014,46.33386733519303,-46.34850813979487,-49.827204143637346,46.91437957114119,-22.972791424695046,-10.388951953422756,10.102263282287888,-19.64488609444803,-26.30623680632899,-11.948805858363787,28.155478428280116,-65.59180508671653,8.40589835976149,2.8850320191789818,-76.06712248191513,-33.70102953987719,31.173141760580602,41.924026004829834,4.725687090110095,-47.374960615655446,-35.019166258097634,-15.641202118295793,-43.96296461259955,15.39057040072802,-4.985977587629171,14.481632781316383,59.424968184411824,1.2568245637689113,-9.821722188544049,-14.981451993063438,86.12815755866053,-40.72806722403766,42.567832614283084,31.16412927569459,-27.138554377546807,5.9779410249835765,18.84487495022955,5.965392694790349,-33.15426821170138,7.892318104374239,-14.689889828022471,2.712661031807098,68.86821640886797,-35.055411941489474,-8.168912085862779,29.09629307042247,-25.718383248188196,56.26852948960664,14.292486128769088,-20.567851969106663,46.665547981763645,-17.847208029400505,1.9684680556475698,-40.573925602034066,-79.64617066725322,5.6963266776500925,51.36878200425943,-12.424276114390171,-20.03484626858539,29.548901886653574,41.874609925441256,7.648199592944821,-14.694017914627691,-26.16944003575659
299,-18.007644149377192,-42.48211793240309,-71.80640422026336,-117.67822824644347,-60.90171323535671,88.35760282078027,36.962944060155756,-42.908015177874695,-42.31596002699588,1.753114046440824,34.18029362392163,-37.940373821970006,71.00492084878522,8.98085587448464,-39.519745355833685,46.88709578726159,3.9439200235823835,3.5240187928001068,9.494897262726807,35.11131018327808,-52.05910963065845,-6.807097494090817,-7.5396586893185695,18.268218997255808,-27.03971983222599,-34.28425241231063,1.7155231375095301,10.805812630927164,-7.13676786442708,-5.4346327047455345,-77.03067554879105,42.489110163342836,52.0319484847313,35.515401357015556,8.505377755625886,10.532547122312858,67.42808814104208,54.66070194806733,49.503461110047,-10.61441876513522,-1.1991897155667486,45.85938767042409,-20.87241678115152,22.005968614293675,16.546894002261507,31.11679456020576,-24.331105912303165,-21.93911855263539,-9.166491890137443,17.07160529699572,12.379326403966676,23.52258942182269,-39.142393705314184,-25.96184664024389,-8.88193044278614,-38.2804675588989,0.15948876380996485,-59.44150471784539,-32.83612833570233,54.338288307693105,3.489179230424976,-21.356017728524773,35.02331657613317,0.7391464082328083,-49.60064118348089,-22.69558433912203,27.223021990799076,-49.96090620285851,-15.136167638746288,-32.578722937512325,15.128483657531126,-30.788017651542297,32.664568761102636,-53.66434734032174,-36.654435560237054,-7.45023541023062,2.2727847136566592,-5.602680161753485,14.947278843814303,64.25239386850535,-6.374928023960475,-12.991206491110455,-39.144002378223966,-43.84092699393276,-25.588307739747005,2.2933344198511496,-13.704164559471266,40.75132785540608,4.258851997294081,-29.559999092348534,-8.597495077065386,34.29385130536907,-12.140079807111464,30.76104620278389,28.111606892318534,-63.97264899522613,57.0507130969343,4.982973600718438,16.08871690483556,-92.27693975771803,5.808734688678976,-0.9390949906963051,45.84504564118216,-0.670871529572592,-29.629345202986677,24.837247312807637,28.211173804214795,6.767374413534924,-59.659297115486886,-60.84032661966945,19.202240812705373,-2.2214681794272226,27.14253976539915,-0.21740326824459366,-10.335618026971153,48.1166503235456,-26.53774153805135,-3.9888877567511596,-16.396897739506123,-19.18615642279674,-75.6714351515238,-46.31692092989992,-80.6910552603282,-37.88690468730988,-24.027341740079347,24.389287116143233,56.89303155360946,-17.73618849664745,25.350704224287387,-20.10940217452553,-71.27457888725695,-41.78222922125344,-42.55795968915551,78.00249431528748,-96.31541627589064,-58.92347259434557,-16.984333209831465,74.09832216814564,28.95051973980448,-26.460910261882663,33.37521716057298,-18.65199036425152,0.0493503714783724,40.66884989707128,31.234377521296764,-78.2563711768433,-124.05722299634343,-41.77231840514487,39.9576027370106,54.05053473064964,114.03411835727994,82.057764138144,-47.069236393907666,59.92928778642313,19.50329602794678,74.07362301658478,-72.69737799295375,63.292889449541775,127.42485351509782,64.58396568430263,-4.322802605461485,-51.878718722871966,88.83527889666833,24.039890190046485,-97.00711212630453,-33.81386602277973,-12.7475816125717,-8.948420899491339,11.031327810366108,-45.05998864409768,20.32764416653859,2.5920351390331553,41.93354325946243,-34.971385952991966,-36.467934946167766,-46.92543491299025,-102.51819780744597,-36.305002359668194,-67.66484469298797,28.37571879432338,-10.814732276872425,-61.71409963413476,19.960021291613504,122.47621459403979,-28.59096697091468,-71.69697536772978,81.96456150409153,-85.68015166820058,-53.62106484236396,56.187605743843875,-55.26053902411291,23.965959360474923,-114.94288118672087,-11.426967712188379,-28.864150573132367,-22.046154436763413,3.492053004838007,-94.6931797107945
300,38.7755217924486,-36.971073040297405,39.3111934414166,120.22023582723187,-7.591845317045706,-132.47409491001983,-130.49694300909874,-23.282618346914198,-21.257829079623463,40.17558482571711,-23.012150203971746,-48.80273032013272,-24.99148348849756,-10.406730575240731,-36.11968591633142,-40.90275005482557,14.62890790654596,-46.03762938945684,0.5611620166499363,-29.786036837782277,-31.089085282260772,4.900068064902419,76.49341549150719,-15.202999532327812,-31.529590551889576,-35.60580597708937,18.20792271733566,44.087661405622455,7.386150709132419,-52.657529637715356,-9.162282133448944,39.97518946648312,2.277196875205639,-21.70568018966972,30.49874454705822,3.2394539053958833,-15.253142426464326,50.79410861569357,3.279351825086257,50.048198481957456,30.895251954723946,14.248451915829591,-12.094848597926017,19.174091761596543,-7.901673011953799,-87.59609616732911,-29.962243390726766,-7.093162191915993,-0.259193301569661,-14.654881195543208,92.82651262657707,-20.03382877554666,27.480745844559546,9.727743686114426,-61.08691449395354,-10.159854540308487,3.669405476453324,-19.56300262804097,13.459522100621989,17.80642362206189,-46.16160406559516,42.92252947863591,61.80112288467303,-22.85589620636635,9.655812932505643,-67.98276505333826,25.04571517005643,2.1092326112791215,-89.85575033493643,52.002464344905604,-105.54712076604241,-12.167780897414705,91.4205792328381,-28.394277464776838,9.25016864139423,-11.15822016373768,-2.9818772266815925,55.58012476110564,-95.06890437753106,-36.130885245472456,21.361145488377595,101.0398614630205,101.06543845562977,128.74164120442714,-164.97123899224678,43.399717758637294,-41.88222444499075,-99.72604811057415,-28.173669425297675,-43.830373404181266,59.37409243324155,-13.575697467676562,-18.559757507369216,27.93604801354888,40.43282867730613,-20.237523863834806,-14.857772525225117,66.75726503565298,-52.02545395505044,0.9598195414896353,276.158165002082,32.00858326316425,39.685368854854076,-5.350973815149295,-32.32586912906387,-107.88664075074429,-50.1013840882178,-64.15629664848409,115.73161892470945,-147.77982513398663,188.1662545929206,33.39375189868592,145.22481255575113,51.598821056392495,-160.59044441216562,38.74020051342393,88.15301668305636,-75.42522133711394,7.886450541889801,55.85223278682575,65.37232583926465,-86.99836597676361,78.75784495533183,75.75853187301365,50.76290593964654,-20.069890674825718,-49.59808289884688,82.10753452389329,96.70088455370653,-81.58865524481914,-125.20322525698514,43.89629794629445,99.73180639441455,60.00036384581651,-37.91958077376625,4.928102021226819,35.8403545526371,47.76804458370071,-87.84044710687884,-59.68582510745002,-92.7562479085268,14.928584445343605,71.50777654980753,-13.510402876624811,0.06168791008076607,15.626345504709317,41.38127011768453,-34.233671885512315,-69.57376676874891,-46.142150993687665,-50.85158740741921,-69.85586412893568,-24.02802891136577,139.99137934095347,49.2823857513826,28.74988224613868,50.82103985047868,52.90220140999035,-36.06344502652472,32.157479513290475,44.63810297712015,-75.90931320564768,-5.7436286722298,-23.936582586898425,10.595444077043446,2.851457191181114,-26.1124596913768,27.611720270921857,-5.573213982206225,20.54111587280889,50.08201293244885,9.418856573448625,59.032849273157595,42.41876262192297,-8.33099718823577,15.929551122307057,-12.562430468818182,-11.969189575636149,8.799687061862528,-14.800711812316374,-37.16667260097871,26.928901715252163,6.876234621150273,9.047902699661648,-31.058650249802998,5.982931299196495,20.84901632126396,-27.81099096602172,3.171415113560383,-9.84649484887332,-9.698105235661572,-5.904190162062509,-10.764743513668398,-6.442782683565911,2.573937504474898,-23.385223484941765,6.790238054288387,2.0039682490886412
301,-59.23839089953294,80.44157471629798,3.8887591815497573,83.24585767543239,58.21847724318337,-18.15511762624792,0.30160800584679404,27.345521127600676,4.006128789137704,-29.0880328912761,9.662193597906517,100.64370684267489,-39.675263294460585,-93.31103905368896,-10.01594872525202,-63.97867346441593,19.018813178215833,-45.09326533678774,-20.19843145980734,-11.927270101855894,24.932451010424785,-36.5258793245611,1.730182407764615,1.890063648151127,-10.277651133221685,-40.88798485939939,-42.946999392190925,-20.67978801751722,3.22819490524938,29.26786460040435,2.6061698846344687,21.162637118896026,8.390715013170363,25.549356015722697,-7.490999839713072,3.101143027554438,-17.97670397340634,0.36683213987981333,2.523272289922426,-6.275774777143473,-19.633191833443103,-8.350776785783719,-12.44830288608418,-21.251553020806142,-16.701122154844963,17.356673604034263,6.436433442995916,-30.97083058644813,-29.9460953044258,-21.779305155084295,-43.3144018928345,-16.88910128655476,-4.415783034840138,4.258626869074701,-45.4329929972807,1.3684808073985333,-6.294436935419646,12.127584119877657,-25.078006259419862,22.19514629863916,3.4452705090610585,-15.476218543251882,5.89156823670022,-2.216200601818363,-13.402546635082627,13.074990767480877,-14.622761768585923,3.6336020126196815,2.727402888432459,-2.16738790573816,-9.388369396242517,-11.359645130264575,-13.33283187774316,-2.4403475597318014,-9.341477345904762,2.3475820302632653,24.41057141486191,16.334491214141504,-39.735590323435034,19.00360591292296,10.61936034461568,1.3541390455258482,5.753444916079908,-7.284514729438917,25.863352309933852,10.125693642636977,7.711536310734405,-21.37827675640888,-0.4030453432207656,-23.21575886456785,6.53028861267715,25.588204351627713,-8.561352980997443,0.6578804091294858,13.170945441110579,-20.11036912095615,-24.957478086513515,-34.998422982148455,5.278948672871998,2.6054216878829557,-18.029656426093823,4.9292837716701134,3.666460235391371,-19.79421655972881,-3.652473055623526,1.0626564374400231,-3.358933954638631,3.9600246347529424,-9.200975394797538,1.2247271149846863,10.78555450416576,-4.974956445326492,-6.353812793330517,4.260254831033088,-12.952749250902913,0.9435921707539244,-6.350555139717987,3.990252046861142,-5.480306329855108,18.791406521960642,-17.15656579259165,-15.050347404714433,-11.874723567292605,13.252921163092296,13.64895494826453,5.206089269985705,14.848432833412575,15.9128857511552,12.009127967125389,-14.25583669813389,-28.213267232656055,3.957033298634699,8.592538703383795,2.1149339271457013,-3.6380930213965006,-1.7760637008010696,-1.4311784031764896,-9.888657581424876,18.194973679573884,11.257094808251859,4.315011406426324,-13.913979203013593,-9.853854141147488,-11.639626084283895,8.199067289705761,12.049028421025284,-8.467796257274932,-19.72193132868054,-1.1156822381826443,1.5909646168380542,18.0457158061876,17.88399328965398,15.483196692845251,-9.94938676120817,-13.059573125536978,-2.100307993169553,-14.473438469117882,-18.1436978170133,3.447692268129189,-4.297661737390642,12.74683856134889,-1.7324235116109512,4.758191680548844,-0.6913679962658135,13.959790022835012,-17.416397541383454,6.0978319646595285,-0.6587155756078786,-10.21716754948079,-16.280482908899298,-4.124559766055664,25.849499550871304,-11.697087367878032,23.749706272311077,-2.8891315539214384,4.457335816890505,8.388564115896544,16.119762015140616,5.819085731530793,11.19084071148327,-19.662033331756074,18.632016818192618,23.090174527755213,-17.937018476241327,-2.9284256322371003,13.461110454005953,11.39933797325244,0.8215522956298049,10.354684759035257,-33.989246124948835,7.155329847454534,0.3889028367193032,-7.424397290527594,6.2390692383991,25.512820783171858,-20.268797753409462,21.42899666518167,8.498685909696427
302,191.09306824394622,-262.88267432400636,-13.887830640223433,68.22645810681117,-87.62619807551181,-173.60357281958574,61.8052709123576,-213.2887030274495,59.661451765293165,64.45497356533049,5.914032163428588,-118.31758073636868,37.72602733108603,166.63088830615735,-64.70414482879946,-62.33508543991881,210.72744155757857,18.365172594243766,345.39885536293133,-81.51301914690416,-6.4516749738384025,404.15195281539485,777.9419003738257,-149.19884477763372,-208.67477289485612,-61.3103149632953,-174.7006510325585,-474.61275585667903,42.79714206103472,136.4559960151191,-164.82993067884533,273.56902587247356,19.272280182484387,-104.57343268764882,-228.70961594557772,-179.30874636085804,-136.00341938766744,-144.80149812722576,45.91200291982062,-154.1996371867479,20.597451168262978,-224.05161845165287,-29.67666408461713,-110.77237435677259,-21.124552418122178,122.32857493194157,39.29085294767652,14.005029327536718,-30.134585207721038,-0.9793942430934939,22.02683051904733,44.434730200129614,26.551954919324192,7.832373607040218,48.20840512650834,-27.569726216087652,6.866194126889794,-37.0310018210887,23.069155352931592,-10.458411476226836,8.282391880738452,-10.527344018565357,-32.494304768480184,34.799773356035345,-15.119721893081245,-27.700376338597838,-7.8060289483362,1.925209463160051,-6.600799457918985,-1.7249256271395959,-4.940738603376408,10.714164718342495,-4.811494816770899,-26.868574118712942,30.842715002579244,-10.237180585229506,-4.599686247037907,37.40785593596344,-2.0259179323138867,8.16632675227032,6.455509911429396,-3.5159927016640853,-18.874524414653933,-16.801998005062813,10.25785441512622,-24.64965988163866,12.808276548635046,23.242291887891255,12.727198203066571,2.1327727652628097,12.303369296484224,-4.835208915729957,15.172165733307521,31.914704943881894,-13.770468813311227,-6.755220754739442,9.826741490288173,16.518975915339897,42.511361291010346,-9.710873834105282,25.89650367294847,32.40566786026778,-5.482945599801544,-12.910440319005751,2.6799591359322346,18.252516857930498,-11.767380985689863,-17.32858423374605,-13.492657837976816,11.984628258144014,-3.9023581246422996,-1.6484141457641215,-24.166071110132947,-5.106338158339368,4.185116941180858,-5.626135817685808,-13.108259608821557,-3.966313309886508,12.80852567406814,-5.124038413086756,7.743152700359107,-0.0591961688175594,0.958768150827843,-3.8675773801589126,10.519437646938066,7.6359563137643205,9.484334940339469,-1.901124261237861,-9.014200016502176,-5.738905513474384,-9.458403131844568,-7.926041339310801,6.265170823541691,-10.564346090022946,-10.834523215477926,1.8852427317413003,-7.15793140327848,-9.131958197065444,0.4522461096480819,-17.1637736738155,-4.3392433403175215,-0.044855717165452946,-7.231199516062364,2.044127931359391,11.612299607360189,4.750233518069616,5.137685020971517,-6.491780217869859,1.768499219042411,5.265144422959268,-4.066301409122358,7.083289002235547,5.207418881726502,0.659106753037658,2.195808449992153,1.4917987061321845,3.5972015071669072,2.2442650510911326,2.090537319525316,-7.231178642942021,9.90546673237537,4.038451251712599,3.9346756212381346,2.210268443501449,7.809886603734075,-7.789416087220458,0.9750214438861784,5.724414146814354,-7.3809765094198685,2.0381187329441457,-9.54061950633459,-1.1695596409666098,0.030650009001045253,-9.034277227661008,3.23538774765847,1.127936891806236,-6.29284319768941,-0.39718421514061,-3.8228832057452697,-8.8465243487907,4.487040452666489,4.4774419754507,-1.0022924470955596,-0.03969385387760527,0.1912167379679106,-0.04585859563853002,-4.3689584389288925,4.826178487716911,4.292432494105305,-1.8820075797128135,-3.137878849818293,-4.698621674457411,-2.4973285113484818,-5.2570886994383255,2.2023512145310296,1.1485386876633978,1.2010090471621686,5.17082052505062
303,-53.696599183585185,44.038069426261075,-18.83913059918382,2.4219783634774865,25.460655110822277,13.92395292333967,52.24781049159767,7.334382891546337,23.280842285094092,-46.63996468079499,58.1867942891667,78.7895516199611,-56.57450073537148,21.93915268616907,-38.63123757127339,-30.351923540447345,-2.288361335650942,-9.865222038194442,37.427055907174896,22.816281478117876,-25.555525158613808,24.36787807651464,57.25988354823301,15.78929756506082,-24.255381053296485,4.6933789863529825,21.718831159604857,30.130836052973198,29.113018546468194,-55.49528822952819,-2.222532462085787,-9.419873515640932,-16.053072689518192,-3.9944314253537385,10.918057835024168,-29.423342318955974,-19.09876053919191,22.238616382102926,2.5100680843334287,2.1764871087611315,14.105216241367172,18.423881470050926,-11.433975867339294,22.287507683081138,17.868113759191786,-28.90366641646859,-38.22101285747195,6.734464960162054,64.50910100970596,1.0956873969321455,-19.40529266022219,-5.768530378839112,-0.5313340999480929,-41.9279563212836,14.496828036006796,8.706501227454448,-4.985552578713146,40.76181112127058,22.985880306955597,24.89137335750112,-7.398485612590574,7.955439663970439,-21.372729665598516,-4.039817487680112,-36.72447335782986,22.700669872162663,-7.189846113113259,14.948503649752276,0.4642802341011728,8.596456262473431,-28.251796471317892,21.536527475233,-13.677510991445374,-16.694053040757623,26.187490381422176,2.3695251490569587,19.96450536681326,-29.883557566770172,16.344429980208652,26.167286234946094,9.602707057768537,-16.800143204997873,31.115548290350006,21.848465346705353,7.968294539030531,-3.7793838126523496,18.685593721690914,7.275540768000497,32.652424084214516,-30.928893099378413,30.16543680131887,-3.1570052151174743,33.5151248453738,-19.133417009664925,26.769170813494316,-22.5044774058387,12.030659674118338,-22.521520432395768,-26.73508054802146,0.7057492856839851,-1.0216662858164534,-16.232551253094165,-0.07973488911777174,0.7671240216078967,14.830667325316908,-9.904328132461659,-6.315026982582241,-17.949966079159744,13.936032204372054,6.897640581817748,38.616928731589184,56.11230908529321,5.8986457702641735,1.9634766874593725,49.50975711214479,-34.90078501521926,-29.730287179343513,2.7857022166817083,-33.097435225215904,25.34419903748249,7.439488128463362,6.378021367436935,-33.472901933395285,-20.396175156052067,-29.656447668757494,-4.9607551873824125,-6.675914157350278,-36.26695764535352,0.9863715971851081,9.70764659716007,22.151430455635783,-11.006174556642737,9.259041703744249,1.2561192141541204,29.098558569866974,-6.698118217567973,47.42626132786908,29.16635511234929,1.4082980416271216,7.947802715181484,-32.52465423237958,43.418538319407936,0.9368943273255401,59.431022120391965,11.624236712026674,23.987172441015623,-7.798463533062859,5.250090044188021,0.020827443226763775,23.908952805894877,-4.918461946199506,0.7772348909303705,5.959161679906838,3.8980009169725305,17.479916505434666,-1.7677097179189336,-62.02899901450945,-17.759464657788392,47.464669190841775,-14.068737849091049,1.7239840547871303,31.78997646052814,53.85041832997172,27.10334428244316,9.750864091499155,10.407506751989395,46.21253760965659,40.93577071621527,-17.442919244421436,20.165757401139683,4.071424778998087,-21.372048792663787,33.764488171464194,43.3482937956645,6.892642353893372,1.9099373739817207,63.041953840897676,-13.824910987809705,-20.254501717324953,-9.84770084429151,-21.283714819325045,39.33150296767563,18.569218315533302,-1.93849645801164,-9.883410556965135,25.536055221634786,-4.32189521015216,-5.6703890872326985,-46.31884069582521,-14.308836426503435,-0.7495404241167312,5.363425010180282,2.507075267391401,19.70505783702777,-8.687045471017933,11.706898262993342,18.353672502993525,-40.39028803769684
304,70.72584445507515,-149.45789242287904,-64.81436873475226,-81.43135632039956,-99.31307700686784,-14.701884980357997,-0.18124841844502804,-95.84795349949488,9.076646301503532,38.32430498970062,-81.37683846943649,-141.2044864349654,52.29690496818239,-15.969571423347794,-0.48498213092695686,33.81822043276311,16.463874495325403,-0.7556959108424737,3.4401327213576427,-112.68630604422913,2.0500744920487106,0.13068756133095416,67.31618578490315,-55.6710603673388,16.682171743944807,24.12809635212295,-0.9458088553923933,-52.78376988662615,-31.96883754986151,-1.5622784707468558,42.31546937910764,33.06553202110152,-19.07667901002578,58.081905256384616,33.60352654271738,-33.21267868475842,75.03727112356358,38.94713529855293,36.50925431998396,42.07035805115239,2.0742013746961576,38.573523410489074,-74.39285030057549,-37.2229756812073,33.529732603721285,-33.98860152071813,-37.67798290608173,-2.5065751682522723,43.0428750037956,-68.6170150558055,39.984280377986636,-93.12111124175057,-4.14269038093555,63.727101886982844,-29.695123832384986,88.3869137181245,-41.50881746480877,46.17210859403836,-65.73666365529593,55.690221458315015,45.48989660323451,-28.791639197359217,126.73779373506397,-73.26940785730189,21.651147846907016,-4.223381623013003,11.200602378516118,7.045395431751506,14.33219781595281,108.96330154382356,-88.58947591416951,-62.33726251024737,9.543865019480208,37.73963375033108,90.7366406730782,32.55490560807648,86.00242718918189,-7.322405748134666,-46.78794309288372,165.1623088781472,-129.22795685613482,-86.54645674011593,61.26869327557051,53.89361757652036,87.48562476906554,114.22744858642645,-117.67482029397961,-102.46688324568387,-31.216925514677225,-65.67043915437506,0.7211625946750253,39.011538270653105,42.802806092966016,56.53054686684582,40.94598037965976,-63.32772241647523,32.816901434171506,-166.48868777834824,-133.84810841543515,-129.69685956983588,-157.2639117076204,-27.80414366406262,243.78814178755815,108.8558016263405,4.5383016965879195,7.163548393431803,101.27577978903777,-45.45889410939695,87.0110041267293,-78.56572698261917,-30.122911576614435,-169.03193490726062,-21.712316229988293,13.656710135575729,105.42786861235273,-9.417086848480801,24.088069071767666,20.629426383184896,23.798527299969052,-107.99681042644005,7.281988427353675,44.767086644357086,160.46984968741813,-7.908781636742988,87.45880278442702,-56.28411447583948,-34.82478898268908,21.164327417236564,64.03731250904208,16.44448325139572,-3.8066529720861517,6.6167539558279165,-41.319834798255044,-54.05606857844996,-25.89782777043594,-72.10276002822098,34.728537216649634,-91.86189966757313,39.92264477815298,67.29664461362616,54.03280006131195,11.44447656314653,-41.63091648732767,-10.91937664483467,24.762845370445575,-48.25201633118926,-14.324126691949823,-72.53797453050039,-120.57501340487975,62.71330294767693,-20.67623077538747,-5.594134730603381,-13.988150400319933,43.8939225312041,50.69621672800848,-1.8103174017352353,29.823577413761964,31.81547895796467,-45.616455395432375,-46.719599631618564,-6.364232353848594,47.929546738570075,-44.87424392984186,92.72033155223995,-54.677936877070834,-12.77413466323623,9.537927896359289,13.716519579988384,1.6279962454230996,26.422528818868685,13.904912093588878,-40.11870191159932,-13.977513732541773,-7.616108732656749,20.828826272552522,-5.123354608428139,4.912183118048656,12.518977732063664,-3.00616081809501,-33.36647644832776,-15.872041230444532,24.767183807678578,-3.6627975465902565,21.845142863460893,-19.961977472374507,3.7966541177092963,4.5632276688849505,25.46044520335944,38.56064632857742,28.664594096496014,9.645216937036537,4.6593820654167235,17.51816965287071,-31.756576706201923,-5.450793679839824,14.397750606650021,-3.460662454800981,-3.7918126814341067
305,9.016064247043394,1.6287840331446333,21.874738607372656,128.25769984232335,-3.623149303408164,-105.90958051704523,-56.81373528429315,-72.96882135565224,-19.007151275468413,66.99926566473458,-94.08134808913859,-123.38616478763817,101.0710220592075,-12.030411008777772,-12.887379714312432,8.731758902299783,5.693539893412186,-20.648786952125604,18.64977807057086,-39.65579572118901,-48.88017129901587,-18.07923210669557,-4.819035342733889,14.438959299563678,-53.382256204261715,-60.14917601907505,24.967965566367976,-8.574676170191399,-19.018960066347415,-29.509899495245936,7.074672008769186,68.94061127146136,-39.37293281715827,0.5058752709942664,-1.5833974103482928,24.10660989627138,22.83743818384802,34.95943162817885,18.646395805674565,54.594945987600596,5.128797792449363,55.53823434225894,-58.619234393618726,-3.1761700116693925,-27.6070230915631,-61.09898337101402,-10.78225930034982,20.058639884137513,21.56052654323613,-13.533266106810686,-35.19272973990979,-23.748839775173288,-15.816689343465448,-0.24385106572894832,-20.372918366583185,9.758286531259905,-32.002747090913815,-1.1383119681956386,28.650065454491468,68.73495305223928,-1.6750184937410628,-1.8372773556276374,-6.0307218776924305,-62.15270970661447,-10.095561272986561,-12.049819082137194,-49.21789084208898,22.9981754736665,22.386534256616994,2.7277865873637146,-61.935260344794905,-43.12845419296353,-0.2312841005107109,45.16567113975757,-0.6811848376843626,15.584931260935171,7.92758860612796,15.581253748453891,-45.971843773276014,-2.141284067099477,-3.340249893403133,-6.238392092321078,-12.183662877820858,57.47431885475943,-3.82948912176601,3.305916564802043,27.937966082538694,-34.877611183082166,-33.857841884155285,19.744233738885804,-19.94451701217708,7.1399410963407615,20.396681503275346,-46.33718414160235,29.863865999794314,39.71957880244248,29.277416936775904,-4.033729167740587,43.06236236903725,-37.52058707218116,39.41592403863811,-13.310519090260245,38.725158000000405,-31.065872701336673,-9.061485604696172,-5.606391310904466,37.68901814203626,-24.658036135488437,67.29637334658247,-18.860414955137923,-40.1924717589615,-8.326222486899733,53.74313867544277,-2.386061388932073,-3.2446005388408237,6.0333402365094795,-56.86227747847229,2.312104787555363,10.936986831285747,-29.29270932938102,38.532047561751575,-4.376679398661877,-30.63925853777348,-32.38637705997347,-18.762135808938368,35.088343018368995,33.37554849739367,38.63329903864365,-12.682297951780605,-48.3508150052273,13.126671333213526,8.664535244194948,16.338202350105966,25.104929055103465,29.4392610645046,55.59259992921188,-50.49763027378389,-21.017195568753216,-13.640377173938328,67.33166564698321,-11.36567167466081,-14.828438607752101,14.892013102979607,-32.21017184735564,-29.36528711221046,-9.45709816116055,1.803152394266415,47.91545253234324,39.798003712786844,-50.01197399223965,52.69459260488929,77.8226790594119,14.684056269168142,-43.99495926160266,-51.463513116030875,-16.537790708400404,-7.3368371627480045,-6.873501978910923,-9.42272786954182,-31.883739659663203,10.332927894642994,-4.609199199391505,44.11682172310719,110.8388369250588,-7.430594746450293,-50.875748818860146,-45.19828310237067,44.70685426324648,-18.35945912755201,-22.996143312029314,-66.4391962413975,39.95038847556507,3.8945169167327025,28.847257322732247,-15.192153061104085,72.23348049438172,-18.531671045887794,11.292703983124339,-18.151970225053752,-1.2331174301028642,42.69890842526629,-23.471905360762012,47.34371685058309,3.7139429240384256,24.23057269350808,-25.69878781672719,-53.59322726876353,51.42478050798591,-61.74496845321897,-94.23724613172335,29.05570637053644,-8.349789557724156,-59.20140741928431,17.072873341508686,3.075069975349564,22.926951348473928,-82.16383891310564,-82.06587350530673
306,78.52526407530978,-187.47867147285623,-118.04792169759745,-191.56112402419126,-101.42293629255907,50.461336662016706,106.5757570958522,-162.53114211001295,90.76388061734951,-46.441597239657185,-23.375822422374377,-0.5876380258308576,1.3049071056841108,-175.50304189259242,-64.7805900167952,62.21332269225851,-14.961417669007366,-7.026454074091341,-93.76801708590703,-87.93664756008948,-95.50370804176245,-33.69098669477473,-97.93884323824605,-119.41571074113521,77.92194057068814,92.02474102837276,-161.58132618872105,-259.67345391462777,43.10824365086855,218.860959669629,-53.054884697446845,53.796568291771734,100.9363754534925,122.72912543494786,113.86640314128854,-58.72588801523151,197.306528778396,111.897216609064,8.428273482911045,17.800933592135237,186.4062013536271,140.60415060582392,86.09535470393051,-176.83926747844606,-219.82765127584264,8.505661834295351,-250.69054869287976,61.675507742182816,320.6074226404605,-117.40780720969046,185.60336125538066,292.7731815685247,-39.02596415639243,-167.58972301071253,-210.3646123064072,-168.27241494668726,-13.39737646824166,265.98323129309045,78.01806456878444,-93.34352873139541,33.673996906868304,-61.765232799260296,6.649478463451721,30.861464425164787,47.780649997402676,19.36623688977776,-120.65631766060498,1.196939691480242,155.79032132371177,-101.03136540456329,86.29767417094122,30.763084163145322,-33.56838800536791,10.626478182906176,46.00801491989374,-74.63655823538943,-34.67930158768237,42.945545836637635,-3.946891890189237,27.553670424874998,-25.922469915844093,82.43061158498482,54.00118499891795,-31.804242786031338,6.547165948153253,74.12549296115166,78.95438562261992,-30.48147735768386,62.21729106395731,17.701227260820957,0.9518195724344553,-31.913773761809434,-58.70684548787216,45.34493206077326,41.55676625526694,128.5802126784553,-95.06202194836109,9.569328456570547,-57.35203418841427,21.35573374237516,37.41533891801145,-25.936100299038284,-20.46270066337205,-8.699772845451186,-24.10317933902366,-2.4117414017262395,-36.600894179688396,6.9733778903627766,11.453533203847197,10.590201188648434,18.07713500083722,7.855516973498756,23.99133305607466,26.957521566387122,1.8775029576557212,11.098158222828141,-11.677754668531767,-19.31812644358518,4.6139116299961165,28.587350943312867,-6.3512979177341595,21.045019321278794,20.699335121487334,-14.036015058272516,7.251019885700499,-12.541817988803484,23.598338209449487,-30.120604713911618,-4.2366537095519545,-33.16860020542704,1.092712481814075,-9.470527432491675,15.067217180394866,-2.176917855550898,22.992720654242,-6.290843613091458,-4.024030363250819,7.9520877017199645,34.576544545348426,24.727329522724993,22.680279050832834,9.035930174268538,-33.25620952122325,-11.629639048405018,30.110672422039855,-3.4867898904044914,-2.520868896118211,0.6915552650119512,-1.4302116410257708,-12.49679932848372,11.915707927440277,9.63694398704943,-12.235598903908626,7.4678305260974165,-7.51241914800441,37.90229556016567,15.196165631422994,-0.5297046398275338,21.586175360468115,-26.636626995471072,-0.39610899938673494,2.2716157808981303,-22.603956783994935,-5.549136382986601,-11.381134541400069,-3.381736980716373,-21.54249776423699,-1.8392514410267466,-0.2579116841234963,2.9115655873657675,-5.510006651376221,-3.516536612947568,-0.023452526702216384,0.3561911872476493,1.5773836036049347,2.0331519250922576,3.2121508056939305,-0.2261727380562541,12.09488777677746,-15.633691166448106,-9.272264180730025,-6.709062809688708,-14.577439837281704,-17.66708548242921,-14.19558775357617,0.65820738816043,-2.367497749727403,1.7518485378970206,-18.366337935031716,6.883883654221749,-2.603005682004096,4.944940534324876,4.746503052909802,-2.737794408734193,-7.288354695063132,5.846338340250973,-8.172124399968792,11.123795362401879
307,-54.68442095084026,53.42316535908101,-31.87962124158949,-25.160778164946457,13.416982397868528,56.47611674461698,39.851192785926884,20.339739323263245,-10.622388603249098,-39.10948880539,66.475984778243,104.27328690174622,-1.8563387079532856,-22.985024109897008,-23.24444556185367,-31.09277582880543,10.338398723628687,-10.091974005185564,52.733480707785766,54.16323403344536,-39.83549979102353,5.468237820026898,-7.8369341771162055,47.843447919902836,-16.50838375027082,-41.13334905349656,-6.659666794365638,-32.59199471442158,39.846970432651354,41.048560435225326,-9.059973508408177,-20.546009797509154,12.35271516967494,-2.4189121733468806,-2.686132020877827,-15.579416670496377,7.3817473587605456,5.848941313963124,-17.948402585388603,28.725705706338026,-28.94754533335529,-6.0075135885897755,39.00918905423646,-18.144304635960914,-32.89447470210213,4.898681142991721,-6.945605589859684,-35.50818324599318,33.98691078954154,-15.955665375999622,-14.030652153490767,-7.95828364620808,22.275704375487496,-29.51331574827284,9.45074811868971,40.56545196285089,-39.72033819524645,10.157492021049118,8.164153313217998,33.16599744928542,25.49479543039323,-26.494729561227008,-46.26361164938107,9.65103700017154,-31.753555321868397,18.486373342128235,4.628100778457723,-26.967584362099974,-41.07178570121111,8.119538067484932,-19.37063837223978,-20.20490905539379,-24.882069591285504,-12.120725422717335,8.114317509317603,49.87182145770767,62.489337445970115,-1.0521347068117466,-34.701375477487026,18.579450977439553,21.194106596306675,5.410951463982422,10.275183477387396,-10.206354895953693,-5.544231174202188,-2.6160545827472608,-6.776562620483843,-17.04650646144896,46.70182547355142,-16.607245577316885,-0.061438729432833905,41.48991643999496,-33.70236964843534,-22.27740664258208,0.003498210291250692,5.969956961000736,-10.29197741056982,-2.2852323134425223,4.676956947605554,18.740606574408726,-6.501399449941805,8.183724529426378,-2.86668650608959,-11.714120851113384,11.032632556177349,-18.884851414917776,-4.765681569842164,-40.30669758504265,15.49388090784692,29.199337978530565,30.75748849391692,-3.40096226202566,-9.173604828781857,-8.303483985440023,63.54575161263928,9.865325174990605,25.67231239174279,-21.725034583987522,-39.76143279462021,9.79146549248278,-11.877794981720825,-23.012990903541333,5.453244578331493,24.199998502872084,19.238205207914913,16.80155606063896,-19.309835237812656,10.618226359617548,17.587384580197085,-26.662749990663578,0.4097511600822905,25.12842484335198,-37.69087083482664,16.20490011630074,-12.43875696202027,37.20408259436851,-3.469811340401482,44.6941651047148,10.64466322371675,36.10705770146535,-6.740791851250679,-24.267871088729272,-1.2891019438756224,61.44060900600891,-30.89543878151925,24.691350908525944,-15.981770202139852,20.134424394183938,-24.95747462509168,31.90884906195032,-24.04234485892875,18.382062180266217,24.16722367675129,-12.392398451005358,-43.16107904255847,-13.563700620512812,-30.684781534735794,-43.90604900754127,19.06527757984507,34.03819050460103,13.215013698659043,-4.655806067653613,-57.93717163174418,40.86424171341454,-5.762332606852097,-31.481273055061212,51.511773951970774,32.6844676471487,-28.701060252693534,13.879041892376954,-23.953124538696848,34.69147467131063,-25.011058941796225,28.464605829665356,-0.9913359151336689,19.827899206854244,78.96151979213158,-27.155107738356374,-8.044863313943857,4.156425534349003,-2.254603203549083,54.19830543576156,-5.194060030963349,25.054037132623616,-101.01654903419583,30.44843175946497,-21.664477206707893,4.549990900939344,-2.3080525907933653,-96.57848396494774,40.14183719555716,-23.97083129020243,-26.02460617816391,59.671904200100315,41.35478476576593,-91.21593698340406,-39.09681455082684,16.406509486577487
308,49.9148232340349,-158.89884755137012,-81.56537696942574,-183.15644567716438,19.729686656026622,40.42358396033104,116.70244692628982,-36.66139131957211,34.122125977749754,9.99696235391018,46.229404938342654,36.664698157837655,-112.79891694403636,-86.44096862395944,4.554156481580193,-32.984301395362024,-41.47359258985831,-11.409531190512524,-72.29228645605838,-113.56389936970068,76.63717095450775,-17.001353322363443,-108.48539946633213,-14.472485485551571,-20.393656466108865,-1.5784732704516033,-63.45607210149236,-128.57951789663161,-36.605268378817634,-38.161908546833715,-32.775874075690844,63.573646535285576,-104.94109540302902,16.911215096761513,78.50751183088072,-133.39001841753534,-17.907487003176442,-33.0951464849014,-99.33880234355426,-162.03030921390646,48.71947194413525,18.97508445105175,-102.44030546186752,-29.8844758785274,62.80686991489362,97.68088119147806,-128.2014717739233,-333.2923922402333,363.76478358943524,-39.139502965682084,27.002434542136548,-286.64974305445935,-71.26559607872676,-186.58692786028465,32.36591554250618,452.417177679063,180.3289490633977,-116.8344586211319,101.8406879150683,-16.69131157336486,-59.49397545835407,-133.44717473901196,218.6134786258145,32.548360967415,-61.4922327891901,-66.0220546740204,-25.1694920392006,111.27388158854616,-15.253504113725743,-45.40638190307229,-50.37336426737203,77.918308235442,36.92791073799306,43.27793931498827,-16.13222507856425,123.83471812130861,-92.22879566408798,50.345983753021514,12.671236221968492,-131.88047764845888,-89.62552871796856,56.12895165629159,-90.39185538571766,26.62164776231091,-30.727335657509684,-106.53799758262174,3.1607545498258554,-49.61281423545204,-68.4476507708964,49.349650860851504,-34.69000949783894,52.32555637989193,33.16695178671027,-33.87061800071345,-28.185545121384635,22.023742012471942,5.35034077086535,33.2887265487421,72.79113468611044,66.39003220150174,5.76255944329385,-22.142645381534674,-29.241788854031252,16.47176918398804,-26.59621272604748,24.37965026412217,6.899675079924334,18.153262376341367,6.145230498724668,12.303524745760143,0.27748303311766,39.77968310984145,-14.461254008869421,-1.9052886817238979,-19.87378094961721,24.10570719642923,28.116793012087392,-11.212466280037711,-6.349453253359868,5.015680947782336,-22.880778579308654,18.29450854548981,32.59411978064556,12.318878117807992,24.626146854153674,-7.254657339391231,14.991426063701917,3.5422710847471834,-3.5003418185103903,-0.09044466544313838,13.85639472050176,-3.6229302426430223,19.063119384122018,-12.49230608788697,-37.93655631131628,-18.1128803442842,-7.366014472127758,-10.946714794913982,18.651342395134527,-11.892124728990096,20.168418668487647,9.6385667563079,7.423021664584938,-2.7386861888077014,-28.441413771419935,9.220444390109677,-18.71031300592395,-9.382952840919362,29.805446426125684,13.502762401726228,2.25263836836094,-27.435259781836788,1.6032223089726239,-0.025630411664983116,-11.948020448264153,6.100219109971289,-16.335835901055244,-14.979411635653255,14.193279990654402,-7.566432726279982,1.5362255954389044,4.522641993651681,4.792868204155232,18.083455066101774,-11.610598036786081,-1.2531099820195841,7.849919965495164,-0.2376379488416312,-17.996061719189186,3.0351696046338072,1.3647874588225897,-4.8405378890903,2.6339428589596134,4.782575605453903,-6.030946728273078,6.180061927993021,-14.773108001274545,27.038029683455633,-7.61178763309981,-13.24252093936122,10.126520583690493,0.9952905793856128,-5.642168936256623,6.3209203225803146,9.55570659335942,3.9286554261422046,1.7041439809498329,-12.340062895252908,9.846308970957576,8.987822287871746,-0.03347039051114997,6.510563689757995,2.5173183924407714,-5.48412324159394,-1.7255441933040425,-18.95961225616843,7.2277495832190635,-7.28841609203892
309,-34.6251739037672,51.086665470317406,6.004881915416781,114.80082260209696,31.691301593849612,-75.96629726161476,-20.857374712073227,-38.23460713306421,-18.912961792919532,25.85274060964185,-35.19093312107861,-10.538760223480061,27.463294479248045,-66.52287921626129,-38.32041765234184,5.791470588545325,-7.629527726175427,-25.174497003351924,-25.918888144846566,-40.193716700766394,-86.137372668268,-20.540013603950307,-2.553589167032057,-5.497053316457786,-16.88353123881119,-26.21681365345701,-35.3240721315933,-18.278264966296128,-14.52390342462801,-32.40962064368796,-21.341543627794227,35.36591305536129,-10.30933510702401,-39.51548010656114,25.939873946997515,-18.178898879681416,33.69636126348362,26.23664147099571,40.743154111777386,35.79931602790208,14.791377580198999,22.491860727218572,-17.3866817657843,35.73589108844644,20.233684824268412,-41.86469882062532,51.48734649381291,21.812403694918775,35.48938512450823,4.574984548565348,33.70130048171723,2.6609513849865234,10.669738419014712,-12.35931282996254,0.3853446552298334,-10.708380295333932,-16.166807264112407,-18.39804801890223,45.404920882934654,25.975133272201237,-27.716945579194103,-21.655002632139833,-0.13384818011135258,23.88035035922216,-0.5299596385316145,-5.992458428340934,4.1848883394175855,-8.795272188498236,10.10047372780467,13.418605634521699,-44.40170145957313,-5.207797441647271,4.156697827571628,-10.915005548846043,-1.9739823355692154,3.825182672347407,-7.330474691067738,56.33441233762147,-78.84149041604488,15.356452238725549,-1.5377448272696406,-14.972543879898634,-25.369897148595808,-0.36156462791938315,-18.0294087243214,-47.14421154860001,-13.10298318398047,6.810168934769863,18.354998208574816,-29.920410240942864,6.970208143559219,-4.198042397831726,-23.504609550430246,20.041773106986817,18.575853933765757,-3.164313490492922,37.28180628029395,-14.15524910287903,3.8463196956673382,8.007901595313761,7.093431861738924,-38.07223202969661,4.603600424103039,-27.63965846936984,-19.091208498552884,-19.164490672217692,-11.099560314392553,-9.05101044019738,9.838241992324955,-18.362099085910867,-1.1596962800092665,48.525078124808694,33.806600185198214,-5.9197748887242065,8.403852756777745,15.99716882776724,7.449299907645982,-11.068732183320215,37.3357544400972,4.464620162338808,-80.0671414167706,19.046857044800923,-72.84595280660251,0.6298614569015528,30.62760942299459,40.75569971988698,2.2433562802155746,9.278688878213686,-1.8984267927480611,-0.5842387784968758,-1.2005112897776198,19.75879244973727,-32.9567076427116,50.343490297369854,12.343806668073904,21.33297862279316,-6.128726956633125,-22.665962982461153,-27.951066722188582,-37.21952817600966,26.572219313196808,17.599144468352964,10.211077054733845,-31.663747944621168,0.13524509251052913,-46.45479019292411,-32.093981848211385,-51.99072655292021,-13.855099945177724,-14.019226503318457,1.1389710190957985,12.794930637854229,-9.834162631663617,-21.739801491708036,1.8455694269581575,5.3495641898668715,-39.674330979108674,-38.25649900537831,29.792554495613633,14.668042141242045,14.565507647323187,32.097250361316306,-12.836920864381394,6.4823161609165885,-56.17042806351347,-28.6291477117808,37.97782494130415,-26.960063559214003,5.568036862883736,36.79317973675257,8.84284145054253,-37.99859522425068,-7.8294239821672456,-32.50503046791285,6.414815241699085,17.41276462063561,-6.0000536127231685,-58.887918919114405,-15.624050654924753,52.1454434475882,42.63145302247524,12.355779687921684,7.512184148937756,-78.54553791521163,-8.372230337048451,42.1713635623309,-25.758315488025108,7.076325881619638,-8.440512394169769,-62.93278335979489,17.719474351231217,35.433492791802784,3.0500619138026828,15.164329231170056,42.746838836734604,12.526341657631049,6.097943047577459,50.92966558740831
310,-45.00549920971562,31.02014206054688,-39.2086551480255,-40.45863483333045,-21.806976810946058,65.42701129696144,-11.308123681072907,29.05591637550162,-66.0423759319824,-1.400735034644779,39.74500734776179,42.63522104076111,52.02502577725852,17.134357918462715,-21.4126021231338,-9.92744794809585,-12.96504800592781,1.8526250585628155,28.44352567032741,23.266970784090823,-9.926814397616102,12.35259152158675,33.21673306180695,41.07301498335518,-25.613079004038386,-36.20328467217801,4.761381829779199,14.599554730954878,10.356447308663686,-8.006490606889926,-23.0021800214953,-25.954089132739256,8.454629877699642,-19.516535569131264,4.238378335459573,0.551680224678583,14.718397729501833,-15.532788502235535,-28.585958532921794,16.585179186350473,-20.9827002326434,28.097186586448945,37.0690692486008,32.830294354431665,13.36789121511121,8.418364839194735,8.91910765789506,-6.135432573034879,44.813882978352616,-35.47958533983374,12.720448983265614,-13.18899542666939,-4.25817541902889,5.526402525593063,8.610395852639186,61.661229712432075,40.54122301865924,25.68622107809515,64.61839648567371,-42.59806795599348,-7.570306393124139,-19.72172001476456,-10.767022757304796,36.156326434964974,40.12492653279899,61.85674743421906,-5.724036876033272,19.411955087050526,-26.21621078652251,0.7710578030152091,14.808796313677743,-2.356875875871108,-48.79402591185267,-28.046011392271396,46.6492320987956,-1.8040885195350616,12.577861164606981,1.0800097758328802,6.666424896610564,13.170339645618514,-1.340856040113078,-13.868226088499394,44.44103627839358,-35.044389423613744,-21.058756438241538,17.68140606341442,41.28508309445127,-7.816150222004563,-5.001955059667848,-16.10351465995596,13.45028042389741,-2.096209743915358,23.39278504999638,-15.966526953450893,-49.92209529044134,5.23560677269963,-30.972524195137833,1.02467142664335,-34.40660858434415,-29.0000378697672,14.785466978283862,-4.978687920400591,15.353492989375221,-53.74917571437694,6.919069555669891,-35.91790847171938,25.837624889706234,23.6051173584771,28.30050520626266,-56.37019085531516,4.15338845404754,-5.419084327509742,3.554897080584619,-28.358825361657992,18.748611594680998,8.964358137457921,-32.22866731934139,-1.0705923232132413,-11.968824376507536,-8.859828892957466,4.870343735593393,33.647042987932366,-48.35375893471203,-23.0747482623576,13.610607079083636,2.4885163067155687,40.01943988425358,23.123127719344772,9.611711329322075,-35.002965062174695,-21.408698275811716,-17.989312611269327,-24.402759886422075,40.70008527946977,21.16972638329183,-23.834229044478402,5.838833000016798,26.615793480368538,-6.108508056700542,-13.957561841180588,-59.844727749326445,46.29843091532979,0.021180320589709423,-13.523543094433741,16.081160895770108,-35.078514192265736,-16.257346705263917,35.6099242713841,-8.465704986085925,0.9511356980242759,-29.851620112795366,42.159399363243004,30.665509463205062,-29.186159444811203,28.786444470506908,-28.535273398224017,16.773505239230413,-0.3255590823668127,21.10333478612027,35.6125620605576,-20.587343649623527,5.279607855117385,32.30425470584814,25.87650077536696,4.754724393489987,-14.882134687038613,57.27399949269142,-26.03199358760955,-22.96462328085071,20.752742008768962,20.70666735225341,-2.441446819502525,-37.937912897107374,-12.184743182917213,4.034007265577376,48.45191996499172,-10.277934682935186,-50.80219311998965,-0.5478969704844466,4.066475833485969,-13.31628896878374,11.385812389789189,-16.627209173867886,-4.660920466461708,-18.94416660509813,-41.909583153037325,24.658181860042582,-16.730898471478813,-15.110565097480716,-13.627237203165471,60.022745101746466,-3.611565959159817,15.184005851085058,15.34420188105276,56.709191646603,15.306467869610278,-17.492570123856805,-31.8275147005693
311,-42.62940732189928,4.966602837699001,-61.74100755633423,-90.07382880530484,-26.508726603964334,83.10101853201856,74.3308943490835,-28.36383546844327,-23.431375449353517,-12.073493316010037,61.20434597628184,-6.022839284678206,29.65511339939054,26.7284384552658,-20.313078699940846,31.040803570207895,-4.755476160694146,18.326287624066193,51.85508778477128,26.910803900169114,-4.200163420303404,31.14834036155338,6.0368764491200535,13.258602055891403,-1.131318932365898,29.656382775326772,-20.87323375940665,14.413610612139296,-6.912101187011453,-60.85837318264983,-36.41959787820053,31.789277796349175,10.558356359604891,23.13829708248477,-4.5167747829819165,-48.06897845519088,57.15473599415456,41.03856271521488,-13.422874760208726,0.5925579109128033,-15.440962561968458,34.3817484340744,-41.49374782640027,29.78283718618863,32.13553427682995,-7.093856066954897,-24.06575153394541,-59.84542848592888,22.431928742334517,4.246298396693746,-0.16009522530256462,0.3407852188729453,-31.133304340349618,-29.913616284616868,2.19517077072981,-10.971461176961364,3.3599285810739965,-41.194788246900536,3.642633324917674,27.743195782926836,-6.166064280533968,-58.07185232513298,11.652191937097353,-32.756730464069044,-15.556223587035532,33.870388914109235,-32.43607272527011,7.497577628818542,60.15286212650814,49.07951497226686,3.2888334861207555,38.072818471752036,36.380718305899904,17.683843006239695,-5.2848576982806295,-5.9872863867990835,8.868623766589483,23.73695228412895,-30.374831336364462,17.548427985012765,2.3481535616166447,-58.14708153899987,20.48173208248925,7.452936540546974,3.2806071079739283,-45.47950717750615,-48.571312233302415,15.298253783459108,29.768676464490852,-29.135695306063592,-16.301647579350618,5.191207399602635,-65.4078810208618,-8.372914555968393,18.006509398564003,20.363741336970023,-3.332691355137865,-53.702294743370956,12.500545059085315,-18.207703018221984,-27.729372013521225,9.517963985834864,-26.439546104726045,-4.544724466024325,-28.9975355803176,-8.867067172259162,93.9573838092585,-9.264771519185118,-10.161987353338965,-14.523544086710801,20.353120066927264,-69.02283641754903,-9.442089788802202,-48.6352407676081,9.828055881296189,-19.167679779377718,-54.19160504297446,-1.0046847964638177,-37.726979091438174,-40.546003407728534,-5.665109912043652,27.139440030726828,-33.03913045766504,-1.809098265809376,9.18936559043222,-16.81208972165823,-16.80259016394056,52.02995576397525,-84.24428706437214,-10.210296185442932,-79.2097155898146,39.62110847480227,-6.908182674611741,0.9552217473273992,16.825332106030096,42.231849869139815,6.861258384399812,-9.573187735435283,-80.12717355040007,-2.0504294723074104,-16.157119471554438,1.9798044947477025,-39.93785140263533,-51.921626159563566,50.15422710636674,20.51883860457364,32.255463274899654,-77.19196947812502,35.462798690014225,8.78062590411345,44.11181501372107,53.945725149204264,14.162746546844525,38.939860102781275,-7.55711213499741,-28.94850820971127,37.54389143367983,5.642283568180691,28.015311413412356,67.00244725916522,-21.903369495342144,-100.21893978214263,11.059124631533061,-75.15385193233789,96.69780694983167,-48.21793625598388,-42.07348058525869,47.14780062811385,69.6590053376674,-12.9736427373261,32.46725247484078,-36.68450789898065,-58.8845479670519,-20.19179630622158,-9.770820235661494,32.12115155790472,68.41927877440592,16.479200040705464,-30.869942419001177,53.420017759995936,-3.0450330483284045,-24.99509940051024,-61.26259865152309,1.973319128078424,-3.051132024468296,60.9705184279691,60.55739031033291,47.15546313690046,11.501639378784583,-45.03079246828894,52.679310185133495,-40.29512274835103,7.542508304144157,89.33321036890696,-12.217412947422252,-13.324271750524904,50.37050160355239,-23.492737882986667
312,-63.29913503265422,82.84963279813718,-7.408751706374731,68.63328095384925,32.64840530799387,-5.224788853450882,1.843790235350877,19.248226732223667,-24.059292567989104,4.569200597716465,-13.64022882824031,38.73124770561571,15.991647579407148,-57.34055724896575,-13.555348007546565,1.069046872050365,-1.190854038047376,31.134382218923196,-20.69684573461247,-19.866461117453355,5.220730155681735,-6.319188758623154,8.218167887351411,-24.89037108025308,-3.383750756336735,18.947188245633154,-19.61848854661628,-7.613399679127586,8.137070440338999,-26.749975078845058,-25.749752698063908,19.996169018480632,-0.7999049164344048,-21.507971178012408,29.418433126596323,12.799399661263916,2.62194404658289,9.25426700858663,15.737659740380188,-11.374358477943858,27.15557799754665,-9.740712135931098,-8.663334761903005,9.018625631328444,-7.45654995670177,-2.1353562285457657,-4.711068465576964,19.352180134535924,-15.121625013516821,21.987456592817118,-15.312409298748278,-3.0577949309017374,13.772323436743825,-52.77873339288802,-40.09189486686199,-33.813128576847774,-26.112265922775165,11.405468904326849,9.781553969083276,-2.1067807692057223,-36.471718891965835,-6.888704472952137,39.65083657670483,34.97669966841858,-24.01330834309211,-37.3557833078663,-11.085595422240393,35.316304777187476,-0.23279318240552582,8.788172772692832,-13.767244197457059,-8.969996897786036,-38.766960710739255,1.200766198453888,-7.423210027536237,28.79162103954292,-13.786038672508054,20.030111840584855,-36.22944612047254,-18.92567323259243,39.8922747787645,-7.940733585903279,-4.656813441029978,-21.432888135030986,-10.732212619404352,-16.496393172849857,-19.334317475200933,7.901135819570066,-21.545925894178787,1.5429885939738008,-26.080543145179295,-22.697253315133008,-8.894152543942479,12.48178527450623,10.289834892486374,3.30401624861659,7.383111920160052,-33.71203063068933,6.6531321054424595,-4.874756650699662,-9.092268833189442,27.470664484655458,6.738861069062075,15.58428575260298,-19.86825448249362,24.66571893972833,31.425912449159913,-11.487445101446502,4.527240944593745,12.031444624756466,5.759118080538239,-8.673188458678181,-1.7704579590138514,7.727405254671115,-14.707565415930029,61.754285446228806,30.10812081516519,-2.4094364762918317,-0.03598113560988732,21.481309719033863,9.211292217618464,-10.037786717104106,-80.24704655575917,7.733391358382052,-26.453890861542344,26.625759370166698,24.840569840181324,15.47419976494876,31.767853061680764,10.502371714908497,-1.3232731175753423,10.54550904308198,-0.7254187176041702,-25.260262142195014,-4.05271440251,3.067812615768097,-17.00475407787051,-30.042302833067456,-34.35582257297435,19.44247455079986,29.009528675969996,26.291333980007657,-13.74219223952481,-40.90207152251198,9.687956484805126,-41.74654965638805,28.621435163900955,-46.54203577744542,28.0005570592708,12.857701954537605,23.80258314900191,-0.6547458482826689,-4.010456377063346,-31.129763147532827,24.59249485906938,-52.46770477946386,-14.359259313814077,12.219227691187895,-42.12351413692027,6.561304284358392,17.432354722070762,22.47460570626925,18.86517442414353,-7.367381583624318,35.96031879096679,-37.650192567249576,20.64172626018968,32.6075181969829,-41.140866508932206,0.5381330319576078,11.723625785971986,88.20788104336128,-21.71875033491724,-23.843045417870727,-7.705155370277083,2.2440256651053665,17.081280582861176,-11.599569547669272,-45.481359974077876,45.610756238806516,2.4014187161168175,13.523950089680378,7.888284396581889,-55.238429837476744,14.826252326970275,65.32184749839003,-17.863243041963607,24.953635317337326,-10.749907232463693,29.439355844694663,36.52852659468106,-20.99366772589105,2.3723161678290245,-18.85026256792114,33.5792104721136,-44.458053643681104,-7.036243268605279,-19.018253601004588
313,-30.428725800747635,-26.927664242587205,-73.02780038742526,-110.90845050041162,-26.543191845220385,78.41009483743619,101.31032270298188,-63.45565783906609,-1.4024174250440773,-17.543062345306417,69.32873849789081,-26.41928499297786,23.02916818645474,50.61652180414607,-37.479937523501526,29.50088928746316,-12.512076368881553,-17.69367468818561,47.81687115400849,63.757508057072364,16.68315406862653,-14.770083843976801,12.454089094116961,20.716045319131783,-33.077085905506245,-33.02394844963912,-12.747297355855423,45.994357136646485,-5.464609252558139,-46.330587294766964,-60.99779978846693,15.539635316320068,39.04612125364495,44.77660549550609,29.33582705398484,-45.23707543628627,55.15700673557065,6.11830302197591,-19.574538056036655,-20.767355016013834,-67.15973263051984,14.656963584223629,-36.63883588255576,38.62156354572326,1.5764036134967045,22.06270282437968,9.641205350715136,-37.047688439574074,-58.189705131939846,-72.97387299872082,-30.01366738109849,-33.17192933367423,-44.61295304982041,-12.334670524383494,6.293468688671405,-0.07052488317227645,4.27072700341885,-22.617917143681115,-33.33335750664659,44.519346527916845,25.129520082583806,-36.05503812148212,24.001950489524777,9.241369465380048,-15.607625968506511,27.438765153768422,-3.2233035143885442,31.810123355564674,51.470146332786136,-22.8331604268788,38.26445030075704,21.300462672459442,-48.12437471411282,-18.69531291072387,17.473946185124205,-15.875071539086353,-17.490167100947325,-10.233714257287318,33.112535923928455,-3.8675794882138845,57.5889497966621,-24.684700851378647,-5.910022481177341,-36.830188634694295,7.666582172246934,8.997294568537463,68.99799194646042,-2.5705052510071043,49.725685754753016,-29.211186750363172,10.231201519393426,15.158084765607082,-45.00033742782643,43.06433531713661,10.675339407395578,-69.0329444728904,-23.772781326114035,-16.86864464344633,-51.866232666170845,-34.31038321738609,58.97813036702942,12.534318379429449,47.03351681367816,19.69291754942723,-5.651169209398675,-27.19689398131732,23.533017945882367,7.878973587434324,-13.410446118917717,-42.19610446829009,15.32072916509838,83.49538533114263,57.76192780014086,-38.286287364942496,8.756402271683157,14.73243925833972,28.025103121845,10.284141893323149,-44.50509369799666,-7.760125713873153,-41.40102873255645,-32.33209230044397,-35.10144753476782,12.5099002384411,32.78420454881027,-17.37648015735434,30.047861373219508,5.466105724644189,-83.09437553430121,-39.6108022320988,-23.614048955319838,4.988537635950841,-23.785953730147554,-25.188637525363056,12.708888498223837,-26.84950586536896,58.31785110124078,13.872004924023615,-7.963642506264625,-9.899888399399169,56.57072088896044,-45.30466964093205,-10.345695745145472,-0.9097514785234128,62.43424518565894,6.733158983432298,-6.718102604825171,16.194050171244573,33.32473584365223,24.978397307184046,-14.260564901447767,6.993132138951017,-88.85510219055237,6.922893940469044,-52.623262330991565,1.2344200443541533,86.7142140120578,21.78789320719984,41.982541143667206,9.224521176794621,-29.503501408966688,25.868697514703364,-10.647098371133232,-3.71101385289583,35.57612706165684,34.354654251491404,20.905517240876723,-12.974807824448773,10.688088440086425,32.63775603638083,-8.816226531644155,79.50761610536799,-31.853023389371614,-4.84600552738884,0.3347194077912111,5.608010783035348,97.40848310681662,-15.085807599015835,36.37091291704445,-17.17854744567859,-15.952828585865184,66.78278661681006,-6.729483678760305,-49.17528928628635,25.48541479234584,-50.59881568460915,-50.43696032881831,64.77700075083695,112.93519912685035,-19.152783559041612,53.69252027130637,31.76314339784697,-6.992660218012321,-0.8568431574503166,2.2091268552027574,-43.46110619943949,45.17621917022405,-9.06736220671688
314,211.8471312726106,-363.4462970310491,-101.03305746600952,-186.037503784161,79.08602888893992,-82.35578664400971,148.16205861786528,-125.43105794562042,151.31642367690065,29.270771958608975,-47.345168953618014,98.35285128194599,-167.97777044433215,-368.09295243726217,-11.697222410232248,47.92554166330763,-79.2434938460635,86.47005295377647,-123.76344002110083,166.88342988661185,-125.13005789490371,110.91488802809383,-23.942034104634594,133.4314329602097,-32.34513987486273,2.328325927044336,121.93502408647281,-181.59005869507595,473.7321977017101,-253.03746474498672,-46.50668430799409,58.178822887547476,214.029109025639,-325.894446305691,251.87379476269453,224.1738650523632,75.77580392683247,-226.41308756096078,52.465058386028176,-159.0506767301333,-252.18980189089427,165.54821546877548,-328.39786155025877,-285.78219411759824,247.6134229759694,-147.82169273716045,-43.69308498303984,-20.733707920562228,-36.36465695264602,102.6360022351271,-175.38167429072496,89.70081961130624,109.2275545047208,56.776700291043994,14.197772920561155,-56.88872834721952,125.69294867997989,26.449700696434466,-0.6377497362004896,-17.142477949112916,25.380977666352738,-43.702698691986384,32.20174090225776,7.972515696343131,101.0705835521394,55.45181756100586,-38.66349565638642,-5.843909084952324,18.497713456848647,34.1681374566114,-28.294118997248752,-20.526004825632047,-3.4230016081168726,8.713515412480449,-4.834675431398674,18.87086089456774,7.1264637983651555,9.049413380102356,31.789794175035283,23.20062987964921,1.6979691238994865,25.619899975177322,16.316257673671064,-13.637599887923885,-24.403520849975674,12.559999207798208,31.643437192678732,-32.92190719941092,42.00814503970148,8.86987832088737,0.9856018068590189,-15.148697254350282,7.677800439210681,16.10440535808283,-10.726997424647461,13.07520145408906,-12.682442449520044,5.755870597068783,15.789196648801225,7.143815791012624,1.4973703043342679,14.848384442916364,7.556558072761034,-14.352415632009306,23.41724168745457,-1.5249373675751232,-24.5185740402694,-5.849086540890164,12.136027824774004,21.30067072982511,14.049955567705288,-24.36383529170149,0.28549078842622067,-8.14397672530442,9.4969244197857,3.3387777673873273,8.903372144158325,-20.613701118479064,-0.9264053953983196,8.93365482009783,5.685463206921222,-5.7757031227793005,12.46318812039953,-4.106825186038848,-8.817748667090072,-8.33552919764004,12.75072546622958,-3.4054733628009677,-3.6118401268418783,-2.6811709791266054,4.177656792727661,2.2978557567019857,5.220214076025694,8.460095869139646,-3.1739353411577884,8.270926191606364,-9.762469560688643,-13.99791050137709,-8.882132861708806,-16.239643209502155,-1.729101745124543,3.1281267608093346,-4.259128443691833,-1.8336582290065826,-1.3747498289778717,-5.724353856825372,-1.802925591838844,0.13625411854670835,0.7987220481173819,8.768390181432896,-7.981946292903119,4.2005698092406485,-2.2597942304231173,6.398701888887721,6.448954022866706,12.059454002169597,3.316461218468617,1.7868444952627258,-4.9006698720152615,-4.244277642672757,-2.920820493424186,10.035000168644299,-8.376294058431718,-4.5835442266778905,-4.0248867466474465,1.1810577920958951,-11.282257531906186,-6.594276911322645,2.730097652409999,-8.554337611278097,-3.9607741879250784,-4.525602644209169,-1.1383638729920695,-6.210753203148292,-1.9980514707097616,-7.760593312028471,-2.35542137488305,-4.631024926669128,-1.5592954216321808,3.554585024659297,2.1770364891480964,2.2109361409186468,2.42562660552302,2.420026226966858,1.0477387110014453,-8.545682252816363,5.522542868323838,2.7956538235045523,1.2266992978807805,1.7931918506234066,-2.510933216989417,-7.533888330179309,-2.1344552405958765,-2.834546885764548,0.6737178868051483,0.6840042746267156,0.18543476074210602,4.463349781405532
315,-47.18028061515795,13.669884903132289,-55.14110130467689,-66.90518030897415,-22.71996995028974,80.01087755317847,61.72213368014034,-32.081560904882025,-54.53213060789226,0.15084472728209763,38.6031158195331,-28.734331418427022,108.15043425626139,23.204857085023818,-12.360175928137634,46.645115596127944,18.88900991069632,41.118780783289694,46.769763929324554,86.42152440434377,17.63608561990488,-1.6965124592902732,2.5716967589761897,55.76271595496715,-35.77991256214781,-16.775885543192828,44.98771618110719,35.22034963934228,18.46522926791797,-9.579153223633424,-49.406138169285505,24.59205359982256,86.06120835597497,50.369018199509824,2.796342625062211,-19.879758006217347,59.61592579102083,-5.203193407531069,-23.80401511174244,-16.16145074088398,-54.600514116131734,28.378946137605524,-2.5246409986193488,-11.133838963091407,-38.9382611623711,40.97815719852291,-33.23832418345306,-15.174978150515074,-12.103156700522755,-70.93755730541854,10.178853887244461,-57.83854750960027,10.89796789563175,-10.885616397647537,-24.09206827945099,-14.25013720656,-2.043813140843451,-12.620220275776633,-2.737840915509559,48.2930583888175,18.12851185055058,-28.85583994594509,0.48480359825698527,0.9100449873086375,-39.70995342194977,69.05964503453666,17.088191697838507,29.402236254449004,-19.99049987034764,-12.884361362443654,44.08230510034276,33.54353920396345,-22.43393962654916,-36.50349372390317,15.789282078846066,-2.264945757836446,-26.515714649767517,-1.220130418954523,16.260416379811307,21.33400192569049,13.950032367836094,-7.707550037989843,-0.5115307601744474,-54.539992826608824,-6.496448083470155,13.741527695545845,31.994001735359767,1.7853480654390315,2.8456391865743207,2.050781242882183,-37.3471573822668,12.102355840368642,48.740830947942776,0.458979350963707,-8.020097726207457,-57.824527638021614,13.853305375332154,13.71620658912641,-30.297359137019452,-51.78132589973251,64.63715128828551,9.09819623633686,6.054752333695543,4.264971705274503,-4.510682314230257,-29.09498763453369,64.88199629992465,-6.682099543139356,-8.200774174090713,-42.324629336646446,34.779083671652025,50.02485452082175,-18.81909590156934,-4.626109784057529,-8.26562598053149,24.145869395540586,-9.306605855203438,-2.857285637836211,-39.37848142194123,15.594535604999862,16.626072789929996,32.637671418460734,-55.31848634209097,37.961637201173346,14.817334075873475,4.287036594590409,51.85004672651707,-1.7799101177405312,-6.110081852462097,-54.14396529551688,12.653309118924234,-47.066644626935826,-51.08904298483313,5.7694786674384915,-34.80724005939709,4.072169308908529,-4.145393398346971,5.2310933219103575,9.576794697790222,-24.814184749375524,35.02327387191824,14.504638697619573,-27.48271170341997,-9.8718129297428,43.51829050461796,-10.607653362077167,-8.145271369609093,9.398344698915563,3.7875616090006994,8.213463405497755,18.375126671254705,9.181093896853998,-59.459225219997776,-6.1503804168275495,53.78421030804902,-27.888758851271078,17.015482298931552,27.33930403698521,-21.71276184665887,23.275140604447877,-26.643311449152073,33.833895570046984,4.771729398394717,-1.7992716936891862,-10.705225159116505,-6.347891186151695,3.458384663257211,-2.4892066745344605,5.383514249447103,-8.107197950252424,-36.800268648978516,65.79790182637025,-29.137158692908482,17.346673907125354,62.84975442826934,7.863296270776203,3.202546529738232,19.915399260836775,-38.29192588014761,10.955349314293276,0.19577773397907366,65.76549141910715,2.9349613909407304,-30.040364815803763,41.29177434878117,10.159792889310538,29.9645575381383,5.695890438845475,7.282117234765236,31.397604608060963,41.729344541114834,-25.372750441103147,0.9015596542209842,-3.797872228381074,-1.3733954068349243,-13.93305794744706,2.1618153639683824,-35.28035955738761
316,-33.35430643179182,21.02063767006709,-8.6062574487998,60.17965432803907,17.3956966562719,-60.92878134644138,-38.29371388831716,-18.035467157901838,-25.789428050255705,46.56954597854091,-65.10870334533566,-50.32499124711084,34.90416070135341,-11.616881804621375,-10.32019824907722,7.288018471822736,-8.532618003680579,6.585872330518049,-6.302492041306137,-36.46909260510285,-63.265388991505915,-13.339388553667755,18.36471185721945,0.9130458682419924,-25.2248283367201,-30.289571922214417,-2.76683645109771,-28.187307708068474,27.202335075996984,-45.302441835885276,-9.916537918762709,9.13155281533752,-30.180369639194264,-20.024856314240218,34.317865277471235,0.07266710147088018,17.692844883259877,-0.22834801090297835,17.670156722732383,51.09875906099297,25.100917210318904,15.139525795306824,-30.623452827344416,44.66157364949937,-23.904173503158685,-24.037142823481933,2.0432613364511294,-19.13235770105709,13.435757039099355,-35.14043820482151,46.086316523901395,-49.05444830109934,25.254822837631544,6.154232149331664,25.676730763705393,12.41097514994447,1.6186605839833084,-25.38106600794245,-18.64400619734393,4.68486550223784,32.688607681311,-50.45372382621316,-24.922970522918416,-63.08456262593655,7.349324033071276,21.388738002999645,-68.78167143627586,6.297076942196418,1.9095956945210928,21.851076211083914,6.40914268578827,-19.811152888932984,-25.22502881919767,47.483642227319535,-13.11396830493138,8.69100923272874,-21.751654189162274,24.49812211885613,-15.106743326785216,18.161478019921653,-3.1334711168500453,-6.003554187239281,36.02373037797453,12.5780193028303,-22.804113436878534,2.5934205522012976,-9.84670814026747,-2.962906576902367,37.532215076289624,-8.837566940010067,2.982463666161152,-14.204691341330907,-13.079702091486075,-3.1621955690052586,-11.476853451439556,20.103594343627474,18.432923827648658,-14.246577327762276,-26.12067117462675,-28.86780046304444,4.812705830547808,28.500940078588442,-19.13466602014029,7.7402335458115035,-25.793430639749044,-31.865322894413968,27.674156664664658,-28.40779889656533,-11.871714008307878,-22.889519535130297,-29.972303265451536,13.411652898111374,21.782585269065404,-25.592302189063712,23.1691921140605,10.379677465047216,-18.281346919298628,-29.290628788864428,24.52170167084378,34.33904856395228,27.829544956568768,-33.2219738653176,-31.079480171819093,23.614173189614736,-16.384726169193655,15.593076933327604,-11.663309318015935,-26.048542785127538,27.267018726427995,7.64860860310835,4.2504635578992325,-11.718346531132127,-43.947671365646464,-18.61574066339129,39.350009931998386,-45.08128085563462,-36.44282130529019,25.659081153272748,17.368264617143744,27.97925361460848,3.5030317735232908,-3.7837491774573104,6.144383432287478,-26.190755868627576,-9.704834603726837,-2.6692716939897467,36.69727870467559,-14.538359317066462,15.316998004014266,56.937733932004996,22.355464538949143,3.510239229418697,-21.075363133610665,-75.42539214992784,-15.689289932859811,-34.91709081958712,13.983439935788107,-18.389205477537708,-26.59966451788366,-18.519759520484474,46.6325894876642,-3.320369812302331,24.244257803148805,-9.876342940066653,27.605984195613186,-29.93803365741037,6.593022905496315,-11.035204354574079,-25.26187585501423,-13.547962886597416,-47.79936486804122,49.21013279256801,16.48524282979658,17.935548079527123,12.84832980939241,4.9343571474138335,-32.36857172534437,2.033811453184656,-33.869344311248014,-38.21548329474967,-7.873136711304652,-17.962894900303837,-10.441423638813735,2.5438033366867514,-18.611168069999305,10.817671068034455,6.025946450197495,6.810195461229039,-11.444550917253853,-30.04495138366779,48.017167799561804,-6.9772888472378956,14.029904459484184,21.130258317835068,-9.56431652306449,22.908780281943432,-21.144243349068056,-49.24290299253345
317,2.7309671472222607,-45.20050824364478,-12.728180569632814,52.861270520955856,32.111429558729554,-132.80418896949539,23.673757657951853,-127.21203427638082,89.19910468750267,45.17282757821727,-81.29879793638719,-146.04156617849233,1.4393670078311018,102.89964377516702,-11.31425046021594,29.754657309681043,-38.34310149449022,-44.734640859064505,-21.31385509698108,54.60023792822718,-58.53403828928069,-5.338997192115988,7.45324611754618,75.21052577695352,-34.8559153613237,-30.28875943640625,-58.117801056003884,17.493564966355784,75.244342705728,-53.30881632461174,-16.692756120633476,8.02281312860218,-66.60367040347741,-13.354254795014732,61.226453593212604,-32.813099675454616,20.177157366140918,-42.08373026121187,-5.798712871234362,37.735084746992186,-142.0570767284835,-1.4422800104737459,83.93575763739211,86.5774886085812,-96.54537988818838,-76.6932244506298,54.06050288867873,0.9543620344518817,114.64796146768234,8.475408116417475,30.580129556259386,-57.84871723022402,13.281483013850572,22.818269619030495,-37.24547566835742,-64.43341816413887,-43.330658260260996,-5.949203199804973,53.93897215081036,35.40720868455007,119.7104527172938,-123.99784077106014,165.10097068676302,-23.333059837646182,-121.11545600807038,204.21661805029694,-72.13157594356544,61.396694843275505,-77.02467959385865,189.08192326859455,77.30346855504511,137.91296638470573,-215.14833130454866,37.58629881300952,127.93557877147957,-135.6787361500525,-53.591837926175856,180.33794763028735,-135.9534219886555,-114.38190441576447,400.867623589744,-136.76931953354207,-50.54531253319982,-99.35183717337503,-19.257683174053778,24.369554138298252,-43.72349507076109,-1.8427667202633295,-88.48162034430914,-148.69896053102931,-52.60118056443692,48.26069391526442,14.75361797159345,-22.039296277377108,-10.047131644012358,-24.50904081987775,-10.47041982727427,67.63861254536786,-2.2156862988315984,77.4676785409626,-94.0434804002203,-57.472927888827826,22.24226993979754,-1.4023066482145166,39.45641286432725,83.98581809095683,-144.28578441898762,16.09616968269286,-42.986203802094735,-120.10450831157314,-28.339657491134076,-71.49622284200403,21.13747070249955,52.55784113664824,4.024916186587462,-20.857901376035688,-7.798701265770561,-26.139557350827047,-9.098462118101418,64.3249773917514,26.1076526433422,34.02092132119888,26.68256946596519,2.700296428350447,-66.7105899633437,-6.595865693683755,-34.198779381228036,-23.756893397314364,-15.314784321703705,19.144399201104175,-17.187367003012707,9.563968620707808,69.81515601518491,-8.211943538866556,-5.650801954409416,11.719246418149844,27.072143328966284,13.178121275924315,25.819833889952267,-16.683673179644185,18.494029474195624,-4.56988865628402,23.36524707208907,32.757704466250985,-10.817844968697013,6.708312382914496,-23.1087304832895,-15.237558237076614,4.56028415703997,9.486204878105433,-7.293386775854651,-18.296732685071277,-1.2163574678922036,15.473916855310572,4.308736566871256,-18.98914871688724,-19.250248097535707,7.751077294925187,-28.65378249215488,3.378075056959569,-11.884604933041174,-13.477978375073155,-3.49413377835767,44.37572987561956,-18.21237205286757,15.720838940529159,-9.535523320630665,-6.768022932742465,8.339900167693546,9.261736597925166,15.196330363356068,0.29814612048346856,9.046580655276017,5.723955061816017,-25.263634107883057,-8.300038259015036,-9.845237228361299,18.139331851048635,-0.7511604352124484,4.181339625110557,19.90142434735934,-22.610238319112906,-6.08788635129349,0.2636505634621553,2.538449597311036,18.974684393789968,2.434250611565462,3.2864876117209887,8.813554720267494,-2.8941846509695974,-18.235274313100575,11.494217886332171,-3.178604803774282,-18.401459106879134,-14.260491766851,27.843750661906864,-18.355312917714873,-8.218988892234432
318,-32.76394194561121,-7.377293927144794,-45.16666703053108,-97.39285581174587,-56.92212329313864,95.87616688379697,-21.84253037824123,46.911918652640075,-59.77578389245519,-7.9489382228449275,55.47900803214402,39.883010404799904,-14.144477919668313,23.597090604385233,-24.625369328977246,-8.47016209551586,-22.710647784615233,-42.23699285530845,0.44631495655769116,-13.227264755234026,22.740920843151688,-25.18044615134083,31.21416129728153,-10.934551088969544,-33.45981310673635,-8.003171958285,-21.786959021096518,46.58282705355746,-41.00686603464736,-56.17540178389006,-26.987754111298976,4.27251965468723,-3.163360063278513,-7.511485841853298,-0.17470684973988304,-57.005646315370434,2.7518655275113346,7.266882928208409,-8.878313024319784,-8.927032508881648,20.70740101578959,3.8084332430568706,-64.9537271712645,55.56066028398276,50.7863731003674,8.63146160032489,36.66122616302515,-58.427302129440186,-24.154249482309602,-10.863841416281353,-10.676737223346171,-3.3666445924643353,-20.628220153887185,-21.663559503363892,-7.498009238662518,-4.404697263950361,30.88942896630054,-3.9983835487467094,2.5405083267269286,-28.90088489768554,-14.704511141183229,0.1308463432188655,20.37608680808154,8.211415026441852,35.04417378815768,49.373200237194524,-11.513138752999327,7.436949311721281,98.8783702391438,28.14635115726649,-6.594913672668287,53.92019929516313,5.251614302119619,9.526816388609292,12.099472099810704,-21.480722665589948,-49.74777671432733,18.297292885962076,27.585599389137514,26.1587153977038,10.20884541034642,-36.30362224739223,22.37348771483234,16.144127105547692,-21.700822354557157,1.835811489814505,27.325664655279127,-9.98813497631136,41.844486612996796,-12.897558104140636,-0.5292694196912182,-4.703823751418235,5.854154209891058,17.88326407690895,-27.68295745472292,24.717003453428532,4.660974042135155,-35.53060018781827,-18.232065878400956,-40.68662071724461,47.54492851010758,-6.896424600057109,12.729692468106,-31.37755399377629,22.014336891679843,23.5635257868552,13.468556807183985,17.832290108154453,-9.24648283930515,-36.53754591102129,19.13610976471123,20.842806458038712,36.08411555282621,13.834133293735368,-12.177740316897943,7.918986640254838,-5.741808420544004,12.143390051597985,-21.641596368972394,1.4378846490496873,-3.6154203486003795,-17.545517799627692,-22.595453590352957,-32.72777724150576,38.060691467089335,-6.01760866469464,20.241140454525425,-20.721097762265142,-69.8099999206168,-5.955843481893537,39.655332814890066,24.776946583548895,-21.70768911331979,-1.0223122767741648,29.16332554364473,-17.143267365262105,24.673905935006985,9.507397301605515,-16.412296750751015,9.60422386894922,34.42308489988546,13.134490149367306,-11.740123111649917,-3.595117890324726,-1.7640071079173782,5.807911045902909,45.21036178256452,-31.999355897564172,21.337819344731756,14.968592265135875,-8.941712942028143,8.47924346856932,-8.548625013878892,-44.08114481055405,52.47929929134858,22.52120101167248,18.46930451944005,-32.76739677557652,-12.055415130159327,47.802632180705814,9.704127943451157,-3.3151024483480485,37.993935369659035,-18.798168800845975,35.54742415083624,2.0975146524063395,10.049802838907816,46.19020953209636,-1.5910741118112885,22.944681959535615,-16.574579402846066,16.90572050383702,5.374402515705931,4.8618270421207965,-7.329409022294352,0.20048705753607965,22.880193700071022,8.515366929458274,-13.485811174364047,16.453744464248082,-43.754423363094766,5.188347881170115,43.15565433970081,-40.46937823531829,6.617338806649154,60.113835134255304,-41.28820544733714,52.96442409265945,13.81193992056871,-1.5815945601779455,-25.6000743380191,-48.374334887343736,7.887886990030008,8.42909082927832,-30.989028868320144,-10.753842007224609,-7.64613986932525,-48.39594448261531
319,-52.52914044216105,31.587117033336295,-44.64639044585896,-39.77367654432717,-5.785760420469686,56.51830690013858,86.51070681774456,-36.59890194568973,-3.10904780711074,-16.220146887897318,42.09153682216351,-0.3714135234344722,46.41119047922987,34.62302917842907,9.954572695641282,35.00854729842418,4.7357248675942225,31.308944143743293,64.312303258137,37.01195134097357,9.76306471153326,38.92980646072352,-1.4068955958605769,-10.102715576885299,16.565179150989657,38.78727268356998,-0.7704364526367229,17.023175992491826,40.762845311515,-40.771001192101785,-8.704319075759223,-14.656413983940753,-27.466141876440112,-19.681158898111388,-7.579688592414414,-0.5148464306596773,46.66525576669005,-26.13908357158412,-9.22705631068683,31.75266178709677,-14.116413498596485,-17.13236331877907,45.293624789054725,-3.8665197851208424,-22.442886908745127,-12.253477278233776,-18.012571904150334,43.04893645321955,46.83398815136666,-40.536186100035756,-7.014128433346457,42.23957551212692,-8.275533092876337,36.20939063997862,-21.133677056691443,21.05276565615408,36.35599937001271,-24.020402266304178,21.119063391353762,-26.18589065809107,40.26404671417307,16.795577677398846,-24.783108590593443,-8.039345431311732,-8.287671807751712,10.255192298648318,33.92915003966524,39.2987943928346,19.941134732948644,32.10591362847005,-21.954736526636154,48.32247404294539,-36.42125758412114,4.607379688808091,-3.802474627957351,66.44779004519307,45.46613353408515,-5.7620039299019865,-22.174231179669054,0.2579799390757802,-3.238904902288667,-10.914704331596825,15.042001654172623,-15.893617533290067,-20.868244516265598,-6.011506590514684,20.487572199067337,45.18613429164688,-52.52549021596651,11.759657355912228,-33.65900811530547,39.99336371466564,17.4108167016774,-50.09510283089746,-34.94456876012768,-19.635433341856064,-15.014937351514671,18.20030080537165,-39.757759570725945,2.7774720902014454,-0.47209111352014177,25.577201702978382,-35.923438031944805,-68.40844302173839,-32.4817459548642,-32.67731463917819,70.46118048429116,-13.820633366682479,-2.897440706765679,-10.588291135282503,-16.424017838899495,-32.72273149030874,8.663921859979933,-10.22361240340189,-12.1468881726721,-10.555307711004792,7.791700710150977,27.056570329875157,-38.77311460224696,5.777503875967228,39.27287465650027,-32.414091513961864,-30.11531097683873,8.104352864489732,27.819645345172393,-19.518144803981784,7.596690786397458,20.43602518681569,-6.356099094403206,16.508300712676323,5.890782124891212,25.768620763529167,-41.461569694628125,4.3388595360439215,9.739414155792591,-40.417384352281054,-48.76788615492927,-3.518038092297986,-38.877402567527355,-42.01072505541039,4.150756233685322,-38.81853162515652,-2.221010519304154,-47.55396462860877,-28.7971371645286,-37.66895037925676,30.799991915899415,-2.0931863810657347,8.365464304929922,38.884080342763546,38.00215922797397,8.879637872387713,40.45541915783962,-15.768190855948227,-74.91170186256124,38.00360599236646,40.2917499974747,-2.3355623628449957,-48.01611017394758,55.69268857564575,25.38785525041273,8.91628410489042,-18.31185488146736,-6.884852893054512,44.119015213668895,1.1468364547050747,-3.669633796218694,15.386010181636975,27.71775218156113,11.79423894887884,-42.96637389908274,-43.98500134968448,-5.810936524158053,-0.3982562194084474,68.84774512076883,14.313491863274526,10.58890455722592,-30.41434521275674,23.530465174299454,-26.83314328337526,-16.901421795201298,-2.2358968506586483,19.11675723215274,-50.822587544472434,-14.329081310431341,-11.050479185338105,-13.617637596722075,-8.456076295158159,28.11677745535145,40.56155354254725,6.091974044582371,14.477437059136577,50.01323531436593,-37.57322644169361,25.305750013729895,6.009890981382265,-30.66519258035245,-16.94676844898782
320,-59.46145627831035,56.96805987364115,-29.84788853555793,-6.164642487493843,16.436497721604542,45.859035321486324,49.25879990349968,5.435568137766689,-15.466026815286066,-32.26423062633655,53.04311512509689,71.52893973353393,6.0091455118461266,-19.403545793128664,-12.571960627799013,-11.574003628620165,30.128510321473524,19.88242205453166,46.30835304064543,8.89421745911477,-3.608018989015738,3.1572714185440662,3.088651472677027,13.052800880890668,-3.6090916651304834,5.043440082768079,35.94645650134004,-23.288267937304745,-20.92653212933631,9.709972588790837,14.354355468705378,-24.560437271754793,-18.756119001077344,-32.3553358257742,-8.764077557324038,24.999038779127076,-9.451116987624854,-2.721600874426148,3.893859832978968,27.28172203732158,7.0519934715666155,-21.772228415856894,12.166618144051093,-4.825378697538911,12.998745316313281,-28.96463707985128,-38.31881816966311,21.209033105041975,32.686721489468994,5.274241667972128,18.76824785459558,2.0239745153037054,48.600352443624395,-6.792266402058623,-42.41576348316641,3.9070602390631617,7.180374824254233,-12.856954926002032,6.411561540296105,4.604782881421387,-3.2865358932950013,-10.20761758639302,-10.723551043728756,14.248014873137961,-28.78031669412498,11.06622878052573,9.986964012239472,8.558671644127735,-15.670140618471446,30.4791597720459,-5.579266753506715,46.15299740859105,10.389763052495907,14.335779065118674,11.195590990908478,1.8530060077146995,24.30063714274854,-29.845207365144244,13.765603251995058,-8.53265014633401,21.228328141929016,-13.872529761706373,-3.9453799568053025,36.580865693801556,-44.86023701181698,36.72534548923401,-3.087807052225897,-1.2463419838476613,-10.868530608856366,-1.512331418875608,-1.4567773911209758,12.804287093757056,0.0709334097180302,-52.78028674574831,-39.40711138748798,-10.67671792504846,-23.125023957754465,45.48957035896487,-9.990715476391822,-29.547223194987723,-12.089321060428185,11.3202161017567,-37.09205097669624,-13.837453474322162,18.66369379479255,-49.91278023591233,0.6335999128913871,-21.604615715424824,9.40577596844289,11.137938875568011,-33.19530918869545,-7.889532929178743,-11.944688584453209,30.63708924488495,-17.070378756604583,-32.10995777137338,-22.149397039408726,22.380050183418515,9.794439215735915,-28.77666017559395,20.323138381401336,-10.896957407365015,14.225482980984362,22.94347879932741,-10.940216642285908,-15.16934831348739,-10.415348942631761,-1.5316018101386655,37.29150257813968,-2.745473805115394,7.187694566550488,12.72298433870459,-20.367579712522744,-7.090323509718592,4.11839782700979,-51.746590813554796,-19.37856178917394,-39.888076574239825,-5.554428017565669,2.8802832573617523,11.770699743095152,-29.28365380542722,7.827269936294216,17.796731227666832,-30.061364456444057,18.14490125264297,-32.289766346209696,6.8075050376402295,3.5834868827586464,18.156822148612942,38.662127247796505,11.736349841797448,13.932946476812281,-29.2872836988326,-27.840155793206662,13.12328455837017,4.054742414123931,15.226343725163309,10.362452672951369,-2.787265564516855,44.10146949123351,-5.598523031506114,-26.230982190501233,-40.160815381543266,17.747629194657247,-12.784220104546717,-18.21165761787119,4.4157666955722465,-15.098349916755216,-29.891738637369546,-41.88040582589648,-20.858710488232738,52.31405735565243,-36.34738571395972,19.7411087757255,-37.30108298566888,-11.488850003334237,-5.328120521436943,0.3356715887367243,-11.680679822541673,-36.12476288051985,-24.138164547519196,-28.847914107573295,-13.58390671611475,-20.447296905728752,9.911326508924667,12.12236536891186,-20.73661201835533,35.630782409693765,1.9105654812002388,-44.05946400981037,-19.28398735701102,-29.026475351871568,9.898742926700535,33.977250266377425,8.57686088907451,-17.400154050828124,-23.00309504492348
321,-13.124127612962386,-49.68516459568343,-74.78923379014822,-134.71988673232386,-71.24207230686747,94.11855617263781,36.96749157134555,-39.53337069530912,-26.174493007820452,-14.00310660714366,73.7189972039801,-16.658372374261496,18.93892975271522,28.363569794422574,-58.68914920697051,9.501337624567414,-2.721005284058015,-49.29928760315034,-5.541852696597006,14.284137344272322,-92.02591784867958,-2.742497435881272,16.861962218537272,12.91825754581097,-27.86577029411687,-20.749115630409023,-3.5556464587666436,47.08072754609319,37.24080047939307,-29.464855563734915,-29.962124472358507,24.14684983590147,48.375997354958855,-10.778239720728044,12.274208023327533,10.986648467647681,67.01651937664995,22.049580876430884,-17.041728353224435,7.475324285017276,33.370746165445375,5.464787368164476,-41.13286191717306,-17.181832034293627,-24.151583914647897,-12.55065646536712,45.011754051339004,12.128984152218525,-56.68897040046596,-70.25606701993267,63.095228042225465,-10.105160300390972,3.614992199624379,16.39443145377917,-8.68061680855146,-9.478111621254392,-5.86267108907116,-28.87855979733966,-47.79985314313479,2.8316639052756076,-4.9554712799032705,-32.995438690422986,3.486879223027241,-22.307587856341843,30.97679087599989,-65.55100135882874,16.745048716789725,-53.719694109559946,-20.995979375855054,-62.04934200624095,12.030365312544877,10.335121393421131,21.644646409419153,14.81938863895866,-11.737518324542414,-9.110929780335988,-70.28427156463422,-31.662987269949824,-11.20351742748193,-34.65304068991772,33.13386474607129,6.864316582473836,10.646805459901215,26.054982557319825,74.87710277416255,-16.772383719535437,-30.67089919491434,-14.56681328917427,-69.77996124492704,3.2650446743817905,-81.07537213586232,0.29389370062556536,39.52506381459376,-10.65276959976453,2.725307379404769,23.93888605729499,23.670830371142628,20.07460338387611,39.7282214176699,-80.1861148247222,11.03223712211803,3.5927545302198505,13.637917459818588,25.673979511535926,-11.23914716367086,56.019205308891856,33.98496922543191,-19.343894700849244,-3.332144086245584,40.66311286506982,6.716267980495699,15.639136480948526,25.234154600284185,-27.637011798847848,-49.07917282326568,20.529527977533622,-3.906293139574743,21.888096422203603,44.669123064921806,5.529012333151318,68.58397671025124,-7.601060060917515,13.024574178480268,9.630621136315131,-36.034184951824834,40.31190842615585,24.609982892013356,-6.859187884584345,65.49777961504348,58.21675313457211,48.88371967029891,-26.635738761917498,23.8351355343207,-40.1135879248479,12.12273613384353,-87.1538311156297,8.574382732264164,6.195086145327641,14.929755907675402,56.753994614343824,-22.252099898381882,-15.43283421481253,23.07882818865383,-4.782642209990283,-62.812880381695756,45.57882804887129,-21.24763115575858,15.802875272263773,-54.42672533354172,-22.700963288877475,-59.87776666012122,33.488831579524536,-52.19547246316012,-75.88077524910085,-24.554335875104744,98.74145315652127,-112.9645528385832,49.04624425854405,48.467192519197866,55.08394048805227,-80.070929662651,9.571120448352964,-92.95592757510964,20.721071519431447,54.03095409783169,-4.677223432021993,3.0101480150691,43.79303201182031,-20.6712635033054,26.94287594199425,31.668458112156618,-27.22973381863255,3.4406990279131704,-0.2742372457474374,-57.99711184076961,-10.523419040000348,-61.94365822479773,23.668235951088132,42.6004309142657,4.889448227368099,0.9494753737587842,24.704664826843377,38.7781591899395,-70.37959097555834,-20.076724787301497,50.50613162316699,-43.24008341294327,-15.773211212129414,-17.213057035863134,-84.5141621621628,-47.063701184952876,-56.583677412773525,46.06284961217055,-51.45094623824755,36.97679535522898,37.6760486575164,32.282208982009514,8.174489657585468
322,-29.317331396712852,-9.853953695864442,-47.72212852777158,-67.68938495814993,-26.30242447977838,70.3009933820349,35.7364055264156,-16.954763743690226,-17.695884869339316,-46.622359437403794,67.76855003618114,84.12041820251204,23.288426506806537,-5.974379200002229,-14.658071766404827,-23.832281380154146,17.08491977052209,-66.59836076163376,7.0693400567141484,-28.06262603784441,-53.55595224298034,-46.917131617838386,-15.274996114225937,39.60827030282975,-13.648874563644217,-27.143461313961478,8.62894757415575,-35.137414840578074,-34.20095633347664,60.82370089762511,41.68479696691376,-46.40676922366004,-29.297128948350295,-1.2407762469444192,1.5565846134346253,-7.623539746053011,-1.520553908657391,-17.179482568561195,-18.9552670099665,5.7215810814068,7.969724214846542,-11.202693260465777,-9.840206757252487,-10.165119523511088,10.359956815243732,7.910570747816315,-11.113178781676282,-85.53604360731076,48.886152475519886,1.64896453972663,9.379216486449616,29.751688416040317,-61.5904241554991,-3.4739428732626214,-17.985700193669846,7.0163443233364,14.162993347429413,-22.726206452142126,-14.206910210188935,8.783624422764037,20.601129921711745,10.039670650287228,33.16711454890842,-13.19517444220095,30.35875615371227,17.03679209059194,44.36957755032585,-106.3782399885079,10.027843064138777,77.6118550183942,-45.760465688893945,13.24477235695809,-11.260644159338701,-31.676149121150132,-5.779868718583616,-0.5919036725042621,-10.127781416453482,34.47862300954556,-12.403808700217812,31.758626106534315,-26.14283462653677,12.277107562801223,-31.060450467532892,-27.33459694407057,-41.10730990881105,30.688782099179555,45.74194177844884,23.293192640852983,100.18476465974145,-11.531577126866281,-16.860094816867978,10.128131106248773,-26.81498131707626,-4.092031183978144,-74.01560956117376,9.412489245093521,11.096442033160894,6.375732799025962,23.73715666577807,-82.15692031332544,-14.969872052548727,64.55071495048259,55.09395169094419,9.25432930231593,35.78987735500986,23.51239920950884,-50.88396716197627,-26.66203370324807,-95.26509959288124,-38.70278353254402,-54.19947409247625,-2.9539116450020675,-2.8761127822993635,17.373058773917133,31.769015629791497,11.917918381736207,15.55348595311331,25.198933213925606,-5.824105060963115,-48.599200629689165,90.53513137800415,-88.47513245069156,-35.60027662885558,-2.0948003973833034,-0.8932510821289448,54.47055685572386,32.48447927802919,-8.477850965617042,22.143850238554034,32.68868760581944,-19.261719177295227,-14.952710483180127,-67.62313914032352,20.3697955012173,-13.635212056765896,29.107216524399494,-23.72173698725018,23.391045453221697,-5.479172253052688,8.650969445587403,11.029664994376313,-12.596902032375672,68.66457849136249,8.153742049268079,42.35513920108115,-57.38225105943752,-14.137854691945968,-3.84659398064417,-25.241769236021053,-27.978730607413265,-19.52535349959484,-15.331654942170028,10.986788210055739,23.87688755294638,-52.43658034291491,-81.20683528465615,-100.85938371087802,27.662104233501307,-31.302986259840925,51.30658986166164,58.24878529854481,-40.58825603906128,36.85783339481026,-29.474397763197135,3.5408245804859453,27.97552525353303,-48.69103341486031,-39.12208693898632,38.56987654586053,-61.97924521047098,-48.81697425625542,36.045937468610425,29.597559581953075,-48.94595413818684,-36.77990041985026,28.617635260164793,-61.60166081407932,19.850107528669536,49.45338854422562,83.767386986376,-6.236061872021076,57.73429385914515,-43.85540575218861,44.862639447545924,-20.026700313946446,-40.63447878572613,-72.94539934728891,5.232224397711535,-7.456307615799853,-37.00181016150081,-34.63804517141543,7.447924922342202,52.35677732465572,-0.3097527079811718,-66.00033829649699,-49.20515993580626,-51.78126662970597,81.27927656524339
323,-12.967748934219427,-38.849394878142704,-65.39620460899863,-131.70765643279626,-65.08160901754358,115.02523426001338,43.97693012163786,-33.88085286849948,-40.918134147509925,-39.77091795664309,87.64023568420757,37.73478231333655,51.63724462644313,-4.028806100427328,-21.618944530395087,1.0557079812714698,4.599420859524436,-47.79279815020241,6.4203741538561,-20.109981070790994,-28.2255232557587,-31.756647725069964,-15.430905932688013,11.088437557062031,-9.370890548723715,-22.5204184081172,-33.82571881453886,-8.728616586104105,-38.74998503435957,-13.921924980877966,-22.620514637188705,9.780217259139974,-2.2292330852456734,-21.15867696932584,-0.6519795506717424,-19.522333970536515,60.88083989788473,17.1631132546248,-2.540175883800076,20.010429626503207,17.025475697860948,-9.181779883466984,-45.43507576136334,39.76590723733967,2.4127811925683442,-4.626625605121812,48.7085781571639,-19.939025395394296,-46.87680209364644,-31.928114761602334,8.527565255674062,-15.005778206123797,-3.2334166011293446,16.496103308972376,0.7794048830483633,-0.6025997479926003,26.069755264571413,1.5964070604762008,-14.839764011633552,10.646795193230332,37.74631795935816,-0.2553855750575037,24.244919658663335,-4.619837843004075,27.64739302157146,-7.652632052322804,-26.57051010872323,-57.52297639983894,44.47971642509431,-18.339990648359304,-6.286989798348298,22.946232700117104,37.824829068565585,10.661163590333883,7.737762832418961,18.238164899104248,-2.9880056328659967,-7.432583936194623,-6.956742548946925,-22.39774679306123,14.263945571358008,-21.547055213652964,-10.80830685481294,18.604567784836362,12.963256828544807,-11.323026848357236,-19.218673251390506,-0.12151193420953471,6.244476085016125,7.5798299717557684,3.20903321875966,-23.834709222035592,-23.275891526426538,18.667167893785066,2.6239056894973616,10.10103983244442,49.35862889212387,-7.082474202228946,25.67344950806768,19.57946461013279,14.208749994326144,-5.616916919854895,20.376804728753527,-63.38566392795034,-12.461138712393259,26.13070070956083,-14.683186347597273,-38.76152402832258,-1.84178228666029,10.436132732908767,1.8270751607071596,-4.684544855998625,-13.82710177247881,-8.643757093657765,15.956167433945376,-11.604891568134288,-5.783465633468278,17.01658124731315,14.055132866357237,11.355915284761615,32.697384373526624,-59.618181318255324,-3.3638561474992215,26.86568812619468,12.248656411671424,-1.7473968406859086,-14.24304446042181,-21.418534672777273,-64.98796830176393,40.567515344682235,28.855067460893626,-31.66779774644426,-1.5008162241864171,-0.7228603150315414,-24.289682415466892,38.75672247305608,43.65264078192299,37.462536737543125,-51.823362531714324,-7.305352381174493,-10.803588670429567,23.90117295560423,9.313264995907975,-12.109703143771206,29.935372275993164,-21.640997689589327,1.8501594118298503,15.363203809229194,-31.495385569630248,-3.3892996972746583,-18.164222319886736,32.90482554204129,2.275910060672781,-9.79938966676969,-34.23305884252087,-16.32827529818727,-31.07657547007038,43.946754357667956,-11.133218883273397,-19.457179465859017,-0.4526614154044422,-13.676524939206171,-39.539574976118374,-2.3616535453601175,28.050812110190474,21.02908670861222,-62.601108080934715,30.781386015132462,89.27938067744527,-26.451429999900977,25.787617962841875,-38.16088273695589,56.2648463891783,-22.817298021215294,15.107905916563931,-51.365672130416336,8.772646939352432,-81.74346499869242,21.921226447926628,24.745709286809017,-20.222066409385594,-35.922446405238546,-29.348619555344335,-2.276330028742315,-18.341962583901502,60.76062838129297,0.21206745994285925,-14.231715695770767,86.25701043494048,32.64325301046361,-51.92071372780339,-15.366651514532172,20.600327607565642,26.360874379368074,-10.887971313164886,-1.7449713636032154,-2.676734115877121,11.140943886312796
324,-38.17994605579767,10.502655811144253,-48.89027280821113,-89.94334811325733,-40.74145758127638,107.88530783927547,-4.544914189350517,37.23652924287073,-63.75528574037157,-22.640810548749894,71.16853340265558,66.21338164841056,24.939508044983953,20.224628877436736,-9.235822380280078,-10.906937317897663,-2.793405915508746,-32.917526037327995,23.85373747844781,36.62142569800518,-9.572820257633285,-19.716780049696162,24.187027882277988,29.464373329402033,-17.62303313380107,-27.54216085275543,-20.517162307467306,33.14558206829617,6.540302624454874,-17.17318354173574,-13.297729203787691,-31.56442496986344,16.926002197476112,-21.307969064698355,-29.10995797231368,-7.531069410529272,4.056951247787021,1.335434039690274,-27.419041122151647,-12.27627450520311,-2.635077636397548,-1.5471824430845575,-6.637345896996506,19.66136838972726,-4.9670644932871255,11.56214839207228,24.230388164292055,-40.87366785537372,-19.680065522240575,16.169407313903868,4.314586066127098,24.480864755452952,-16.810252089687385,-14.670814679386556,-19.69793850448455,-20.061224799542646,20.38284524931347,-2.973430041327455,20.609818085273147,-12.633267692857446,-4.72933841506977,-3.7807959731149388,-0.43785744803217475,-10.772311517306791,24.21770610342685,9.737371909927012,-9.507558722164289,16.170000858511276,46.35032497038537,50.51601371545193,7.438132461901348,-13.863938236002866,-8.161824860904375,14.194321621157746,-15.05797533160278,3.6044143372375417,-31.8125085679183,-21.41119396008199,-34.85493863308009,-1.3986092247878115,-18.820196729819997,-7.926918257275585,-4.005748958166279,-17.433781889211076,-24.113635604876336,-3.9848718031890655,-12.440848018232392,-14.598480719434534,-6.16739847165042,16.16846457877249,-19.34257674575491,17.788703774967683,-19.360160730688367,-0.7691189554924058,-23.66066074327592,44.20812025799278,-18.366693364078774,17.32717407906903,17.085639196458356,-38.6448178516978,-33.53064761697375,11.980267465394386,7.583438567819689,6.793379246922496,13.592378723552129,20.424665477596566,8.771175887173912,-6.696409265419128,-16.394538484612145,-31.81698708296097,-16.828191625245438,-17.607232099698386,23.21923298284943,-3.834743170474967,-15.614785357819834,23.59198813663021,-1.3625365036261714,15.423065771914631,0.6948813663530694,-0.9540055221057926,1.5862191472526153,-24.83311060759828,-35.91475385277489,-23.87806675408824,14.594195332494781,-1.5547290635279811,24.531008829529707,10.307522837246227,-44.436759647397025,-18.33981575544011,-13.574743489177404,40.21697529627997,-38.7372893374752,-4.408465686989835,-25.27664852474176,6.644359061968884,-42.04943835224973,12.517387732154607,-10.203717942612915,-7.036900996436204,-4.296578353869,-8.880582764829006,28.53676665152517,-15.07872813422963,-26.336923430451908,-33.22080764687231,6.9498242066784535,-43.492903756512156,4.921051890019323,-0.25983067828453,-24.995714846784423,7.213668728901569,7.5084647129534225,10.905529633755862,-21.087888913165912,11.20487947537774,6.992229834534982,-24.831061990143404,0.0085683917692434,37.94700408135444,31.283722272153028,-1.3992869029978154,-16.004995281926035,13.386413693663675,9.842868554347296,-1.5556142289559385,1.6273529627014738,0.6290006283242953,16.215871492810948,46.88341917369695,1.2960519196302154,-14.648816268479381,-8.785679126628144,-12.703258757270957,33.86574110829934,1.2667861449535718,-26.19740172460166,26.625202862178785,1.7795198562584138,-18.22203057138794,-30.033566254240192,-6.972302278837557,12.646403177095372,-23.748125792046913,-2.922636822320815,-6.7072058321247905,-52.302496113713694,-9.26842406688663,2.5993611116350244,23.974485264828022,-27.890842757550406,8.722443720430823,18.08357393897348,-2.8981998104379643,-7.597563311635601,-7.895930677470229,-12.34676340210761,-14.25685687019907
325,-61.151621387055116,54.63092882049041,-33.914482225211415,-8.54347987830638,11.004244687578357,60.91702843757576,53.79953318582077,-7.313698219644567,-26.006586456400015,-40.56800256820669,64.41055923205235,95.27626523800997,73.74110750994127,-30.160972254779846,-13.145291528431375,-2.2055452916229807,31.83809144197135,3.882692683397344,40.94216143110033,48.70088448607975,-36.750248268221384,4.037282704656441,-26.504550967961592,53.34693674499103,11.461922500840885,-32.08259917174715,4.3945738761783915,-41.90945851595683,35.633976023914876,62.06998201067086,-0.6453264403213136,-15.426096948441915,33.166019603192986,13.932385746941693,-23.589608018267473,13.308148368413852,29.75210413611975,-2.63070542068676,-5.394197161599921,18.840790214506015,-17.817125611794005,19.262830295573263,29.295326790510444,-31.121487489509533,-42.7120136818611,21.172520234576005,-27.178310352761066,-0.4659491270426874,7.7382188122863536,-32.233244094671264,5.873032135447144,9.24616996618928,5.485387046091087,5.4289318789852965,7.309869203297582,20.836773751657965,-23.00168546401019,6.823615409948097,25.363596878447854,17.7263640633942,33.3830131924123,21.18528133585042,-43.42099714723921,-23.60182517777381,-26.85032673494638,25.53998684063637,-3.9952443014061934,-22.555683952657738,-8.482838372904835,16.47386436758258,-18.84120347192675,6.44375199141769,5.658905901036977,7.466951839893346,-15.139874909534612,72.10440109150188,-4.035756988177556,8.533901619049011,-47.32868956124815,10.125541377088464,4.484637482612719,25.377424987872562,3.1080303576614887,1.1936004344738684,36.83865217142082,-18.72552191450123,8.693846709798812,-2.258737151800082,45.687750455621064,-36.67779613370578,-6.585070107717421,28.871933455754753,4.441283585988591,-3.4937622349108066,1.8169087279373544,-43.19214000829483,41.891214185242724,-14.151684047439948,7.985607346574227,19.420747729277043,4.587951039875479,-31.937762589004915,-10.636426514796533,9.324909002186375,34.64723035713927,-8.867736894361235,-34.26873417256263,-40.96496397371596,14.218750296753429,-10.945654731582017,-17.882985521439206,44.97104469029508,1.8150732511570191,-39.097901711668854,21.064137688137,7.710313622902942,-5.580872506269892,26.904332974941596,-22.933743455539414,-3.2467122556534056,-4.393026821635891,-34.309468412552654,31.918655976228486,49.97901445264826,3.4036361662877557,1.9497108745398235,-2.679076134827019,29.119522630969115,11.861664113375557,-20.29050928931083,10.604427013656855,-3.317173509685958,-42.35997455028789,-21.571430486451195,-60.01214385282253,-16.077467112960708,15.402094865489344,6.956487744523851,-11.160538046183094,-14.175459299679943,-14.636680510819607,8.928914698469601,7.381657769853671,34.069271601784855,-12.74690276249907,3.8543927350898626,65.66426563810587,-3.5363975557971266,12.686081696806816,28.596456049498062,-37.34239687734743,-40.95842890947854,-6.856585138500163,-25.99156692642915,-52.58081961735535,2.933914186920834,-33.97704055084066,6.855659864217975,0.6410281132904441,-6.101635195748403,13.403434287895285,46.625054626620134,34.564629765400745,-5.637317300385168,18.575517492785792,15.904341761840133,-17.398247712612385,6.0563142531678285,2.3949448575428587,17.662602306621288,-8.153664649731354,31.993223479024806,15.038344283552444,13.822667143163471,7.579181133586367,-1.9653669425882088,4.1848730099161955,-21.33131486268479,-24.5350984257724,49.13175026150388,4.368953062000062,0.4586146145458072,18.012505553566744,-15.09967383795514,44.93570901800418,-5.889660535125321,-11.114628547577176,-5.384101491199094,13.90229998028698,15.51701566440808,0.03458052409919338,-12.13191381731585,22.188535526447325,32.44601575811357,-43.98537139679584,-42.54070682075453,-26.159871170215876,-4.797014553983702
326,-50.751800841782654,33.098373563754166,-47.92518360186787,-55.772424787758574,-10.614530308224648,92.05637219831145,70.08658875946827,-20.73642494062096,-26.950877470563864,-59.02370876899512,99.86712491402366,103.09112176586372,34.3033250336125,-15.588766041356964,-10.723551173552185,-31.47377399963658,39.364719553558494,-30.838207586132835,62.66934345422995,53.28991164326377,-34.92504012898576,-10.532478206429657,-1.7936377610995766,75.25833527531599,-53.87290941879769,-79.83324455895081,50.80529932306801,-43.09529870776004,18.47461505876453,32.66314937619674,7.180439435772661,-13.732150894170633,-22.584063925145298,2.3772080951833856,-2.5491283124827073,50.45812918758616,10.097805815403875,2.8172581616709507,-6.71069486935248,27.667622052294632,-4.86248760216774,4.843355004528899,13.707759472130192,-32.39899881040611,-53.13242300936255,-2.168275335800117,5.7840348148100125,-5.62982282330052,45.88387437772089,9.92592738644809,41.18368309518036,-18.93134656369282,20.057587055923655,-11.040008136382154,17.58717654753698,-4.592145578368471,-7.447941228206507,-16.44483364653774,-37.76625288468997,5.138769369138792,13.22734773901359,-4.309884120256752,-5.798618821430854,12.704341073545116,11.735882900367349,-34.07819751305035,22.453652091078812,-22.865030222912864,-38.07637685445548,4.706932187011156,8.400781973477315,-14.224006581904495,22.27431774891812,-1.6851872197443023,-14.981602726775655,0.5677172209121651,-23.85499334859734,16.754739666913515,-6.788438284012529,-11.47164455097719,-11.494011568663149,14.006026247375,11.132122076130278,7.300564124059969,14.825858203552862,33.71381456352793,5.030690868645029,16.065755636075906,-9.46012587022692,23.297430854093253,-33.09070170205542,2.409745752786941,-8.79221849834034,2.3322528818712347,-1.3092756961938874,-3.660048806140472,25.79009780130012,7.103348213402217,-20.456499792702747,-22.725595360034823,-21.67702614788251,-22.86957277378969,14.259966701324512,-13.141970801459765,17.2654045583063,5.588283700697452,-18.809843098472875,-31.09278646625312,1.9651687459470009,-35.23886808261693,6.9257332450023465,-7.716652420705152,-10.359662751803658,0.5196996035583701,14.681094328756233,8.395486037533818,8.644310700320844,19.146914570639463,-16.117825420408984,11.04989995991652,-12.504680691736654,-8.42856506356084,-53.86271899161661,26.30118662207873,-0.21493631599687527,1.1695309629804116,15.658769633724416,-9.424405676898754,0.5830276839648225,-6.114774382356299,-41.76607812305992,-16.882616803611768,-22.334279181810654,-14.890043653929043,-31.81522213553512,8.02287008300498,-38.13451716645819,12.708446118232104,-11.92317212860385,-14.521280370473235,17.864875357836,-10.74284439818373,7.717687970655324,-26.116761203387178,-20.620940761379376,-29.02350139290751,-14.801556844065795,-26.912951717755906,-14.736242011835726,-13.448401843382177,-21.652891849114344,20.010135350263834,9.234377901410783,6.706540208170211,-29.668394207096267,-2.3042841547236184,-22.665932337661772,-5.0540691227438685,-26.4180558779722,23.080687432419424,-18.377066120304335,10.550707560930649,-13.10525026268579,19.21525578438098,13.403012013519776,1.5971476305606553,5.049061775598114,-19.67130578966697,8.540552666964834,18.9065748120463,-23.591186333364327,11.022144621196256,6.528597080284416,-1.253802237396884,-12.224276090417005,-18.28261684281222,-2.8686936963378646,-8.813013853635217,2.701001836227616,-20.16076895606519,20.66479693669568,8.838730298165947,-23.228122559100424,-12.966466250809026,12.36049734684546,22.616207794887973,-14.267418740261842,-0.6765020849429576,-19.230932198203803,27.70241767600307,-5.986036717228996,1.5673377532536572,-20.12184390038637,5.0630643317551245,-11.995926194629405,10.817749554874567,3.7870624469742893,21.745958775536305
327,15.516700662424123,-85.206875195045,-67.65463223268094,-130.4707408003752,-98.51358362355283,64.20612114633506,-2.1317846637673306,-66.2682194740571,-28.53083117916398,-27.194452286419846,49.4220068646905,39.18331837887202,78.53961646807912,-14.774373088457038,-71.53719976617475,31.800776685045296,-7.518416437693676,-105.31858523497502,21.502454071131382,7.068341564619334,-114.94901633540586,-0.15607104543968892,31.580187128511124,27.59665644890331,-1.2083595089192167,13.90869107881635,-121.25791437941999,-74.94362291460497,103.59150881398405,182.27272419050792,23.03371181502277,-89.29268484407979,98.68755981874838,37.925923773700845,41.457481519275426,-85.09187978240139,184.89960994710742,83.04867176015127,-102.78827610489296,188.11376766340499,-43.67557671928188,32.29765199251698,44.2063487602813,-114.93022447821338,-44.501682815478425,-42.8235866474847,30.967442674925387,-207.8719605918294,-66.16335145334295,-232.71603381111504,-42.319038896909724,-269.16159815888017,150.2395714695234,-74.72102943950516,255.38424159704078,-266.37469311074756,74.11875612365462,-137.398873758378,-9.07961102432622,63.42825655712708,-24.049029194185362,477.87043184051413,204.30090785003426,155.0441300947072,-15.123338181559875,36.98275460068022,-90.41640698786462,-1.0818282660655885,-2.6284704590295838,0.5579960305712455,-58.70271467244492,-27.896149382000925,-131.2496202671656,-39.409826382331595,-176.49164386734694,-58.71212227445944,29.61201415717229,-75.18587914697558,-18.6173437186744,-24.342962102683227,-16.170733049499912,56.33907152085309,25.94957818309769,-48.567151586765675,-120.84662395343567,0.03557697647874769,-1.5298488733349451,-9.9214505594806,-73.69517620091591,-16.097750576583632,-22.74866235771072,-67.04939860033787,-17.842659398468452,17.98841194766141,-0.23378671790224415,72.63318489821626,-35.77635643850373,-26.7625857750954,44.01938341583303,14.710604299317325,-53.91506933406904,-10.01545903475012,-30.14843323494178,13.10702387361737,-12.801170952443389,-40.13658290327187,4.3948708010839255,10.210119858636169,35.77310377442716,34.48957888424356,-37.75887236851674,-1.6811534874235396,-8.699435476073841,23.310037423579605,10.38855065331901,-8.583671116884755,-22.454077625638064,0.2664575188231274,20.78324561347744,-32.55284967218958,5.424529931714897,14.86772357145717,-11.841320063439891,-9.004220192707345,4.696958009368238,-19.739381342768183,-16.37230792669955,-5.55197734718704,1.3198333808977116,21.29887008687709,15.569681955387702,-14.379532281849068,27.463998126904883,-0.10112604864620911,-5.564658490263047,-23.434133591482464,11.223719088844863,-3.152341361483601,3.0253386386590444,8.523611999076008,-5.947477466358113,-1.8409159958485475,-7.778600543506444,-5.215533007984658,-25.664108211147923,22.47472358640593,-0.700530486098628,-14.989792415313914,16.709694085476052,24.608947544907203,-8.242762961216677,-2.656413489408835,-4.772498901732279,4.727716780507232,17.788901250421524,18.020288364394666,14.638618910648795,-23.94077677276855,-25.40400736571934,-14.89451762010812,12.512129817444478,-9.943932843334315,26.19913059920558,9.372627163000168,4.559276018255903,-15.015233027734457,14.513203440341915,17.431533909049794,-12.74450165972592,3.2194371195970977,-17.24685579059376,-33.58618463746328,-1.0930356445939338,-6.448149729742735,-3.407521967736337,14.492274890726774,1.5899417882084514,-3.1757428410450914,7.2104487628762355,7.3782402004907475,-3.382080401276998,4.392483599364167,4.0085856635988595,19.16097718259674,-4.788688935544545,-0.6673386387773927,11.461582277423515,18.30228690233862,-4.8259346703973,6.98956835567582,3.4029020757710513,10.096330670791293,-5.002238629250078,-8.508009288618524,1.708736552758766,8.264460009098832,-4.635954531970386,14.032005151572257
328,-50.070783238253476,41.56278951632089,-39.14269475501288,-18.041326219790065,-13.687317939525986,64.9252571467288,22.05189161760144,6.690176088292139,-61.05285371965425,-21.256611640258587,51.024451629955884,70.53760642778032,70.24662113177945,-28.39794749102683,-25.97346231871656,-5.254583373434365,18.608299001755437,-7.196595976242654,32.23425440491016,11.536046606515434,1.7956806958460234,-11.88679209530564,19.616832085002496,21.281039125035647,-1.5661912044050286,-13.162801182107371,-7.642544607470371,1.1556139921051847,-4.998857952978576,32.519854865884874,9.265388918163948,-18.541653495374934,11.967867328041157,-10.803245458236333,13.804223170429088,-26.334113036322282,27.58731275792073,11.769595321148708,-17.61877814096932,2.91827523830999,-10.199890986559852,21.74130041392612,6.1279815865530285,8.573844891994069,15.80044669739777,2.353957256173533,-34.02589780238083,-3.5089246051698586,8.59546071257955,-45.69564842335975,-2.3796696048881887,-12.469761570473933,17.811173301674515,21.836801644379943,5.554998111595044,30.939259474958032,37.368755667013964,22.763615219583073,43.44791998358281,27.004596270280224,18.9879309371941,20.804670594881692,1.8075875804161998,-5.830456629077972,30.606818401973964,43.7858439090981,14.278068216767405,37.2996092361205,-2.069222517113661,7.689465507900313,-7.718481641716845,35.837261206389314,-26.916118493960823,-24.225320694082132,109.99412101984586,-5.042064858545214,1.6307190656073118,20.038929062114914,2.6872557752118627,66.81318491482604,-5.466275850860153,9.598371423544638,5.966837629410903,-14.772864969084827,19.915368402838574,-29.76748683797643,62.084430519389436,-5.253131262551141,-40.82718122800726,-31.966941271999545,2.4049241956316374,4.984863150816375,45.33663847127306,-24.767624282028013,-10.456077790650545,-15.839658781513496,-26.849374868032555,-4.68782779541548,2.026821033413231,-32.522878727521636,2.15847408853313,21.19118986344195,5.975472999608354,-32.2492620830631,14.378531975619227,-11.27550513173853,39.20524940526048,23.95630889581454,20.732061242906063,17.803618810013013,1.9848127737165602,12.729971698500897,-40.91261395802352,24.826784658070338,-12.489208342785073,-71.6351033288356,2.1686973646268273,12.851843883753327,18.621666410870052,-2.8135180321792297,34.960105888095214,23.34295232661273,0.9049318717782688,-1.203232706712827,-2.936352577368388,41.09012729447917,-0.21784541840410038,-9.685262722526293,5.242255810721252,1.819609134772545,-1.250160919652324,8.224780869491397,-66.35247157939067,36.21912925970938,40.96994753162416,5.058542093003997,12.44703865532628,60.713066609742874,-11.600190894103868,-10.061691658237052,-45.725212842030935,42.461397056834606,4.6040605592451795,-8.93683761871194,7.871862798166452,25.927729449382042,27.537956561141574,49.423735654440435,17.211131212356353,21.994903911527363,21.105696334300536,8.645093859971823,35.145392118555975,-21.34600009458696,45.47360222736462,15.467997280422102,1.5318641124919141,36.186468407199065,-30.94488708848913,39.158297228836396,33.6073826102694,16.36272897515524,36.176260885404076,15.936434978714127,0.9935567162949952,27.69128617007593,-15.086880756567174,8.989000553370083,-24.990295846944356,-58.19805336157029,26.845620460631718,25.48542100255912,10.453226059440595,4.612931719178034,30.616936773681786,26.841846434844552,-44.19212494593102,-10.034763121231851,1.6347334377824507,25.895056675297173,-23.14308774994291,-16.70486622011998,59.08597644912691,28.06070849054365,33.83504432655667,-17.383336395451757,13.927383187623464,-22.98420988383795,25.882981679090065,30.385020379569387,23.30637806023571,8.92441345994078,12.627315639498786,31.664627349372683,46.23905139399547,-10.698492596843186,-20.216723590721443,-10.461247160740035
329,-64.38341687706915,79.92151108189621,-2.210999059556535,68.82938542970766,38.79612092437818,-9.50730430736452,12.368963848237895,17.14531454033539,-11.779721142250285,1.6552174825398716,-6.5171451282822535,29.057093496410264,-13.766227858013139,-69.63286986481955,7.129033848460697,-5.501309413071592,-0.6228418376957952,44.231202785038874,3.4921509028860025,-34.89319762497396,39.576749089800856,-3.6730857591782984,-6.147791412287243,-58.30669562873899,-10.389891136954017,13.710849631891621,-3.6216424199375528,4.696470617122951,-24.251698044177022,-51.75380300907063,-9.723071461032845,49.393276919765526,-11.281475234687495,-26.607781779394706,-1.198838964249466,-16.493004511337855,13.826176915508471,10.674224417249038,22.574005842057456,20.12799322241119,22.82014767301851,-4.148623802223034,-15.427080410323091,-5.884147042659947,8.218394995826609,-26.410146087438388,-8.611801368204553,26.340767176399186,-14.428557461677718,-18.708820681312627,16.070713509800015,-20.87102581921181,25.097744270147754,-11.96151897589577,-11.819151052200707,-14.317525421924673,-19.011542905095023,-19.809494880706918,-22.797215477124595,8.96699790283113,9.289221938998907,-2.7626937133426264,2.2938555423436444,-1.972828711168761,-6.842150436344679,3.342781994077562,-37.28516941408192,7.351691791745979,2.58573142630617,9.987868335257735,4.59308749578395,21.89432446993449,1.4724297728872628,24.815540066638693,14.054253119288202,22.39575976676408,-24.82363513131318,-16.554246512998933,-31.648620827610632,-2.3076488419942067,7.433881951106259,12.012179381019678,2.6379549646530243,-0.21295923709791745,4.012872125913642,-1.4367671087721756,-5.389500157350198,14.236191774729026,-2.247649545844556,-5.376492002325145,-17.98418964148203,2.090909860363644,-9.410344398770507,-10.741950288880242,23.340057626431367,13.509818591210593,9.43079937836065,-10.938497914283568,1.4595242972675384,-25.571240274192043,27.180690668882654,-3.8967483510961363,-22.743865996696055,-6.244534082799313,-17.856492756677003,-34.28805231241732,30.41501109289293,-6.7872366694899595,33.82376141912867,-0.34573575789665134,-18.090358358178207,-20.368663664244604,-18.9773388811581,29.6165006521999,-8.498001189340945,-9.234968901806068,-23.311964906851145,-12.942900691183866,2.4344466101513964,18.779373564729802,26.618573890891785,-5.6672161178062,-9.015344558052284,7.657464412568587,-1.8347991946567268,25.916797634053502,1.8151343173476677,-20.388820137934584,-7.479302724663763,29.277618341583008,-7.6970492912592325,-8.595925510954066,-19.05111557726197,-13.126347410978868,8.691278908555017,-24.22326197019785,-3.5277568452878096,23.90671413368101,3.087981466062328,-10.810167535379142,-9.660516465988328,-1.016197799614669,-10.109027654677867,-15.732817290460689,1.5462470222482856,2.5698782747571283,29.980088540617636,-15.154989191506974,11.976460020201015,23.90519970024635,-17.42446243536629,-13.933584464910306,-5.871257138099701,-25.387606819912236,-9.28712719510444,-6.942559945927552,7.796887241331891,4.739030831454604,-4.958949194017143,2.109000849664359,4.382845788190501,23.398551361256352,12.280214659830744,-17.3704889178988,9.245206110761796,11.595196874477548,-24.310110621119076,-30.081648289312387,-22.41107929375646,-11.70679603801816,2.552072404863892,8.436249826778528,29.41960569564752,-16.730198574451844,-6.271944990205554,-17.600458494709812,-25.07007658681289,-0.7132014140906541,8.799496915141713,-10.242801465789787,-3.680136300440434,0.33884000538640974,11.524710596719235,8.094148399991353,30.709865938898155,-10.012549609672362,-15.616716536737375,3.731717987719668,10.711834796381844,5.583302757601111,0.09495984314711958,13.83819921554748,8.444732944327168,1.7309072938686345,-3.607152099058617,-27.959085553763355,-14.311996851255712,-1.5513724860109959
330,15.63493636197561,-80.41068311198082,-68.1553882494666,-142.67053147772856,-54.361067760799365,77.06687542153001,73.99968371013259,-72.41726850293917,-7.962324802497454,-7.244152148102723,42.09866645902935,-13.320914762932777,3.5808428666622554,-43.43085337783252,-17.588883678499055,19.194572448575784,-13.16338400152813,-23.92346925642454,-20.636150457180918,-45.824907753468,-20.617253718325596,-13.75096609715324,5.806823692607946,-65.82804267478933,2.422403053467227,26.061470822118707,-63.00955054184719,-22.55958551701294,-19.296505842413943,-32.13423036760306,-38.702792532767326,34.65110077425941,4.509208373449048,13.779261357725913,2.4778519673321475,-11.15338564261154,63.19918452663597,66.03006021300664,29.268224013346593,-7.699139625254253,47.57577426230718,55.01425845486087,-43.14060499662812,11.054158030301847,23.607141528620797,-2.178026601889362,17.609603885241835,-14.291310456451273,-2.1303571178211556,2.4519967113534595,11.898589147083495,26.23039794563191,-9.9440930431121,19.54457871881235,-13.439024540599176,20.039715326745426,-24.765275401774645,-16.07774856985936,24.654554415442487,11.296543249576828,-7.1972779300675604,32.149482650784755,-15.163492249928444,-40.937182866679535,43.54014963087422,37.971367139435024,31.714803578097087,51.081661172806065,42.60578701836668,31.509342659095168,-24.529800797126043,0.012623883353667376,-8.673573852427527,-2.165998834413428,-15.735975696307639,14.499455753614061,30.262064258839064,-11.25300663782812,-33.00600317691701,8.848229353781734,-2.965575711692602,-12.151800244285987,-0.25447823902631234,-14.137494163139966,78.54519062595257,-61.09432305089813,-3.6005834018216536,-24.86262704311947,-36.34133774226551,-1.9425375819968778,-5.936431576852537,35.00941021004546,-8.30308314383263,-18.483249606773235,-2.0042321323008303,-26.652704546926575,-11.44433463128391,-52.49074240433407,33.135334416032435,-11.26327903831641,-26.028993148288354,2.6516205079928827,21.116711491597588,12.923949291027244,35.595071103510556,20.43217578663144,18.116423895906284,-71.79244599404383,25.561793962418328,-31.9330458086004,-22.02965762018313,-37.355501603775956,-21.829910188747004,0.013721878641425544,-20.08118080339811,-1.3429921085751977,-45.57004073872283,10.564534427541707,41.05403933978018,-93.63925930349795,-16.621028275178773,-44.28117590509795,14.345314824778406,50.382003447188644,7.9675972862519,-17.556422920432677,4.410568857671013,42.393151864889965,8.630009221815113,23.12450391369453,-14.771964619195575,-15.389465212428417,8.953862575232048,-0.4534363014264762,-7.510806235342572,20.653523242601555,32.91077173083428,43.85005592130883,-68.01818091019035,-50.04958963104986,-38.09418917303485,-26.398785380164423,-49.40380540863786,8.202623972036154,4.9948261426046585,12.636135163373252,40.43888943378096,-9.29410813017658,0.284485056878661,-39.20666658965904,-41.27893603200152,-25.429933599907912,-36.774909240290846,-52.41071229440903,-90.57564823746955,-25.952922862525003,-25.654216989030967,-0.06780087491460296,26.864849492181907,42.51904520021722,-4.004290904527193,5.222003311038426,-50.46802308181577,-63.097916153182254,73.34717193384158,-19.81630225594055,-20.58218103502018,65.82627458599347,54.54141293411913,39.17326277099414,-7.285413039402556,-3.38574638996677,89.14047720019138,-20.2233226321076,-8.038323811352361,-9.136401604845908,69.54533941495386,-31.55877162569444,-34.333762840327566,59.735890289182386,-18.419194471092478,-55.78740019897619,-53.454112183833985,-11.043174400383533,57.587794613403894,-33.15919427782958,20.497050738810845,-81.74304765807253,-47.510494718715016,-4.115300773619217,-53.30177888938755,61.89859908695197,39.10413436994756,1.2292024862539144,-38.83160737763694,26.576719085489913,-83.40423686048545,10.984119786069815
331,-46.84535662055591,41.104850085294515,-3.304552773552652,83.76177790890192,47.76893337312248,-70.03959914389453,31.647147233004727,-55.20426996866328,21.654021662347645,52.00189207768741,-115.43544178830123,-167.92766874455154,76.62141140906408,56.79586756872346,44.951212091805715,47.44062177741199,-4.8242723780215755,83.71292353652984,-7.850630180808291,17.607313102103987,98.576153162732,-39.85129265756885,-92.71666911598084,62.95144565473203,20.769499999612286,-28.795485936685715,48.59771534405028,-25.369543815675836,-11.382342320804458,78.68029577143943,32.83401675883992,-0.6090191279209999,64.23728889303149,5.449269587093625,-47.32903263848098,8.357767979682379,6.7411791999316115,-37.98316980331691,16.61870686572765,-108.3397268484245,-19.231869888644788,-16.42744524316525,-79.73880007880493,-19.136661849035555,-51.45861508169427,52.81941188115852,24.25373371771091,-25.534340061351685,-27.43874751878537,-75.19107423744602,55.87741803200365,7.165537860894465,21.595371098688425,-63.80558530667133,-35.48309997830593,-0.8047965639060978,95.68328192804746,14.03689793185108,-47.65719388302804,-64.94222742471275,-13.380622291354264,60.7275649987894,-75.04015840766513,7.665291394045221,14.47972653385726,-31.439505778560317,53.82454849378561,-19.798855408748082,59.660638022873314,19.018095559547454,-4.754398525483367,11.958834244477455,-67.50801680709439,-97.87493415761166,51.91221375616783,144.91463134364915,-59.10117321956859,-27.44659354679342,-87.60631671833518,65.39520843893118,32.763951546790835,-52.57353244373245,26.851974908594702,75.8847450935584,-78.81891518663822,48.73407431506651,-147.58948199035748,7.903301312930314,-92.6054017036852,6.952779103727174,84.06701225747234,-55.568845071762745,2.9850029804953833,-51.99844499170595,-46.323987904270844,32.03164438700945,28.440770925775386,82.48366168777952,39.63667757514121,1.5633761492211693,-20.399833627764963,19.31277290668295,-40.91563966634789,-36.83639066842928,200.68357644455946,54.68005882556054,82.15056750689986,-9.301427232746246,42.50050535307304,-71.50410709938828,88.58411199085987,177.40620231037937,-9.958974594748694,203.04423622336714,183.17388900816954,10.811580281356004,33.40407566970281,-93.31055131560566,1.1485719762262412,-39.737804086546355,-70.30658595942715,-31.33510243591998,37.56156283231408,12.878384322183498,-132.09757563159167,39.57944392045129,171.58545817403171,26.281367124376676,-37.32804419366296,98.71749902043813,-112.44759512559611,83.22577522035745,46.72989895132855,-75.139550831844,21.895954333250124,81.41978673326577,28.08209634340246,-6.32960170627743,-5.482161877420653,18.36461442545699,118.87542002993878,14.70986711767429,-107.66125769763573,-43.37945087719469,-83.76547738468575,-95.3305870784238,49.79235096047347,40.89856802167799,-57.197844503660725,3.540724774125042,5.781184522560021,33.70548455585422,-6.4366863853860234,-22.736865822767726,-4.518721503450176,-0.12077887431571233,26.99109671099899,30.05991712486184,10.990537928273444,-16.115904796376043,-48.39041211553796,14.753906592835976,78.75012325892025,-53.394545987765554,-8.193249800916853,-27.39520549894508,12.568474680295314,-45.013348861194224,29.562805992727046,-16.15373795562992,12.374163383448598,-36.295583815692794,17.824014672122217,16.64357945589574,-34.4443004718525,19.478343784621067,6.454301708432808,-27.220196041400985,32.74452805445503,-11.052590006455882,-91.60159957626107,35.589333314889515,-28.36187461614853,16.166171457561322,18.708788829254125,-5.562898453570401,-1.8009982536607525,-19.466786414549944,-14.449241470994332,-19.05343042737066,6.442432327741383,18.604992029144338,32.84785466819314,-11.734516612659633,15.697755593998817,10.752489983635302,11.53857524125424,16.67459631200932
332,3.6613676417407817,-95.13001432708637,-56.06093925969747,-98.81223790584531,-31.37675059131515,-13.591184076840694,114.58202579935723,-139.17054040589147,102.48976475856028,-27.262129359148,-1.6735772523965087,-96.08152196619626,-15.174131190303315,117.40548431328993,13.924703777935658,36.5309374648616,-20.915542310029092,-7.636398576548462,24.756879271214316,29.948176168128764,92.50964828776942,42.51477390928585,-105.60752981796776,-59.628259734298744,160.3509878265036,89.75555835636487,-72.96526137511803,-7.254593033904214,65.13783150543847,31.622365686090234,103.17599869936573,-58.24065801171084,-67.8590380395805,-116.89206597499755,54.56279805711557,28.656826785773056,19.640743854275268,-78.49080893136949,-35.93905461109132,76.39021464866218,-67.13949519285418,-120.35488798596444,33.07022755555823,-7.035608374299077,6.221743214960287,39.02305446576821,16.776251166096575,53.4139806140116,-70.22451037079982,-70.803718029613,3.78430268775178,-69.40128963591462,-121.3825858673154,108.16046438510823,90.70797486911891,-6.382601371150089,-122.1456295609434,128.37168398702195,-21.848342431324827,58.539048904353336,12.745821149747869,-125.5362156670088,85.45370837152826,188.9731890180102,1.849107396142811,-139.46875530813693,33.0167574006872,140.67915246526675,-38.025814834860874,50.05830498090291,-97.20382321357951,55.53780468854319,-18.86613826993584,87.82190208982118,82.9662297470156,-134.9104683425467,-117.25276150846294,-63.40113792376248,-69.7637851726447,36.491094718581465,-6.771548613561828,12.693947090528912,155.32700505232881,17.76734906378152,-3.5534709319304385,-71.16638788249753,233.79137647955088,-14.492171617473716,36.04160490335085,101.2646538330822,285.0432586459875,-34.73269780405717,87.09515352193176,75.66145624409279,-67.5587269226804,13.029205584383089,100.55130676448617,-102.7650950186131,69.14516660060306,15.228632170222557,17.45989334216896,-44.29325852393129,-140.10136495486046,-17.324286824393884,46.59174111681201,32.854973074265374,57.70681968191316,-116.2365106645128,-13.4778899454994,15.024108473581077,18.841949850239523,-15.286843808781018,72.68981777048926,50.004010151033754,-49.225841858364475,21.882039315282448,-11.385855597038505,45.75232618025667,-112.57904859949474,-28.1713161603134,-72.96098951562203,34.8358480878753,-84.12899848984033,7.91942215147741,65.91493747457642,35.275067836261954,-23.285425960347272,25.576565507162975,70.85297057163633,56.18633782387878,-70.08122467778733,15.020868109154863,-11.093266745091132,19.694772772288424,-48.71862370468022,62.38897894468697,0.11940395313946228,59.76180948215886,141.1689201273274,39.29838064245723,64.10928746243,15.103359424559118,-4.936526057941868,16.736776427343425,-29.212550380493962,-20.974843812584083,25.34649767016627,-14.156702169963905,-16.937673835579602,29.942233971315854,-9.292717426001873,-14.701681279995373,-8.284587082326544,2.5280496172698186,23.01294928252442,-16.355977418636982,0.912798102183787,14.563271087572497,-31.651324399915286,9.439411007642034,21.65374027763133,-3.934627037537566,-44.90994726470441,13.920429643500398,22.04169071114436,-28.990489854107626,-38.84452149748613,3.5488087325502273,4.519145069565294,0.3841280820905688,-28.81437319015235,-41.34987060936258,-9.92429865569461,-55.37296888548247,-26.972576666066594,-25.653158547641198,-3.9624386660454896,2.418538034340388,-21.65451856714622,-10.768257278156698,22.826322990550302,-47.096162240074854,4.966691546252436,-11.23790263368059,4.8154581129936656,0.540736533920934,22.61768741825407,0.22851929627896445,-18.52154008043875,-25.5307839363813,9.991507179616006,15.872999972099354,2.6422244352913533,-23.754121995639597,-0.6338641649163582,-29.99695010089335,-12.107585514720009,-24.05493113533905
333,-58.97837992054015,50.11461177613061,-22.291853573600285,6.556007800753615,-6.210120930320521,24.869331943726852,8.84228041183572,12.026760416911362,-43.894961347706314,21.946401699787934,-18.403794855563913,-35.95675546919506,99.82977755620504,38.71932975393376,15.180977863456691,55.68946010416722,9.109944086121036,102.27501211331922,47.15634918431599,3.7919595312642436,3.212545975091047,52.13318182461202,-19.30453763665507,4.043729444448997,52.14634590009878,96.53339844591429,69.6258530062362,-19.715928713298908,-22.55450910561365,27.141716942814963,33.35500513013689,-39.54295498535602,0.549449338968997,-12.84833714430843,-3.999518514347471,21.78816052965917,-23.302838202913232,-27.39357980575151,8.81379563874283,-24.521286529270718,34.41560513598637,-18.346864597773866,14.085878846061126,-12.43569931796253,52.21899122444461,-20.15187227171802,-59.781103519057325,20.660010803972956,20.897656095254593,38.63496036531243,22.40251461505897,-22.116654644443248,-0.23816180587098568,4.101185614434961,-28.810885641739088,1.961274894190013,-2.838055991598641,-5.206001511039956,27.51153844319933,-19.059909801386528,-52.34365418535184,-6.966299260200074,5.107864999780451,-2.3064602591031735,-35.57647225640321,6.5176258258543305,-31.38487963584806,21.430815397261405,0.6508053632053089,12.773924354214753,-31.067653901041123,49.3152480196737,-28.351148976030593,-8.16968539009144,-8.099426325727999,39.84363188694024,19.143581930356266,-42.74370058570167,-26.826792227099375,29.624707895020098,7.16317433030402,-36.219684450673384,44.82528934507973,-7.172668669050145,-2.8962916159347145,26.559581792430464,-35.22825069619055,0.5226166209574349,31.57142186793724,-3.5554021429122598,-1.765851715774019,-2.5025152829530692,39.195884303565144,-5.059930743129012,-55.461790656984974,39.074423050591314,-55.7325812793916,116.78861025903126,1.6046925299579158,-49.76877192239971,-45.24576300153974,-3.968248255035407,-48.97388675153069,28.709146112890515,21.845935320405854,-24.5888233771393,-13.580733886976768,10.147436715512512,-39.9422373397003,-39.85571461207001,2.5118531529131904,26.59372312409582,-12.776418482911781,8.955474961335135,-22.467311279746987,-33.72381766180684,-36.67057497065122,-11.200329734839078,10.478507827254745,-63.80369331539857,10.376275490732544,-58.49576980659332,-2.754919210686282,5.7582291375944585,-20.071254031784285,-18.25459493809048,-26.435902191341352,-0.14662285792622143,-16.584264895828856,-2.6548969260093136,21.15738587347488,24.130381467615095,-4.745222457602177,41.37805281275353,-15.703685315454534,-43.80068409755821,13.164752444567778,-38.529494742850325,12.492837077553945,-7.2221623762861755,-39.50563842451434,-2.7409951085977724,-10.030666517610037,37.22066691024605,-19.96953392415491,36.93988995891322,-7.4795475337565165,10.053809853018233,22.26616967002153,23.57871892457827,-43.582024185917895,47.18257259857288,-1.5816694029174916,-33.81254966561055,-5.154008404655523,-0.46546974908704875,-32.548308064177434,47.45200774088482,-11.264790045402222,-1.5840562811189756,14.717944604077758,18.76462852876551,-27.891446364669232,-28.54717011045917,26.183938585274568,-15.979355446981714,17.445833607039482,-7.12126282980215,-18.2517549591899,68.84046485255415,-47.747973796961304,-82.85736303305431,49.277131272310015,-48.66657119980966,-6.158273142593853,29.08455814474725,-39.796242415945464,-20.35315139628068,61.32435357462952,-29.743816822698246,1.6452848380561598,4.727313101791001,-53.032254025257885,22.90846481544305,-92.00327000149296,11.673059686802734,30.14066734360658,41.72764318022629,-15.313663735424935,-47.55647928276274,1.412238377363424,-1.8480966681256976,-45.30610350885379,24.154660419967815,-6.332083361640602,-9.964008229560335,4.177316368882928,-5.065955350381445
334,-54.710308466864845,69.49041700574963,1.8969360331663594,70.4319893408381,13.397125106942061,-11.070536850984311,-67.12332575356552,54.87284655015064,-62.24539868198504,30.128082856076723,-54.651345475575724,-1.5337604196558159,73.60229931109176,-34.27524819307123,7.65713891515738,4.980895642326889,14.919858211782087,39.11656012966651,-24.880279497902215,-20.41926571479059,44.15802737385144,-7.583440774866278,-16.114403212746286,14.10601798856333,18.554533511280457,2.5124657135028055,14.194887760327807,-31.94873580693639,-7.7859059147424805,41.766045666240096,0.22769121207343396,-14.137636075599,31.240409650398067,21.506648432110335,19.165717339582294,18.011238872076504,-11.669146868989428,-47.08879331957344,22.32233052772182,-33.689190946033115,-8.433665621862248,-12.755563880115853,-10.368091628762988,-9.953916854468815,16.788590562093198,32.855611364304465,-6.478503633881304,-5.425388932869308,-44.27671581810898,-7.205285091827589,8.98708408335263,-43.26926789172861,-8.107106761038315,34.16885851669392,-59.90285550081775,7.660031236682094,-1.712691947006147,7.804843319394959,15.43412313884305,-28.49906416159812,-8.936026235815683,-13.900595539975859,37.26662949508913,4.955388577681717,-25.845618569955544,6.197929194753494,-12.025932804188567,-17.865522639406958,-24.74262254503077,-36.78581026006769,4.145676197273421,-18.665266365833215,-36.849511652564736,-35.92779153606752,-19.04683315176436,19.232695243299716,-5.386259945279147,-18.806662132411084,-24.676158300929412,33.55980271498623,27.320630116662574,-9.54812026113239,22.581831919670634,-16.868857950863642,5.74096272239821,7.344459049667494,-28.04142824457033,-16.99012359915608,18.520689262160015,3.428739744524255,9.341355125878124,-20.46040949623646,-16.806655380315064,18.93326142968715,-35.80507694548317,-3.228926935132894,-25.13165081606499,43.78592817793998,-5.326178903235202,0.0848277589288704,20.146834753632447,-9.04984702380864,-2.15808504509695,4.835335849680062,-9.713791269542083,30.31626319155257,3.1877462014869185,3.0748199070425013,-3.945930903129564,-14.000029286824331,-13.167021327846742,1.9600837545916265,-15.660371285436428,24.87966465104989,-9.242002766700898,-13.122046710959632,-10.575592347568,-3.7583456532310473,1.4887558956091231,-12.01917388539784,-7.080572312697975,-16.92761639735577,9.341378190929342,3.134016715118324,2.580637777602109,-26.836337910920136,3.504192765967212,-24.809297958761615,7.544699055349743,-13.787797582195756,24.7998476283802,12.843018202445666,32.07191208249735,24.980048789909272,1.9945065567382905,16.4217720787576,7.574012024251396,11.585217167590358,18.050001343595035,-6.798217195506257,-2.9074355754721797,-12.517395994049972,-15.314360298361342,8.63472580853758,1.6023413398781297,17.12198582097352,-9.442572681874738,-4.818928973933012,-8.904191010663595,-11.763329963059284,-1.212088896313258,-0.7674987342373139,20.604452469824864,-12.79476696073043,12.349058747403902,-36.251798851601826,10.454741848869666,19.492950593050907,20.83639984564506,3.584185310578655,13.654360367942138,-7.1849857858346775,-21.29301873714039,-1.686638527840671,7.248810411071292,-41.1572008541122,-4.741918901808941,10.985815099473102,-34.403727505744094,12.944355171668326,4.911465657108395,-13.990136373486115,3.0564371769353915,8.893074654296568,-21.740412961525962,6.327436623090299,-5.511481784009592,7.185150078459886,7.737784055205487,9.31595945645782,14.060569907851251,-29.54304082943871,-8.8591741623926,-13.29565052884398,9.372820554497858,-4.603144306321339,5.599300432013179,14.24442895378535,-7.389767638903334,14.14905319610566,-5.840525301487207,-28.959020421240645,19.857440312996737,-22.40921151039514,-36.31185550979238,-13.774915516203341,14.599128778145996,-11.166759608418552
335,-40.26081579389236,5.277018757743958,-40.25452980102114,-45.1866564875496,-46.212100348085585,48.94266098293499,-32.7287159295217,17.508805237706056,-78.39678181286301,18.389573118066664,-1.0593792026609612,-34.590481251883,130.57698209790948,53.03065803336605,-14.872669378264632,57.88803062284204,19.696879723147596,43.68858338274951,27.499941262018957,-0.379386785195454,-69.02553069902791,27.413919348820592,-5.973120916660452,44.95176592891519,35.39940564588364,34.481198437167244,65.50656044648315,-36.97269338170293,-16.902052307711788,52.320693956661515,13.874755706040862,-56.14085499157451,11.581802708308048,-21.61413975380217,14.839642243046859,27.450089621164103,-31.463332703297468,-30.64503634081364,6.457274040540411,-10.318960382039206,21.59119645248161,2.2517078722759076,-15.00019814319521,5.129209223700252,56.095678732945224,-14.422129967288276,-30.681226158367863,-1.626709382949483,16.721450675350983,11.26864829484262,22.407037905886906,-21.97141140260082,-35.02634088640405,22.142502233198297,3.091394117214495,13.491917983915268,-6.92237221241924,13.075290853285498,34.37033029276041,-35.47075420957667,-40.944565998810944,-23.34943607698686,-32.12550067802927,-15.556538229148243,-33.10771758504019,-26.590788974145962,-57.20729781834139,-32.89604431286427,-21.624332253159224,-31.54815077767148,-13.58402377628457,11.778012903249957,-61.790022224721625,-28.67128191342575,-35.602683556671394,21.651005232797875,-16.0189109501367,-32.158884436175406,18.42959904320025,13.04517956946433,14.173711886575017,-27.127946241646654,48.72658896977981,4.498364721694059,7.634555260695909,-33.307647379073344,1.8131951493820802,29.604179692821724,47.32295355831003,-33.51613714076358,53.46107460847661,9.195179444756187,-29.754159451568764,22.220805973783996,-11.398639909745208,-26.917490564998882,46.74368239141645,23.567530579356966,15.903700130483687,76.00263689901612,51.114779291561966,-11.521192143517316,17.573990311769688,-17.089297732665724,-9.555739856923543,-45.90965254386882,8.476948883515517,17.74179581800988,-18.77574561008301,-19.018225342516804,-10.06429501480427,49.38299006060443,50.37112649375516,-36.78593174915105,30.746123458533983,-40.84973465090923,-42.73376525398701,66.67351840608704,-6.0712241182139035,12.42171575809488,74.09955221364002,44.79368790319554,48.194268618859994,-11.288198850785438,-35.492887949202284,38.2425853033983,-11.136455509196043,17.965099586701392,6.413283314888662,27.630166409954363,24.338174408717318,-2.758187496944283,8.0014459937562,35.43194271323222,50.0176248637121,-12.5992767718619,95.21137481514418,-33.27266053256498,-7.623748974447351,-50.93473373471123,9.051010789238008,52.062981284017056,-87.29971770384401,47.203366556578565,9.657087195421347,78.9779653062167,-58.570204474460084,7.782320424192257,-53.95398096067247,15.215003886592052,0.05520737974564227,5.114642537736226,19.173105431188134,-51.3263398204835,35.685085317410156,22.814051570250108,26.16467740581452,-3.466966659028273,-17.856315085591298,-85.14454039421804,-110.3278088975319,-16.595972870457533,57.05571289919074,28.126826258321593,-41.96611263931973,-26.166937143874655,-49.05302237563758,55.009980696111555,-12.825228531667557,-36.80829929008035,4.158094455372896,-54.00033385821561,28.70826604189533,34.773210304637146,22.42631630532361,-39.11207483233185,-21.203109997557753,107.88532891756847,-10.958507024021127,32.41732144315237,-38.270610710670546,5.786966873921253,45.64522722810449,1.5869965924703942,72.6964847148907,0.660971651289936,104.80083099634996,-12.511855341611763,42.563128303107156,-93.45071383658373,47.099718710840634,78.34253698482226,-72.86334241524708,92.96739781797473,-33.89426206757742,23.18790458656319,61.12140547577331,-30.43766995987565
336,-61.284971162599525,36.24124130796083,-46.21882757316261,-3.2306483460301,18.55417105185855,17.522694659305955,97.51512376696519,-54.5939291637662,5.552075064550221,3.753041121435813,-11.84348474710877,-83.92847673251491,93.2705337966077,79.72303617198376,-9.741432805635498,72.43199392107861,9.470598727279834,111.04084731839694,64.03545015106701,54.17878454226124,30.474840989721333,46.60174987214419,-58.77849032642872,14.012276651402546,63.719026729262836,84.48657692841665,58.424316016542726,-8.93146678094677,18.93631674421713,24.17707011009138,4.653647708025864,-14.137532149156987,30.580255251055295,10.708284364245925,-25.282247413833478,-4.2589711379142985,24.961129412846443,-29.168243690219484,-8.12491966229725,-44.626421821596885,-44.19499016211919,-7.217185890101249,24.04782814376367,49.989137662763895,6.191746456169733,50.69435813364527,-32.05083973782949,14.963376688087937,-20.47133592064805,-23.33866140770594,-35.23461894208863,-74.65750245044997,-3.194414143408709,38.28534530542539,-11.997060979708124,38.000108750419486,17.842170084979692,21.987802859127843,0.1564655736875138,0.8487984047174468,6.816827688752972,-17.282590864109164,-14.631985889821712,63.936684978113746,-70.70524478215901,113.41215974911671,-18.009181099627035,-22.343997112466457,-54.27332505431622,-17.173128918998454,34.274978652053825,-6.223391860839384,1.39975888913472,28.71276799772543,-8.230732866089733,-28.95813500239787,11.37604184052212,25.072245874963848,13.363097189257077,31.8671998320337,-83.32210105053225,41.07472839213446,-35.31466520592087,46.0107216182082,3.8507886799060786,33.36044178431159,35.472063714652826,-21.85687479371232,-4.184489442049364,12.552572033444747,10.433138486977336,-16.03272542958377,33.911695233073985,79.48549639879478,-6.106897950856556,1.9976663878448824,5.519438646231375,2.855330707220669,-6.028562166336927,31.93776580047593,-22.427733344938986,12.001121419925434,45.16764092025669,-8.92825315392428,29.625859004106783,50.62977452858335,15.123786462231438,-44.481926738183276,19.208072753682117,5.772373793254662,-3.295551273368606,25.332993893248457,35.96281220355135,-27.864290229657627,-8.287529979700402,-32.254274724294845,27.17653053761157,-22.464696117748762,-13.208438992213633,-10.788578877507641,-18.2978824964309,19.504994643715467,39.696082162171585,-10.126733973728806,-6.977766666795387,-33.32156389882885,-15.0060720774012,-79.59128993544073,19.18106987249505,-2.771549121785491,-23.620165258397222,-119.3809035193491,89.20558660595978,-27.34851023873798,14.378903175830196,11.603548177706173,-24.38405208358728,64.7212481777968,-10.747927750292362,44.897429734333734,-27.41181086549698,-12.240797165857307,14.916921371420418,-2.9614881572845104,9.070858083985852,21.886115824209526,-4.346299250221044,7.10129620748439,6.631357979033883,-60.89141096923574,7.036306457400872,-29.690005917557922,61.23346290347524,39.57920108157417,-5.429495949145091,72.4634827212922,57.22796872786692,-33.01046668152886,7.169926907862629,-10.67991627882374,-19.673971904016096,-53.12903848291097,0.894063616764706,-65.7974961509979,-29.648835602358304,7.352722684669232,23.13591742456613,-14.849589978883424,49.21731225853558,-10.28360640671597,-38.262276420031526,66.27885273376623,46.77316552021067,25.11594200232204,69.45351232705343,85.77545180236712,5.3071025485630505,-59.85006863697563,-54.45983413272476,53.93024013960787,63.48102788426264,2.1111106567654687,35.76523288032757,-2.8213292499995863,-4.893233277971944,52.88202274848891,-9.061840016361815,24.940798359739286,62.42376570267776,18.36607467879906,-33.584103213030694,59.890521541786754,31.001781724093455,-89.38731161641326,10.218706058924536,11.137405706836237,-17.876169446345294,30.917840932654162
337,-65.4162515759144,54.80516164470537,-34.37806541649871,-13.19993827153934,5.3967666929126885,58.001666442659214,71.88271014262423,-7.186401157655901,-6.768844306668173,-41.17222358189006,55.422848651371886,69.16132406974,31.430609641911232,12.319825089856915,26.356618413674138,-3.9551154545416707,19.331511427681807,31.910925644943475,64.94545821775627,-0.8469009629145081,9.773548775599632,14.885347771869052,-23.12544628927576,9.50229803358621,26.259558738397107,68.13899170012,67.52089200575983,-38.94232567541667,-10.389184873397218,1.9949659569181981,41.482735103748034,-44.742155498056306,-70.3776783993347,-36.13275907306179,-43.68879356364758,36.743908649922155,-23.486792339049867,-11.013944651456091,7.59337548413238,-10.511293233636845,33.02061343587734,-35.77218678875914,-10.702375762847822,7.982606859625404,30.708082226178032,-20.986529004112896,-18.899792388496138,-7.186933993720342,3.0215375127363497,15.351927942311123,-2.486880196659001,35.10482168556566,31.951404110043594,2.7666131771437064,-20.311653421288778,-10.507129366282937,15.692623213833366,2.880970471131964,14.410324261187336,-15.791549971605999,-51.243958706830306,28.64215666089667,-14.079382291269413,1.2716769018602894,3.7398784283591184,18.542046750223324,-37.76687647167352,-17.538950190785854,12.740765205147902,6.765698563738426,-1.442771015361723,50.160777093602384,-13.699441435991817,10.968382595170018,-51.621188225869844,0.4931710367695449,-28.86240861998898,7.607025139091254,-33.40072691661455,37.67708076697089,-32.047975753024595,-1.9860949685908669,-30.89562094754838,25.676628274225394,-7.472156783899488,54.31512899400787,-25.308412627167062,23.465839593365292,31.39657012001457,16.826393828497295,-17.61937434327043,73.00592951211358,57.19373276213883,31.606351066382146,-57.76456365478938,18.66627284551582,-25.8304184689006,27.93512413388996,31.681212073235102,-22.872153998446773,-26.756193606647432,-35.289423794693334,-34.97282191774275,-14.923222229418242,26.25076394380302,-7.694216141994575,-76.41635867122757,-2.859381563197541,12.869491934109758,-65.97014934345322,-28.54188892015555,11.591993638860728,-4.055466418772954,19.972511938540464,-24.41778493278855,-15.318144668339633,-61.219919816758235,48.198268036187315,-13.363883793046003,0.40456281583474757,-36.11193739216141,15.424186077440405,-18.38016040947115,-9.926664869331068,14.062999736358051,9.764021201395627,-18.970283318362654,7.31514445641668,23.180096085142782,-26.187264475982357,1.3860765659975998,26.85669869749023,8.516550483158866,0.05022561195228903,-17.190825427929195,-5.70884104138288,33.957504248415795,-30.880594132067042,-8.444116698608555,9.850503440293357,-14.209278913367607,5.578078385322487,45.007943906858586,-0.12480729773598756,5.894815992162725,-20.29233035538883,14.498778611893892,7.2469931983874405,7.8794147458593535,33.903595690440326,-14.8453944591596,15.266696583155529,-0.30956840895704474,12.067837141565684,9.960319966723167,22.52193611002996,-27.90038013555895,13.331772099729527,-12.050759328630543,22.034659389403195,14.918890600161061,-21.929747484492694,-46.94329885227874,2.2127000891609496,-41.83250895058714,-22.354454470188845,28.422789293587773,27.920910694827164,32.227878951703254,57.191129918194136,23.19586660849719,-31.50073407164668,17.808435571820393,-20.47229970299761,7.374150113557446,25.778916156278033,9.945100659543641,10.414668601147152,50.47709720920724,-6.450690929358644,-44.60896610914816,-12.678461490121421,-14.888400129702475,-4.151872581967652,-39.48850760805765,21.406051512017925,-29.954215570255588,-0.1149677570606287,-6.349720553585252,-13.525896251872759,-3.4666640735191465,-56.139288601885326,-12.84136120070373,-29.57336418417825,-6.198152405755476,-1.4102445432236759,-20.9372371652958,-17.487750701637903
338,-67.27506395113569,79.74133526448196,-7.17675782652935,81.67124382108011,37.791536273965946,-22.165314503757436,2.668231299940044,1.526809392765661,-21.568449099435764,19.689352195506366,-39.84200872788143,-9.32759716221341,53.98943857423623,-57.66352881135251,-30.216478885367238,26.547617458913386,8.448933264900514,54.13709630722156,-17.247572521804912,-35.37976302757705,12.249761361172459,7.109972027112762,-44.83614895214876,-13.97578549723346,33.70388014656409,38.489897544014006,-8.575760332630159,-24.234191100385388,-34.91413466819102,42.56230609797113,-2.2083048098715468,13.708538301464708,44.219279430710344,0.7232071405470397,6.979928835268222,-6.521005246608959,4.732220782632185,-21.930734700488852,16.7489500461743,-8.199112070370141,-12.397309128008414,-9.935055937952265,-9.213112466549582,-8.51846965922308,40.36499696731677,24.962100842835603,-1.0017378247977662,32.65046477163158,-61.34906908383729,-26.344805190710538,-7.431095606667327,-53.65195349803146,-17.234000496038675,16.522870957644134,-36.93518725082139,-16.37216199905114,6.388148342760961,1.2097088155491942,18.25656741375845,-6.374188648614819,-11.295082547928592,-11.335191286529868,19.550455621531462,46.83708394104118,-41.00215081872534,-18.646041212589765,-32.0218059253883,10.056790412862965,-4.7538451394340955,1.6033580459835541,-29.324344648267356,7.052828333451586,-11.313886582971984,-5.777059322498382,-0.4328878553274738,62.66772345135603,3.134536744707672,22.146137192674825,-16.6795751917106,13.570416232224654,13.160087058161592,-8.65021052546229,22.89190259431236,-28.821300864012425,0.8501118056478267,1.1367003140762173,-2.511410966125743,15.79363855416592,15.093390439191586,-12.055659988905624,-22.58191510671634,-11.151067955778878,-0.29006152371686367,31.99971645570481,-14.533021436315533,-8.122279138410471,-19.336805240189914,36.503622288883,-15.754869978260995,-5.354631259043958,17.809319252230853,-5.603609127125919,-11.551779859520309,7.665213757976671,-0.7875719594808808,26.497319835275572,18.839515459956814,19.92255743555698,15.596935999559543,-1.944733641210435,13.601678937939838,5.539059309225593,-23.710884161857745,14.522248993548542,-4.287242868241215,-22.513391495081173,-9.373216702646195,12.300063405351148,-5.143114508279234,0.41285045881856386,14.117829567708252,-5.776853091153567,6.978830018668859,-20.114096921544554,7.791271666919577,-1.7048231559554314,-1.179347619056995,17.045172559331316,-8.795502569682029,32.22462907498728,48.097856509385544,5.917344083045958,3.817039331728556,-8.911170211858181,48.03631565547535,-1.850777760788004,9.179792907491526,30.333110556168315,-7.524924894280328,8.380178348788986,-3.9023142941895075,-34.307986131858605,-6.722271291707706,-10.377891928470989,15.471869046535545,-0.5625086280358884,7.513408065499278,1.6069785736547133,-14.850789579204493,-11.211632082817978,-2.0945901184623748,-9.983318488184242,40.92671556914289,-11.931078633675552,-19.641497527635874,-5.054475402677373,-13.669294830527393,26.259776634469095,7.920288585134432,-6.582904689339658,12.001678659376442,-17.003766943736714,-19.71076859507482,10.83119055097728,30.690859741323308,9.426920170005506,-16.092385241573798,2.9576106095783854,2.84013950185219,19.301000641606443,26.178437467081284,20.813234713840746,29.08033208836989,-10.292786794308164,-1.4055160367621273,6.154179717652137,-18.45567288248332,2.332479149167107,-4.8189390603958575,6.272240871818906,27.243049743595602,2.3103483338457917,-2.3635655850985215,-0.4127971410048212,4.108564408081267,-20.10311167409018,-10.683337616927856,12.32573308368468,15.551762055501023,12.453357962793595,-32.38477660759947,-2.8267236624871286,-27.91486733042977,1.8497768299000386,-17.793011016688776,-10.182878826699973,4.420740276984832,2.724186606566663
339,-31.277745535894397,-17.36550712020553,-43.374057332183064,-64.16112810164967,-34.956652405719154,26.033936668342523,53.13850822647904,-50.68289226272831,16.840564892856797,0.43528603562459606,-14.6062072136013,-87.98022388993097,59.3810198736535,131.82529497136906,30.05669259795124,55.86320765098066,-21.895175822939173,73.75375899231526,18.307656966919197,15.481118053003923,89.03181926651632,32.699252862594115,-27.60812809398495,-5.041105956220303,97.71465650193106,154.30637754221647,59.85351501345311,23.07841232715898,-9.56452410946902,-12.378896600726154,43.009226383939996,-24.223039943386254,6.386068115972846,-45.47053323674979,-19.150080183274568,-78.62192677442012,-42.10509690707951,-74.69776041270686,-38.81945791935935,-63.884663590053904,-4.135445257422864,-146.30477370225796,-6.067632037351471,40.93143718475951,26.323142152112837,-56.45873115396555,-32.007892319286896,30.072793695986036,29.49897085211654,-39.735503465823534,38.49138478266641,-131.38710348281631,207.96133458096773,18.523484956073368,-130.45628310985083,-48.21118712789096,43.81948863114894,249.60343446319825,83.78190026263182,116.14191436668662,-283.4179856712025,53.04521199831577,134.21841303512954,-27.855767797773094,108.45485477452802,268.4170887447078,36.32856152214926,-125.83180564734216,-92.05076634217203,-130.56118782963023,76.75543361824676,-261.05889842322125,90.24568617328461,8.623070486630736,33.33081020469721,-2.0467022823408154,-215.3432874524102,193.83589217154469,54.85255029258714,62.147202912273315,45.5034586474704,49.5613370002342,-0.6237604544565875,74.68379971641502,86.87816803223264,-41.22580121994047,60.35506789689414,170.59246795754706,-126.75228286679435,36.25220511575641,32.13206861916204,15.800600083485937,-119.69905444920445,-131.6174303841446,40.524791113358845,-112.55351010268133,5.472112072212878,-62.30779500219267,50.37161252593184,-45.18196223106688,-36.76077845197542,81.51069242339821,-57.67674336621907,-70.88142712940386,-92.92564896082392,-29.987551754319007,-49.62520226114886,56.202751399475474,68.6574869938922,-18.840882132994427,-15.657971443568899,-22.968754350325412,32.28099350167446,-43.47169757597778,51.26021449185395,37.903026099948164,8.98315240034206,25.018257190791225,-23.454827618111157,-16.867337477332477,26.234505417574216,-54.6478129064447,5.842008514229935,-8.977825658326376,5.583626635871626,1.2893645189605518,16.15555746345995,46.32225484620832,-25.332543101423152,24.34021286643772,-20.813861978749628,66.45490470404376,-31.844161118901113,3.2562889788089633,-36.88683560246964,-5.106519672229562,-30.66574716913324,-22.45415892021758,-5.758436857837593,10.296544576059677,39.279460499618175,-5.117739224672411,-6.133361960303497,32.42823667669669,8.771481376515439,34.29008374192657,18.76574103918983,-18.597240283102263,-22.49787091160304,15.681809112305896,-22.715750996521404,-2.2274366942371486,-1.6932539792282602,10.746964158815675,-0.9343368813980983,1.0127315300174837,-25.09221716567242,-40.43435193292845,13.185782820737565,-19.68012214580131,41.14368643866748,13.348941174958679,1.299935080888776,-6.024869260893269,20.185434081661484,-25.33860699547597,-0.34332953713134795,10.612653247809417,0.9007865964831065,5.997576593773623,-15.281148813529363,-9.83868524625019,-3.411747575040802,-14.102501803513878,-7.948946272432482,-29.04484805444991,5.407396497932556,-18.361854005194335,-16.920322064774112,-10.134450711953813,-2.2475282699955192,17.93012776992077,-9.015666429163693,9.181949637799013,-14.486451720177,-15.48956678523134,-3.9037494129150057,6.793823572008326,2.434045178128991,-14.275220670967574,-14.969024618304445,-6.133491952030162,1.1877518980658808,7.936573203138071,5.845066166438214,-1.4950357399446204,1.9705831881341371,0.965133627835348
340,-57.996365214198185,47.78360733401547,-27.517949457721727,19.728062139472268,0.6904733195849238,16.92977146129113,15.700394874347225,-3.777415561540446,-46.99355188859447,21.97223564125598,-26.629461976379737,-60.72665692589056,110.94868157276952,10.612955637890638,-3.998158455114632,59.01930836165925,2.2602817865997764,85.15866846893178,34.43945967080505,7.187880015478764,-8.82359983264762,42.56848675599738,-11.055631168598305,-14.114694576860309,41.16859326364294,69.27707607013888,55.78930800695048,-0.9320259814628837,9.405064571923663,33.72172268623265,-4.208986013254018,-4.756296661519858,33.2741098407576,24.562624234985005,-2.619769910374187,8.865257697784505,3.5386206811353835,-14.103476753612638,7.688469944419277,-9.60349507140915,7.292818272313405,21.57222736472454,23.67184400264516,-22.730442335778946,22.621191651729525,-2.536869814130676,-51.321843034811984,21.674913043811067,-3.1311179745837823,5.574306965492477,18.346859359993758,-18.170540223013447,-28.29803596766019,37.04566823104284,3.39573575603423,31.134070270279675,-0.2515788928813608,-16.963117786392246,3.61789390392036,-11.476173486422804,-18.520050368850608,-4.40898079547303,-3.2457048344967117,-32.44094819875276,-16.21473377397175,48.91593898680199,5.702142895313894,-11.878844215298496,23.438520019846788,-18.192751021890746,-10.166475933385017,32.15375530213524,-7.5373373102711145,10.490370590981563,-41.744384669259134,22.53346815913461,24.15033871613418,-15.583127789970888,18.558670279255374,13.63288551668121,-7.2001423379055804,-19.893306512315228,-1.4041642299525605,1.3654729332577191,13.636761666605477,8.216592694467497,-12.800746152331916,-4.595174089616229,17.852014326615144,-28.13968245879423,10.249152245773516,-1.913579319787303,38.02820071257542,16.240690861006442,3.0941269070724244,13.49772374814728,-0.0512015348813345,44.43218440949947,11.762940674926806,-13.390093840338027,15.292994248891725,7.802467507914573,-13.22848359457604,-5.573556158029989,-19.633403845485397,27.305573565284703,10.104481856535006,-20.458662571394633,-14.829546573545155,-23.06011203872083,-10.409451341532563,13.103626848267634,7.843280484231074,-30.525178375827927,12.72108791536049,14.229059725239162,17.948991901506982,-0.4148344230494566,-27.696829434873386,-29.778847830444597,32.650394861290756,-22.953000511750364,26.7821499585379,0.9323348259643152,-15.001920091262036,-20.080787771045877,-6.852413905742107,-31.070614774495983,-10.587674047817496,10.69466675387571,-5.679127407419302,-32.995133904597154,18.628214433744873,5.191131115688842,-22.571856340710514,0.6565957731295338,-21.784881529583885,-17.398474143008,25.275744959004474,-0.1638455300328424,-32.14099495663548,-6.0355926853968,20.661171334158787,-5.242277767024929,-14.041055259691108,38.478075551282394,13.57295676022402,2.014840477097117,2.2422375328411133,-31.540391079468435,-2.6543387400809504,13.518220733735232,23.554668657730897,-35.25075336291186,36.29817187718797,-3.0378791207896665,3.0795222974067658,29.926658184203983,-11.29409367406375,-34.40989419531677,-8.607423194725756,-32.150238556155806,23.563091757827113,4.456484593564571,10.761163364208567,-6.269271528032565,27.364036947502044,-5.216748805841404,16.32503533771001,4.898096632499486,-31.037074895753914,-36.452830515190705,-16.931011172550843,-21.122810226195888,13.20163054371642,-0.7939134475388028,-15.66960560875159,-9.388099954171137,-6.248894667322966,-25.176728251531046,-2.5176884394868835,4.17568228691881,-1.8342942865131358,0.870363755222714,-16.487975552489054,29.100698442758443,21.402786041003804,1.8569142769516656,-20.085702705553533,-7.254556667533026,-36.01002457016872,5.38594872286633,-10.121237217864623,-13.667849479633984,12.91322254791787,9.309552796510012,-15.383998732341592,-25.570881142854592
341,6.253755756089017,-86.60487376885966,-69.2057072579851,-138.33717593543068,-64.84556768935751,46.5306196922681,40.04509297614963,-62.45331113509505,-6.330230645814768,11.877162259489111,11.664526810544885,-112.666869491084,60.19321208771171,50.273621409783615,-11.845189334112447,74.10024452680052,6.4561569167128185,40.931977539093765,-17.92241560019763,-17.416979370735778,30.78192646759119,33.129502542782596,-87.4290453609125,-10.258991564124292,135.82524956104746,192.3864939285253,-2.851086370449572,-34.28865798746255,-41.68698411420042,123.95882115411486,23.99411630026083,-52.19567976355395,61.50948675716326,-16.019542228710534,-20.478662018660604,-14.800223421984994,-11.920023587424415,-23.899656073027398,-40.90065891623672,13.77118168763794,-22.142571592692207,-121.86867135063221,-81.39178883842203,-36.70746855143109,83.16360792968922,-16.517696286318994,-97.92967851353872,-104.63496333497342,-99.82111125096719,-37.44546198459041,-51.17066362617331,-80.43467246277535,100.25178699893289,16.40050557566527,-145.64412597170485,-111.80638229936653,-58.417155822735005,-199.63863462789027,-119.92456390916675,131.78562136240043,-142.36086361477723,-214.5426992541256,-86.71771707604574,-69.8630081440383,-27.228406475486093,-145.13646970411085,41.927801899701564,74.70253573777875,-76.71791734733968,-63.16089641082874,75.28381380388242,66.56541696842719,-53.228660050229,-279.81603006637386,191.54355627005313,-177.11702292537382,225.6860390913589,89.9836569751776,-36.81317501135918,-165.4002983571525,-160.43224314936646,166.83458078000362,-15.280003443631863,7.5556478177316615,-51.19060361514301,-16.89802430544186,-6.061851048126357,2.696692166266966,108.21014743250599,-117.86796296042485,-93.50685818666838,-69.49105975718051,-19.04535967489483,-151.30490924541166,52.38000500301797,55.63365961409201,-11.708502864012004,-140.9204011461809,39.72021865639955,71.51417818298373,-34.12804435801146,-74.64658869811203,8.880324935323753,-28.40943829621412,34.90960795092461,37.67671264075396,-28.025858866639105,43.48671806066515,0.4219429910332496,-48.385714102651,8.14570048080395,1.8127000291631319,75.10386704601098,-21.19429191816222,-16.0733296448128,-17.09840369050822,-24.03774907469484,-15.479721864870456,2.6363344288678032,15.141185906072277,89.82314635291397,8.55765740574733,-37.904697386268154,-39.5920099139668,-72.5773483592548,-73.71534472797758,39.76289082084187,-3.7465842373093827,-40.7505228418367,37.09377414950018,-26.21049596466237,21.25523748865961,-11.458835281244491,20.63778915797016,15.371458476069822,4.979196538019279,5.229451711317341,-15.839428190391956,7.4132683134764825,47.21872838223782,-38.2752977561422,36.495283511474184,-22.385996755834896,10.426624477336963,-7.509428735374789,-43.024827078876356,34.74038572148237,-10.871467094532527,-10.861753982609835,21.269515963296246,-28.04581715604745,-4.958427396553264,5.607907206731363,-17.126301372763734,-8.575856547947353,11.080166456758535,-18.744648227996112,-19.40183184796237,20.229477982930497,14.52133788508449,34.22657990238598,30.576491785986192,-4.077962226987729,21.626277936715276,0.23519009193283313,0.6604246099767669,-9.816360209192924,-4.163477338268118,6.38948836443428,32.57481446725867,-9.652182370774257,-13.458174163715714,-10.48371998288067,-10.54151471336766,16.976383839513822,-14.992282029666857,6.161559161583088,4.625016467546709,-6.860882670823479,-12.473598145383379,-16.32773303493344,3.0135248822066045,3.972068642794223,11.517174219161769,1.8480001521681206,-12.97215333887017,-18.62549181197702,10.140291784081088,-6.482184110515638,22.923484682322705,-0.11184295204358462,0.14597464386146544,25.63717587196453,-9.036043766754712,0.813046422938515,-8.17576623825458,-4.812703310526703,1.9130623293738518
342,-58.779483191594345,57.98107194554601,-20.918735037826455,58.397766432547925,29.158641447859065,-17.152482216571922,34.0767875152183,-28.045369189048248,-16.51452606571823,23.128073756779617,-59.020430681863566,-70.20255496831413,67.6854313062886,-1.1379578588665495,4.044804800284625,27.24616017823564,12.634717222539129,64.66950971071844,5.228529748873553,-19.19224504661406,41.82852738679148,0.1856079401692314,-18.36768360027231,-4.67417673985425,15.357695164679772,32.74401936644119,46.34203813510099,3.027665976826859,-14.751218948586128,-15.729385470338672,-2.2752641233358655,19.021385766460806,41.46337005070953,35.65107448030515,-11.85415866168591,13.06246201204389,-4.3523288834601415,-19.09405909225899,21.79900384009622,-10.140278648496222,-18.839728515742298,2.3519721897852928,-14.669527193964532,-17.37613695439949,2.8758756776914463,40.945469913310575,-4.878809197806186,18.191061928811525,-53.20108960406738,-30.79683484386511,12.018706228406316,-43.28438987380852,-7.178598805328646,-8.544538588349914,-21.089960809447025,4.233855690356254,17.423153592201377,-12.41593654178395,-22.91013626282215,0.8729831878979343,-9.783402948389156,-44.65428343402742,20.47581897845584,5.772424856491218,-34.189200697914735,45.60883785848298,-0.3878948205532742,-2.152290093857628,6.373870069090281,-33.670171452534476,16.046812480428002,-15.964722945197416,-20.705100310629525,2.531711009780109,-14.568996213806402,14.043737053112466,29.587552282365007,-12.972440745571735,16.954463428167987,22.222144365013957,-19.14789422710099,-5.544726100160164,31.532351106651625,-35.335626437767,-39.85232529717572,13.035190419921342,-14.984302864250045,-30.70829053675359,14.649472045909077,15.154260804103853,1.685820601122031,40.574339242219835,-0.9218420369825767,42.046880568332334,-6.981097512391432,23.106299775442462,-26.928872080076076,11.868141840111065,-2.892096104238449,-20.433159373919295,-6.9782851330944435,29.458076762244303,-24.927336770137117,13.21736989859216,-1.1395088288074082,29.40013269701044,-11.00795555449622,-26.967343751291093,-17.108287484729807,-28.996546988828804,-15.913086452606914,-8.039283875623159,-5.671785787343085,-13.046763185732331,-2.9723458489551704,10.824214946004876,-27.285825802413104,-2.9548692911338708,3.66176470044338,-11.418506277536796,-23.41278292904463,-34.04559490404689,16.584651584975028,-11.40518870739723,-14.478600302816963,-43.080056886327164,-18.829783589737705,-33.80786623724096,-16.71701292893568,-4.535107516332995,-6.812173053388468,-9.762450853755306,19.79203486118291,13.259512491119345,-7.510662441772155,-20.60725347624107,-10.64417796816419,29.94954599219927,39.60288592255136,14.836409195626224,-22.254620990203943,5.8096162256738415,14.975466547463064,28.45680624710627,21.19802446491618,7.673772835771931,26.484878393827394,11.193884284427916,4.752457180389303,2.1157534974240897,3.0310301292712687,9.953964207157949,35.020878829873126,36.452015336266605,-34.40284818981036,-17.252333171475534,4.038113749120727,6.846740944855465,15.77961827337789,-4.193491560765107,-13.820039857082962,-49.41518765783487,-18.937373727883465,7.19943138166527,-12.993760279113129,0.08446432537319182,32.13777314983085,4.269782127864666,9.75495726025622,13.486476892538358,15.047950723305666,10.343270885500505,35.14521749774682,25.070925910600987,10.61933376166919,27.143836940485937,-20.730410114009587,8.769990849376914,21.10743202496755,8.613185381660049,-1.6763307459974057,-11.687286768742222,-4.317470120889792,27.223698804366443,-5.233265189933448,-28.898423442898647,-5.92580459742849,4.226885567437293,3.9552138714545513,-4.081396093733846,-12.130448412904533,-31.54577292860705,-22.974050652267383,-22.088928498278246,16.19332846932543,5.157855515702176,-0.9906278125110802,3.7060110494658676
343,-29.81121583864748,-4.8818204285443585,-24.033889100883396,-34.1789254214119,-46.99191874379978,34.21952823494984,-66.63359461391909,27.146630952340292,-53.528786411796425,5.433525253094178,-9.010967120394401,-5.616576746067477,99.01029798011913,54.73869866385007,10.250395747238638,16.54847205137364,17.38518297352447,-11.861282647482511,-8.20022522164001,18.388861517056714,-61.57670596330096,48.233460722607624,-0.6527745311837909,39.18634532516613,63.083939730178145,39.339274382396844,-13.193791011475133,-21.509216690800233,63.62841165292889,81.8082085382085,28.3111858905829,-78.4323936220029,-5.80998916770076,-6.638419179874157,-10.052052270023507,36.72094703562278,-70.43644067317008,-81.4724581118726,-32.4095004369972,-11.205035696530702,-8.506250938788067,-27.08291187618448,44.02570485718974,-19.67256153673134,5.6393867559444,10.104023626035175,7.13551129616975,-15.050393522761516,18.457972570653812,30.901979584194596,-27.77762713568325,-10.920451294151524,-83.7107938285768,62.9043916854528,-45.71334209756605,7.730444647492063,8.2628870483709,42.18629809824653,18.048143849299166,-81.49614298115178,9.704005126868566,-22.070299224450086,27.54367483136381,-15.356263453132266,-24.139386192361513,26.943647477180843,-38.938498557844184,-79.73010008249932,61.15774858663046,-22.35656835007618,-12.190417773455843,-15.572441106659216,-76.27509044135716,-14.480370576154375,-99.37986287950741,-29.297578473702668,9.701653824694455,-15.843773292371662,-106.90163240003949,52.751103775782,-15.502408560148263,34.928328321034186,-30.551431158244984,14.039144480633235,58.86549148101619,-5.175669042199512,-36.61412363655783,-20.315693155831628,-1.5766994342915284,10.165394171183484,26.691571296424303,21.041138143612915,12.535811637990603,23.793406576624182,48.72206896153894,-33.83460950042204,-8.55774767474586,33.662446724549305,-7.3810231815208525,-9.063283163921245,-7.59233820916224,-51.78874984133334,-3.0238078770000443,-7.906570733652819,-2.944813422273878,19.80079849171192,31.212071473156662,49.68332192123055,-40.16719706245703,30.482875431978147,-27.85595744062251,0.8837003663144383,9.812169925219504,-18.072011462760468,-70.0777299888106,-19.817055667121917,7.354309039155373,-11.337232525190949,58.60303583087084,9.435311338808843,-18.053056913104225,5.331238808599631,-4.696338460886575,25.17516786857467,-43.689446546874834,-34.432010122816,76.13203045177009,52.147488493555116,66.13419938567326,-15.898270024870806,8.85303040111463,32.028745268355635,18.063125700607454,-25.75703768505557,-2.9797381494788855,-50.261341365057014,-59.94841204096784,47.752814968118315,-14.882586770599229,-0.27761332132654026,-14.866350027338429,-11.614045689664456,10.973177693655616,-82.4567946411893,-22.60295164180349,-2.729282378972447,-44.58951799054648,-73.36470664312796,6.371427524644206,9.553384290142006,-59.867710809894035,-2.5290077901591617,52.61440683121137,33.1120508935745,-99.54969761611899,0.17818700054447878,-26.1231661785102,-69.39750188056345,-49.6533552476627,31.316082397278013,9.33670012309938,-40.80614908449526,18.01474935047713,-50.50478803807724,-4.168929556467523,-15.410622913981358,-82.50703265793886,12.02874081245496,-15.084764479992701,29.050535163368,106.68584472848714,59.64112610964407,-52.27155082309897,0.9397486002808462,-10.404300868672262,-25.699546715657025,-43.63691773931281,-9.889757289529705,-14.412677950671755,58.937170527608664,-11.20372820252643,-38.41206309222732,11.351596373634134,54.77278786711707,81.42415662446736,-23.72422667162058,-14.6476852775766,47.841357326649906,-68.873821474496,35.20802206931497,125.30634209395558,11.798613048686228,49.574668436875584,-11.601328490985857,-50.379947937006385,-19.237925766595776,164.28283596246533,-10.297214529007467
344,-39.3630068665737,5.750558810263273,-53.02064991582139,-90.15253760197066,-42.60217971832896,95.28818754670132,27.795910190742568,-3.2422520534879653,-41.216307545957356,-16.17766305126327,59.76490442860103,8.33637139321544,52.89965407006297,25.104350258268788,-26.408656844267828,30.2641201388443,15.483468335099726,24.247712047182752,36.173756446115256,18.338833505242658,-0.40229637042514665,11.160971034467549,-28.782311185892897,32.136878214298825,40.5746791698197,50.417191276476814,17.412157986242597,1.9838168997466032,-9.626741247715266,35.175943959775296,-7.300039924120283,-23.560407980231798,16.925137588752282,-9.654958497353984,-3.88463965109876,-8.421026831141086,-19.940621704627837,-8.236017565427414,-19.13960099128144,6.893000250212845,2.3473915048105307,-49.292480071650886,-18.01947659495248,-4.41922264993476,55.57848538460934,-12.057032552670002,-34.78356009816023,1.2525419302524483,-46.25149176697398,-7.354198750946799,-10.513520313181312,-37.85217704948391,12.068846173817724,14.528229736406802,-70.75572499009581,-37.880547010108494,-7.951536796185573,-13.4784243901166,36.59026850931664,28.827325222222218,-31.2312937016866,-35.54858028590642,-17.051220909499804,24.107278644603426,-36.41324753812222,-31.259597590893733,-26.140570219277308,61.30385705686792,41.53229053731795,7.595623943920337,-7.392257064870758,26.54864573159573,-34.04202334174455,8.297620879100062,-23.475963211498485,16.620685711250964,29.307501962396245,9.623863356013343,-13.085545747641802,-6.408971907682309,12.940628500760369,-32.97748029333112,-2.211191131735063,5.769681984590509,-43.66475577588198,6.80663071809443,1.317758927012627,35.77532055841231,38.384063791655336,28.88935924380294,8.102394505638943,38.78756645238165,-25.89677207936974,22.330417291640693,-11.601694433360702,-23.597821086895138,-2.0305299975109152,56.106365951147616,-10.549517420290872,5.014673468841414,5.842660005522195,42.914803106076135,8.317524059275689,-32.63015582921754,-62.54184813458672,8.209395504317483,-6.311788989576613,-12.486278671508057,-8.660115161487255,-13.239434949189407,38.310376428454774,7.1784397010621355,4.20156723071774,-16.430170142076776,44.60786397234883,-19.035244606254057,-19.553362845958375,-4.699798503355253,-18.55892281179346,38.104785739552476,0.40366048353140593,-13.580674326625207,-5.0958743066419965,-34.16585631061751,67.35007211602341,20.150099298637098,-7.504940207094381,25.048344804349608,-2.5510502166089855,-35.438825555530244,63.54366357110892,16.10985488678982,0.8081879072873811,-8.644113380379116,46.205641129986496,-76.69955951409618,-12.518631698989447,-5.699223226853533,-30.345161425520917,24.30551016242115,30.75410755546758,-47.94698334810831,21.133387706882974,-82.5255703419073,32.25598931844454,29.06890839736891,-83.50740566287043,14.992867847590036,-51.66534691885979,18.957407251522365,41.99540681098214,50.78783526544019,31.34066376694716,-4.6409302245110124,-34.90039060645486,32.596423815593354,5.55544291674469,-11.555273597251766,-54.560559072496304,-35.286746067728494,26.478334334111405,-61.600677100641825,0.47913386327804175,5.874848654903417,-51.008338660060765,30.911553398014046,25.12411328472659,-50.424931431881056,18.638770633311147,-66.51663883764994,6.3969383740528185,-32.242781701862356,-0.4030007578686986,-17.998706190643656,-46.91788735515765,-13.971134829505951,13.289821762612553,0.786329264098584,35.44617083435536,-54.6881354960516,41.89428287531,60.614323143172506,30.72986566619919,23.01313921044035,-33.25245213021544,57.257516195892876,29.033687453878006,-1.4874397599728524,-19.78557248839845,-83.55770612953354,-96.0385626203161,71.78171830249099,-62.68417983202579,1.3881060147567434,14.679061041325475,-34.69914696570422,-19.604141415558992,-10.608022951868616
345,-30.44545351150409,-23.394262638685444,-55.385211333927224,-84.26038751697389,-49.25098566064743,56.727639076404635,41.21772184871119,-43.815785122606584,-20.27684118254022,6.125816279844865,30.107044702218392,-79.63448035031459,45.13098976106683,79.51215128216462,-5.476522023270356,52.32775585331367,-4.221935398407277,36.2806766246983,20.47217269744001,-4.677417099193388,1.0352101064056956,37.81896458698585,-46.169508312768194,-26.453805691620335,87.16491703876397,140.01454811652587,-2.310981966238637,29.028318101263547,-12.393689803551927,5.272362777282465,24.569024695335035,9.185650017113122,-12.481800367670022,-41.29915546856727,-20.72523796275128,-26.352855157355737,-10.012195008247664,-28.567382738737937,-22.785870817024485,-23.894407958233487,6.8281363359537135,-59.75259686364459,-14.293756150496355,33.7431600962552,64.30468243251441,-54.65734005930564,-10.047945962072887,-13.009451102298327,-26.39354779193383,25.098262670409078,-23.010016283895794,39.75852275136356,-62.262467202185185,-32.30482134098624,13.46537332068678,-10.583731849354209,19.926576090911837,-6.052027799435067,-68.35848412908139,12.119873215875474,-49.12314723009924,-49.01618885611283,31.00366122925001,27.83883346122065,14.34172165265047,-120.67338628550006,-7.048504691969395,-48.40370402728312,109.0794351129473,-15.826100389180212,-68.6921739175579,25.99875430481563,-15.299105737867635,2.1303598883414074,1.2932725968013774,17.855631727817336,-61.001831352299014,9.720734584446642,-66.47493809541727,-12.92096006143928,35.84565113578211,-26.67044255256317,-39.084577796301886,39.00515056073688,-130.05748084961576,120.78506354549417,-56.65618768932952,12.742595180657654,-30.420170921313357,55.25604447165601,-36.812420854539965,22.84143545804204,-48.633654020239014,-15.146713992615542,-10.870348559872246,37.44319784414334,-100.68583126965609,59.260478394433036,-91.71275507625886,-76.06617279633876,-119.91915285162908,64.89879209741208,-54.45247799520477,80.12837662234526,-31.545915229772202,-26.630040255025474,-120.63396238168565,4.809576620381175,-64.72429578270311,33.4696316998901,130.88761512192124,-55.84324573850736,-119.594164425746,-4.946504509381863,0.9799294761799894,-33.6620716637175,-49.37277374777125,-96.22199215672173,68.53995468335329,-26.04175385749297,-128.84510078330158,75.17211728581309,-128.9913920855587,-121.71262920409255,-10.012099093189246,53.649838164105866,26.79118585586912,139.02483394701272,48.64597199434103,-84.02734376495945,-139.18474517775027,-110.47536912756883,-68.00870131102988,30.872137051985625,-32.49425860836165,21.158631384948233,44.28993224820421,-45.87773282875066,-26.38456575753757,30.48811240609604,-81.21225847399076,-37.76736150931965,24.23557907693185,-41.662591629949915,34.75127620628596,187.03077974260557,36.296792197310545,135.2526418506509,-70.9150425683289,2.2684969838906697,-0.04994826655222509,-109.93635410025023,8.091657269180176,-12.10758762521134,-3.365140154526664,13.912042486262083,-14.864401096954545,-37.99683686845162,-28.053595365633647,-28.851485457750922,9.283213879185231,70.10349831531356,40.37395839597707,79.96830916788366,31.709996278247417,3.9973134075787673,56.658887279067734,49.66205222850244,71.5246031791572,-45.29231476637383,-34.072679193637846,5.234925953576048,-10.926972242239525,51.81105331072664,-26.967925029378186,-21.20235163006645,22.515665947013076,-20.02935188885096,-117.28138478440067,-10.569464611031002,45.30934703705904,19.279091848674305,55.37019261044645,-52.29021983547067,56.775131619257635,-70.10859488601227,30.606370771158204,10.707844640522726,38.668270276300774,-1.031457352111702,2.282813726758919,-6.277345375252614,24.291627691343283,-13.644798001845544,-18.709132810340282,34.2708973598819,5.808072778897657,9.1612988290888
346,-73.58037589380609,68.67875436575333,-40.12012609808676,38.68961601604972,36.76308326918461,12.096458334439767,119.04481055395559,-68.19649938513739,19.401141457268547,-29.432700728269772,24.264143387048644,30.34624598582385,80.43862155091483,6.34780677972318,-17.76233876678311,42.0597293743511,15.917423081379786,70.77578696270673,80.16546561966585,-5.348907187244201,-29.061952951982434,43.58604803916012,-38.91595721789397,-9.236992501671482,47.31565115864412,66.0520335239342,68.75151231826544,-47.30671422641269,7.670870016651716,30.312799678878534,41.67950879962451,-7.325861981826761,-38.251813187914536,-20.204032003943155,-20.195893855572947,47.13012083051689,-16.84086436556876,-2.325865427683724,33.45878289019915,-33.20012694705683,48.04032891099337,1.4686461432653584,9.827991918332424,17.858478151865516,4.841363909354692,-10.90647038708226,-44.069602301200554,36.69587956773142,-29.744989872891857,20.298750538930584,-61.118335359960405,10.078196303778464,18.44363708708673,13.031622981317646,57.067238823355595,46.12623325425267,-37.38807246410731,30.138284199010307,-22.741509170858315,-7.285225472817889,-20.815605431517522,67.39955614557223,-52.00140290617026,18.34606994427403,-10.493445508711448,-3.2101049783747837,-47.637299419806176,-34.708096045633944,-6.843905407068798,-39.068869705653285,-31.24153804450975,49.546252362929934,-27.467795010667963,20.547869662969127,-15.70583895033298,57.67666834773348,-34.527713959031914,-15.824742021633913,-40.77745277608943,-35.17940698119826,46.994913054577495,34.47733246020805,-49.789605839105114,92.23431719927119,7.165632920414784,77.4307185835301,33.06294878728074,-7.502021036955706,12.103618477734392,-15.853322548041833,-10.705178639561716,60.70380630345838,50.239450574516766,-8.827393164291646,-18.333655003343292,3.9555488371891405,-41.448348287108814,9.973088052327217,-0.11289609201887521,13.02029578917511,-34.69956524731489,-61.235937678821706,42.21971018304821,36.686210555676446,3.3333440553605085,-22.28807645805054,-56.82606273366176,11.980400891329381,53.340293975655904,-12.97293901413564,11.290705774777651,76.96932806927114,64.24787983371722,-20.985333988975306,-17.295916772904572,-33.243945319853566,-21.87607003940162,26.29822068693704,-13.639211023165602,-38.84050045839314,-41.97557208841853,-93.21479934746785,31.562553640249664,34.84580481157778,-43.34680671344269,-4.426167337756971,-58.75141764805544,-26.901614634271954,55.4950134546493,-41.10396294457856,26.141577227039225,7.476118572927487,-20.27763647936126,-31.257236629220447,11.061981682739127,-45.32614621422361,63.248648783317726,12.167695885728346,-72.14129464927623,38.227901953927336,51.77767898705457,37.571969307997875,9.213645119071876,96.8439331805808,31.9113790651665,-0.874046225047972,-3.4775215449035617,-0.39420896525714166,51.282774488943744,38.093881229088396,17.428579509588893,-9.52808955787923,11.171104041148679,-45.453450660012635,30.026358788593537,50.759728349177934,-36.7524500670693,-41.84964230770242,26.756827827459006,-8.78914918668005,12.903701933870671,-57.72484648396428,-65.01096591068789,37.43172861053667,-1.8751425587502222,-20.712773229661185,1.1923035646608917,-6.160607677379059,-11.9916618623535,36.98136881833063,-26.213182332265646,4.479556083603129,-45.75978273956739,-49.66362553988848,51.676426211378356,46.21212805573533,-1.3640449306277287,-24.789111687337414,-54.27151614108952,-72.32509148411624,-31.487803063933328,-43.230814708720835,-82.91654472320984,3.3067237092462634,-42.26530296738383,81.9375587304495,-17.2501804933194,7.43391173696655,48.79284333442256,70.87873340336975,77.87899674421162,41.49094197017233,32.13249576081413,31.928810346959988,-23.69230761014253,-38.95682559543322,27.83970169177978,2.422027154874456
347,-54.39254790880651,38.59201540680794,-20.918949769889405,-0.4831189499940368,-21.486241709956918,34.763050339786524,-13.202848340474993,13.757651273656785,-53.80351352943753,1.5585482598922593,18.490064488840726,20.036064640680056,73.25017446370943,7.81255585888958,-13.193360308427351,31.332358153751347,3.1291021215567634,4.118721588993871,5.394769650294789,-1.692994230629381,-41.9413275271799,49.985872755387526,-11.52796013708035,-5.534098047694343,77.3777347263872,109.88386941305089,-18.771875247335164,4.005592701343318,48.28094832735174,45.071654266838806,24.26046205989277,-58.605131657527764,5.729885280178741,-18.244129493824722,46.79729407658132,5.83436071035693,-60.639691902592524,-23.186780300561026,-16.61598168281523,-15.627375981556435,41.66440103516885,-27.11835292456547,36.59150412122668,-9.23563666506577,67.59329151810383,37.51074979225781,-24.764722325061427,-23.762368705260272,-31.65072155966388,29.55784220604763,24.86783968126018,-13.138067500667281,-82.98233576094138,10.778690060665573,-42.610987253048684,0.11091003539833233,5.373219420027723,18.25833955500441,7.129418856861023,-31.01346029576371,5.491100082468992,24.070012729720876,25.09859859266372,41.70617501493463,-4.081564567957701,-11.320803522219716,29.382608666018115,-33.013986927414564,48.54603513055056,6.168417441328373,-71.97276109648116,53.004522963094566,-55.31433398186697,6.693955732114642,1.7972431791079089,-48.05732425579432,-14.775190917287158,7.810159607561422,-23.36237101565409,14.444942206639723,29.25228894171569,-49.93729316507708,-9.018677677746275,-12.124107171288237,41.470924281777286,8.962333122531772,-21.97557167340462,27.9688532756425,9.027035479624557,-16.743710602759155,-26.511220330303683,6.525806483945944,71.8628746869819,34.851987960603346,13.50093271367879,-39.606741072288834,26.298760441204045,-9.644256932292256,22.501728390870294,6.254029596780929,-3.9964988583971235,28.860677570611404,-18.029968223161884,37.88979035594211,25.049722222329162,48.754844056816424,-23.59826559583613,-16.80938501909207,-31.56056363402649,74.62277878228272,57.031187493277955,38.79958147796367,-0.11448790449988133,-23.07460474201532,-27.569452721370514,76.88853061397634,80.70668814935256,57.97079639870337,34.32115258104873,19.634256625766014,-17.86332562964705,-41.90244268348436,1.4024967951735472,-13.408002632720708,-51.68235730890876,-8.787280105314647,15.049141545554459,30.615174145331228,17.51183768200315,-26.2211755677039,74.80167217768322,16.34159500536749,33.29098906816919,-16.535924108844537,-41.03987515932617,-29.90792856015771,-64.48466620343675,-101.69982393379469,-83.56878827352823,36.33893546915689,-56.76400576458773,76.3285863198638,-3.601122308369739,-41.20644174356635,81.54327599377517,-45.06058348184882,-34.106958701155435,-39.89134598522071,-75.64335668666261,-38.24747023662927,31.86620746341659,-9.26018544172195,12.88305273837361,-45.267654152570394,13.564141462508369,-33.61141287996233,5.627330564088721,-18.21382734307445,-69.04723140414406,-2.664021531681932,-14.679568976672929,-58.54715965716421,91.55883327164167,-0.8047043655601822,-44.341395513577446,-59.17343353224956,-46.758128957630646,22.094455275315863,-49.0335597269505,-51.771362800480254,5.598104248954422,-53.276360474943985,-12.19254529713897,5.879840529518399,-16.185850080789002,27.218194342749147,23.17507276935506,-68.07124059055275,29.023348699265775,20.267063205185583,39.61126272287255,-24.844422508688456,-3.586238598272171,2.770883793792298,-5.058836630332745,6.171378785377794,-21.70001505886311,-27.972529868889467,-47.76277838842012,39.04988623389781,35.95761876453549,-42.17982093879348,48.05566405833133,-14.232999346648791,1.1814703488085465,-23.158236777847485,-104.50980026289261,61.901335446338905
348,-44.981702219857766,18.503431491547808,-41.75953151559155,-36.10509474685524,-18.934988703230456,41.90665464673407,35.872500082817176,-13.491490962659494,-25.52835646395819,14.552745515390402,3.093410890905417,-51.62493037911869,62.49292716067106,65.46769372786143,-7.437427453986444,35.49092049382328,-10.637661801440975,46.11792183173396,48.30167550046312,8.88962116155598,6.786046448232032,40.53160187594632,5.89675984558934,-10.515895162459739,20.36307306355343,46.38812119437822,28.49622261190179,39.36446764715831,-16.117242442339705,-20.59893913447213,6.780773799428163,16.818474626654428,14.485383909270306,11.416610299654513,-30.640033351391935,-9.188136217180517,-31.504107957625614,-7.330127234915527,-10.293889497004933,-41.831543207613855,13.255162743718765,-2.5286312405419684,0.4540565071173075,20.209845312622324,44.535804860811346,-14.581536861293092,-14.198984968377212,-6.060943128367874,-4.481143708538378,23.816159256614185,-13.014741634205045,-44.27236939953684,-38.32748805447146,12.663218409773766,28.40801650072223,-2.653756612577654,-7.877269717176635,36.48406205750352,-0.041352300293417354,28.344115440504805,-44.14054456705084,-2.3401989542199546,18.364338765641094,-12.275882432936159,13.692547500156786,0.18061994881024956,-43.53041419660572,24.8151242647857,21.751723025370264,4.506288520619461,-19.882516090465018,-40.00409814527319,-20.416143818087775,10.822019637450847,-30.508439434136005,27.44515450781329,-24.983874789199767,-20.765399428774746,-0.12362197048166657,31.21010400283411,1.1337327935482757,-20.875421871081258,20.47858113047488,-5.102442006639947,-16.39666867618648,60.492880350854215,3.5859055554890755,-20.290198913548124,33.14650002643852,-8.41886181145683,1.9683027484690274,-19.451526908322457,-19.295423830484943,27.606339022474373,7.304044026801011,34.333834082130885,-20.8461899834535,33.03447901909881,12.18067297149572,-21.98357773100602,-13.74369047695269,-37.51601353634036,22.838871844217344,19.43915594963663,-1.1912315413700139,-20.753936811165666,-14.15648693978873,25.103976913406026,-21.319782656197265,-26.30417029061302,35.252856463505566,13.36696756581208,14.747943677784464,-50.37824321912518,-5.3375786438591435,-23.495832861453206,2.1998319151766133,10.581520160941645,1.1575885040760898,27.496676046297132,2.3606750270826997,31.71831350123622,-9.589840413599722,-4.326941506561013,-13.949462574330312,2.620675840968972,3.46752387236674,-16.236124069699283,-12.242458754142097,-10.090942836999123,-2.7506759179033526,16.80202708705118,11.407018369332645,17.649153705594887,31.54797899178633,-20.406080611047663,-16.729760424490077,23.29755018751877,-4.115840334078186,10.333174191061461,-1.1517299175562958,-4.135571488583652,16.782740890604085,-35.95430183634321,12.9152076702554,-4.3250406036430675,-8.643423354294086,-24.516609496493395,22.39042572105327,2.515658353007095,-30.187487584328483,5.434443501782608,8.762646381858017,-11.855396364921925,-25.886720205690107,-0.49176329759789383,0.4245022836961455,-17.5556265129108,-0.1760331182170877,0.14866375058050096,3.4939818128433817,4.98682570492137,-4.895781754979466,5.147571204703669,-59.71697268283628,16.84627001600908,-15.165010928783143,-54.55129097987381,-13.520801984820714,-35.722875573711036,19.362153304126615,8.838269824418138,-31.24681014319074,-15.582720544328458,-18.78148611575582,24.705474770844134,17.710252340007706,31.940543949147788,1.0876405970321992,9.502386980813883,-38.03105691353423,-31.214467366823744,-19.597063431132238,24.296798921387758,-19.840009204650066,-13.40924900180704,-21.47725156411703,22.665347230263492,-21.114762281822635,2.3469206144514168,8.721372347868742,13.656924589936652,3.3771413833318644,-0.4489838056225625,-13.314881376682713,2.5937592241796703,23.411806302230314,4.621448868010794
349,-52.28095939023568,44.22240077159951,-3.5653484959806825,18.008041074701577,1.364026407905782,17.017984856587304,-42.67065354772493,45.62151635305164,-31.140914015489738,-2.62144214514841,5.9304046565774255,39.24499932091818,45.68365463118088,-2.259995043892629,-1.6753155636639248,-4.243831086226667,-3.455999437080115,8.575905655927246,-3.0192854597270125,27.481796081379816,-11.457594388637812,36.71815239100191,-31.33945930428819,-0.046081216164476135,70.04657371628669,43.183878226101925,-35.05024508249096,-16.991317974123092,46.90584800691838,49.333513544379436,-5.424465812202461,-29.612577942960737,40.00268786355808,12.461755303464495,-14.822880526332098,-6.018988293207244,-23.202082713079474,-57.772325302624076,-21.96553032706847,9.246108264189365,-15.75579629677136,-19.141848636528294,19.269150459525967,-2.563384271964964,27.188927085258836,30.686814935761774,-14.09073875041433,-21.522986883535093,-17.42076182275312,3.3514865222327144,-2.6843338747509553,-30.28632524959979,-63.94000424133685,61.15232370971992,-32.574641744421996,5.119663222630198,-11.639607242850069,-20.29816249188076,0.22803763476858152,-17.588076070494196,22.496512815895155,-14.672538468525747,20.58786134254283,-25.110306414986866,-19.92455433305466,38.43528422092458,-15.675719914126391,-28.572467088743043,42.38859307412276,-28.790822851167494,-19.897461823939757,-3.056131354950876,-42.27322694461071,8.893612403042901,-40.21262492618543,-4.159668374826437,15.84783739502967,-5.865468326201339,-56.56546514985869,29.48633212099855,2.8863185007975436,16.831612435962196,-23.031891654063145,23.28018785955481,4.919332144790127,20.059939830910505,-42.93685926204821,-12.8006395710201,14.769786897183874,3.1571895026646373,39.923629660983245,18.14851026661357,32.42935125808021,18.495257062866084,-11.631157063353388,-55.1417304200879,10.762904101145566,34.77567467564464,8.030789896910903,-9.777864324869569,21.944869509521926,-16.597156310124536,-1.5284224991502828,-28.12833726210114,-18.77066244832063,21.48192660475278,-22.4466756799905,8.916095034075315,-27.91246039820816,-4.17575266121036,-3.92782127534207,12.111538772921413,31.666810409190763,-39.61113812643251,-36.92821819140611,-3.656597501041588,2.619257586701046,-22.573637944124563,-4.482985879488014,-9.007879101450504,2.350461594878142,9.115049778865753,1.190386717029463,19.580262858462174,4.217862525864266,-1.395294946153312,-5.732636902025217,45.22618732168023,-34.19296141895111,-15.012870751086053,59.45113066618937,-30.578783816516705,9.779953752638114,-32.02670762846758,-9.430219447355713,-12.662371813999478,5.41661711908175,0.4676062766165467,-8.235078437591172,23.147436802410127,14.776938632508639,27.240018350703124,-2.4321304136455066,-34.18109086557867,36.06529856886675,0.7388596154845104,18.82766000600583,-37.51564538832421,10.697905835273154,-3.866773790963286,34.09114609631078,-2.6850549324858304,18.692586623435222,-13.1692658151841,1.3045756776273516,22.177799675367535,4.130830176468559,-23.66405333211545,0.7441216020496216,-22.75915938806654,2.0230950709857414,-25.832490771088825,15.473633975922231,-64.13199350665376,-23.933547849710326,43.68308139294042,-15.69607886304198,18.698234091347356,-6.2889814297801,-20.6806502183011,-2.596560677106951,-11.697143660415067,-12.268863149593935,20.419640784371953,-12.263261852877966,-8.68727472069297,-11.227953461393385,-22.74981366510665,2.612470478035628,-3.2421118800762345,-4.6399344282335555,-13.108819925303582,-10.274924809045952,12.26599807257146,-10.822669794905961,-25.070819783045696,-13.488789655992234,-1.9836481559396453,-26.605461581277293,33.23984623631803,-7.778245183648942,-37.61877840001285,11.181840302583712,-9.202050569917295,-4.363216922596297,-11.002081585664534,-7.853134182377968,-8.630704649114788
350,-64.44804297105713,60.852575002227944,-21.344628478942084,57.859550722103776,50.3889109461326,-21.786594304456326,66.67359246596448,-37.35690580973625,0.1433579492747851,16.257852130779842,-40.06616701320352,-60.34706489274429,26.87398580993236,-4.612863677790265,15.161033289044655,25.73260920895007,0.3784727848237387,58.89793697008596,0.9668876263264017,4.187803668197953,46.57677174945083,-12.01945655540765,-27.999285834150175,-25.45512848135798,13.218175946970053,50.50092709118563,18.39207992256538,34.3627880581663,1.2815691163734826,-56.52136884609777,-19.663074777218217,26.52224494038326,52.17771128779416,7.073303979201859,-5.342719844334386,-27.257589787567156,20.290629735760373,-23.244226144250234,-7.075793773951321,-10.014730667918325,-28.020022164795755,-18.53208003154103,-16.09203925695078,-7.185201093419801,-6.885273923132116,57.40144426541888,6.46217455074712,-16.768781085345353,-41.58699443674629,-51.99029065654046,27.25046512514347,-28.93389455864661,-7.030189266322621,-29.028554061521007,10.655227228467442,-15.274064606803854,-23.8403865089263,-30.242021463519222,-6.848365414930945,1.0923699024630187,-21.9245681529305,-24.695517096807357,-7.778134449075525,-11.801084894682178,-29.83561858510341,62.940193477080925,8.164273334828057,-9.392456673317238,14.70890938362205,-6.768357865291721,-5.332115386687796,11.002762069611165,-38.753810971828706,-6.411518756713667,14.141800170012129,40.818087159177445,-4.208007922114372,-0.8612381899042055,-22.800817360706326,33.11079372358784,-18.4373346674172,-9.665699839665246,7.816959961688775,-24.96111475631111,-27.25441343089248,9.492919948194453,-25.98048852950524,1.0959011264898924,-4.778580036643257,25.113447341833446,-4.772851076072419,2.6512016577277695,8.033004861196094,48.98271865285566,-34.55428724832454,21.733110227970208,-18.100914438117417,-27.255649854241113,3.3879497106258594,13.278814492166774,8.5341709967046,41.30653032382414,-48.25759610998568,-7.442199935393643,20.42878910747062,22.629289432675677,-0.6885586040818719,-2.875351313080487,-52.2439651136509,-22.97018862522908,-7.740074585299142,31.549218690555126,52.05995880626722,-13.951671269184336,-5.121843360079746,49.03385045946131,-13.034359604515299,-4.766577332923706,17.21773856589971,21.34024746415389,-7.616163038737654,1.7786618173065434,16.81450925953059,9.293629824478936,32.68636651450978,-26.588787875122083,-20.890087596583022,44.719199073004745,-8.764768355073391,-65.75627518321254,50.50164967939239,-68.1097755723689,-15.501255544324364,-12.314898520343265,-0.921236395791438,-4.175222801509242,-53.579371671273734,-10.47191022814499,-8.950519833115498,-9.867686749624813,30.93355352956247,-23.701266836716663,-38.20377802278304,22.498516821203157,2.058914718642892,-14.65017480276373,49.024430459146636,7.630579936067455,-19.241682618614462,-20.714262545637272,25.868028051451933,29.13108227672266,2.5339158623479476,57.06528121566787,-18.50610075900742,-7.2945738577812795,13.82872503704285,4.71296096294135,2.8503448501732054,-6.957037252816072,-10.972488562779972,-19.67328533762781,-40.929645506022446,1.0230417019614262,-17.253452015675958,-4.586679273610087,42.93671239922109,1.7019499660925745,33.81591523843922,14.017462259926806,-32.44520880843396,53.479409620516336,5.390553086323831,32.76952448230771,35.46222889947872,-15.809156702376796,7.265326800900598,23.354956010537062,0.10989463512798342,-19.679246429294555,-3.7067405174675976,-5.39251708436618,18.61978091434569,38.95029731759561,-21.282052463487677,-12.953825318762101,1.0644954838319551,-34.501738975046216,-23.875694359986664,-29.90333025258338,-10.28634757526675,-32.221936258268364,-29.917485946388403,23.889970555395895,7.056999002399598,26.793654813163148,16.593044250911806,23.442239262171135
351,-62.08691895984149,69.16961557248067,-6.362229418519604,49.039643388404876,15.84990144782814,-0.371097944701136,-24.16046839281636,37.882742764609496,-56.28309071926695,27.826981325731065,-23.606159282476945,-5.001226777671939,48.39215796179761,-32.556870999230206,9.243959647081422,24.610518246855833,-3.6707117104644396,75.04815824643309,5.748790430173507,-19.21405377397151,14.678877411638894,17.504257402671346,-10.26166659704811,-24.276226224640727,29.29859214358741,48.50848645645153,0.6802154481847276,-14.60976299322965,-4.746794014848073,-20.300864543211585,-12.28247926077014,-7.699007032424329,-1.3067967592697836,-40.117830893366936,23.11210569377097,-7.930602421131384,-4.264784527351434,-22.817053824422644,28.49808712291204,16.800810915824815,25.94594275832493,-13.478997186891087,7.9222958793477085,17.916274660074645,48.292096993161735,-4.212015213954567,-15.319036894540874,7.87155116634293,-16.423306363480876,5.830840581551478,30.988610426653885,-14.476601168065734,24.15827451612665,-7.082382351114739,-10.763859525127504,2.3189766033742147,-8.115045484260147,-13.786385898581567,-1.9961744209408439,-18.81284531786366,-33.49647503684165,-14.386647965111617,9.53474876603847,-3.13772711967159,1.5805552865561834,-5.032285604345104,-15.657751935318215,-1.1398789099853772,-4.343263598248008,-44.76623725183323,13.728580236303412,16.96927779760251,-33.122110621356335,1.7214689318527212,-28.753862465507254,11.387370631194706,13.114623996099292,-26.613732574957254,15.483704443976917,4.180487991949842,-5.063568889449837,-25.309322741913512,-0.8862003722006777,-6.936847281406882,-3.5942629018141394,16.64944545700627,-51.20770622014974,1.0611782736310589,-0.6496076337983151,-3.966773648344891,24.628911612393377,-3.6263301762754008,-5.12683409982508,18.359796017264486,-20.622792898724807,3.779356115998229,3.6052136010338978,14.901065946874041,2.455185977618862,-14.495748475065849,5.38667918632836,11.834418711094553,-6.071634348302088,-7.281320542348694,-3.147703214168265,1.6637384838016387,-24.103795643747315,8.41914761836822,-8.884098700012746,-30.40407563830136,2.314072038210786,32.1362385081672,6.295580797482741,-2.430117557047857,-6.115626384402999,26.155748395134477,-7.2167353494271715,-23.52365313620388,6.715796654910079,12.334426692987797,-2.702254072192301,-13.188885279814624,4.553868681679397,-9.748801504903021,9.626250164438774,-17.467112790361043,-27.717172249857725,-19.498839572336124,-6.434004295909647,-5.101162838272499,-8.901963979005656,-24.532669491276074,-13.22044217989824,4.562723127868799,2.6722558086396715,-10.055366154863899,-8.1884677417484,22.31093253824229,10.350016381239177,-16.145762795962597,16.673331954159256,-10.271775543855322,2.603624330447068,5.965763114844401,-0.06903147742114496,6.908353334843981,-9.24516057108599,-10.412333176259311,-11.905674330538357,-2.640370837207049,-18.582406033623773,14.255747501703366,-9.424539788947513,-13.277251565258677,4.378162412399191,1.8793015331305736,9.757322362682464,1.6918050705394503,5.110054833634112,-12.8994790047684,1.0476522461513773,-1.3436872384264478,1.0639354174960083,5.156631802873996,1.086126717152213,13.201212136196125,30.792551306514824,-16.906711720926403,-29.516337111754606,-3.4851621905960113,3.2928031034807543,0.24923236237078267,-32.286153238020816,-25.208057334753562,-12.822385171657345,-9.59809448080753,16.826387963247306,17.81343528403875,-9.801719247488347,7.447905864405257,-11.947854286431003,1.4255641924291538,1.3021125953960742,5.325859899269077,-18.456158682743723,10.088710823536527,-13.685660781748332,25.12837413290307,4.923267501229741,-33.16954585621105,-3.354730496770065,0.05931759316422361,4.449544121072084,-13.13354791362111,21.849761053429347,-15.997027722221105,-16.01257211259187,-25.35364338602954
352,-38.239839874811004,5.528605866044776,-37.27047664728906,-27.37591173865553,-19.322408630781553,18.1174997035421,10.45203386777287,-11.951658986529113,-19.212051515101496,27.325161949481704,-19.688397510404872,-82.16213857337785,61.333901510969646,56.52554295807319,17.02107659831618,37.94380181752294,-3.209783702549254,55.39605899186997,11.768105247362083,3.264115665647113,26.984201997047222,38.77402712684999,-24.03994893610473,-17.182862771070855,29.068865793801994,78.92603025401354,47.04017183803257,30.478706689814704,-3.6030437666654755,11.595363357419812,28.975837692413972,9.246768908169003,22.699749251795716,-0.22264571332713745,-2.309289850964044,-11.975715306035982,-45.292541770360536,-28.365724106780785,-20.377730684025487,-1.819277394317814,-18.858777945536172,-6.723354547679546,11.262823123717217,-19.10327901269602,32.08835878684483,-9.743731783115173,-27.648780631433763,14.9094653410825,17.685920103080804,12.275268649265495,30.646700254021773,-57.502871372678754,-36.87581231624086,43.331107081685154,19.413842064133988,22.53311705877814,-16.575316700803594,-27.48883968723304,-20.27126944307189,-23.17192698408979,-28.260248767805333,-47.076347301966834,3.9726930784370884,25.993119206188297,4.827876398611234,63.807990006759546,-16.408165489201938,-57.5087642896248,-1.9001097483458098,19.826396911673015,0.23623995936335862,27.123730772185574,0.6383653674835863,48.25653251193817,-57.979741062662576,-24.609131138600667,-3.667147272057219,18.207868255512512,-31.25517698560611,28.78852139391716,-24.249498495758935,13.131752171086912,-4.901005780451916,7.910753700300933,58.96378077060302,53.791876736268065,-23.08251266198468,30.36926900777669,7.322065768196549,-5.981972357903824,-22.198522583145618,-26.80133869546434,13.169525903183104,56.43177072226388,30.5059344730112,43.94517702764741,-27.93791607334278,-7.977951464958013,65.52736257655815,-16.34095177630781,21.973113245822432,31.121612503322858,-2.1032200432125605,8.276272589458095,-4.334330757398179,-19.73221266364667,38.76582150514428,9.580023737082625,-14.405547949282159,17.918328118892482,29.08875461278303,-32.63560096907223,15.207306933968148,28.34317225786997,-48.19845830610341,26.733982599825087,-12.35564772234763,-14.45396802839818,-38.58096407605828,32.77897958899225,15.613068937458127,-1.822482020656851,34.177878361478164,29.81471978787232,11.334009900673719,-10.106862507287136,42.99327108470459,-14.020786883679206,-20.05824700868532,-1.4336667767722382,-78.16016000590214,-29.451929432199268,-8.410691749831676,25.60077399973909,45.778855681682394,-11.471579337941941,-23.808035003110678,-29.418120788662506,-34.12868536598603,16.370240155892592,-45.33523111197633,-0.3704248297277606,-37.01615718953563,-23.121831320240997,8.998578199094108,39.39124740720595,-28.58643281801626,3.8387850638195675,-18.856523114288365,33.10654294005287,-20.163095821127115,-0.9406354884085107,-50.45380939974217,-30.44023909556739,-25.538579963660418,-94.9067755428061,32.91527796880343,-13.672529246640664,40.00753001227503,-0.4762075299729857,-47.80094120264044,-50.02542556461039,-2.781954799218367,-26.818177647428985,-14.914874742992897,23.048109701067517,21.87466037419415,-5.779614606946424,-7.765538675101139,-13.891560720983652,17.959240598561426,-67.79947435384986,-30.63374063067926,37.18093289194554,87.80905393518576,-16.541146045858234,22.353537213492878,-28.68511189857226,34.58482239591325,-36.64795797681189,-41.170176372800334,-25.24324708781093,20.56660611647024,21.21906829119,-37.05353211664705,40.96811013252836,-8.7090447203414,24.116372702640874,-69.24565007809103,11.751583650804802,-14.39383183860162,33.471774760280944,-68.16513999768084,9.690886885433484,38.447212525539335,26.86406920474277,-56.327869394850865,43.415823743445614
353,-56.36602403647645,61.83870069725379,-15.135012097226642,37.51742432734244,1.871034580656024,14.185416312051167,-23.703637416191384,26.333868206741663,-61.01808211971511,17.5811102114119,-17.57519459074181,0.5187136074781533,92.5660923207989,-30.540395774889276,-4.312408506788681,30.107399687268185,5.453595104113292,52.09256576978476,-7.870435145727423,-12.815334617848592,-2.517066479947503,15.03848970527574,-26.528890823605035,-5.995983049819897,46.93855754539574,51.0534365994487,2.2503719952695067,-22.888426146569895,7.128191198497085,57.33864174536968,2.5127822916370244,-36.06604961247344,21.646763890039484,12.71684795608184,15.02816297693584,19.380160041080625,-2.076484381856556,-13.76359570262812,-0.2811900466810223,-3.5858919135568796,17.103210024769762,2.7085811043899417,19.19171505847467,-18.058079740611856,54.433756173591426,17.610769510064067,-15.970213305763512,7.994305007352101,-23.999161410536917,24.534120678600942,4.930127454709267,-22.35448061894264,14.73904283955532,-1.3693305901792272,-8.001315574487839,-9.269674066504042,-26.74372635339959,5.997432747624882,44.81762677624133,-24.61829541632968,-32.078314310871946,3.6770190463454715,-11.225622606044677,4.377554952696107,-10.260796348068604,-11.914409739649363,28.197985140385423,34.95199776504677,-18.53113587896108,-19.893146641702145,-18.951159615697335,-4.881050097958702,-29.002513353627933,-3.5585762258569718,-8.542625699267369,38.48979311032729,30.767076554551174,39.11734834465353,2.8516416851427455,-22.00878863060112,8.363332807923335,-10.433094221203332,-11.36732304373548,-31.966310390942205,17.002229437754977,-17.05736303703135,-5.62034859388266,21.222721116729428,1.8523918871869705,-26.322765070231494,-10.612958082455677,25.97192991124917,-0.46213097473832865,37.27292588363821,-1.371283995507524,6.92304048197129,18.810105416561896,14.356405969137066,11.263653481568095,13.164533913322304,20.180098341225033,24.329423906698462,19.04608142644957,22.51584384967817,20.13921472535638,57.02388373661351,-30.938656032348142,-15.489023653458316,-14.982442059319734,-9.539967395476571,16.82312949394928,24.732864298048145,-19.239674334247454,-7.79661379676391,1.7487780781974291,1.4862626684266242,15.217287177841456,15.341620193355896,5.252557699040848,10.383260728008015,8.350974399106677,-23.248366117742094,35.800250142319,-8.427592998857348,34.860140821157216,-22.773917666008668,5.686622269995192,28.96633472162572,21.541085630146387,1.5268292894006184,4.976925331936861,27.7516722273938,20.676744856862584,-10.2424755206173,8.252374278009572,1.2096445794248174,32.80489586312339,14.630159005627775,-39.13810028009952,6.126900245434738,-12.182636665519421,-16.7211924345687,-16.67357236180256,29.108688747211126,4.845984494898341,0.4403120620494059,14.997231967412448,28.012163217859598,-23.95120134882059,6.0874797614569065,41.49351817798251,-12.602029167039092,11.753809991246879,-49.88118323071497,-17.211233806061408,-39.41778779876159,0.8634651037193659,46.412511830157804,-18.527688491696434,-4.052310476556466,-4.256128963606651,-32.69707216596596,-21.642505934718134,35.52494789009934,-9.320543616916773,-13.25966753588424,16.758180365273407,28.22450640102179,-32.75957047949127,-17.410135171582397,21.505231328069403,2.1755611603870406,-31.098724032845183,-29.46999411266754,-33.17321954532763,24.924386180688604,17.422831806673162,-29.226667276457015,23.436828914843993,-0.11751983542788785,5.537337217567125,-21.91997674140071,51.448602726323415,-45.18048602947208,-0.7969488426652925,1.42457648333538,-16.5164577768014,17.892976075549146,26.889892854216615,15.727230689466875,-30.560131747838692,-32.35222865128006,5.40965628032596,2.9166328362523015,4.70925390037009,-15.922339575719004,3.248570752239408,13.053054158221379
354,-74.64655313429414,79.86236727444208,-22.444130773491565,82.47152400280427,50.355620875026936,-29.17733259451254,72.79918522981124,-57.90285528061022,10.77779056224899,-6.118115800245831,-24.30788059398362,-18.112219522047077,76.81511092501013,-38.04522818488883,-48.92788450189893,44.05163121888041,10.892921229442662,53.37701811693902,13.788076358093543,-52.08172964534919,-58.977344819141706,18.22148160609336,-32.5581838223233,-24.36215636543749,66.79206022178197,88.17407040151517,28.364194110392212,-42.45307934070941,-20.33759941525386,64.06300863547526,9.950863253655818,6.2414845221467035,49.5250953765273,35.79332533335007,-18.560831740510974,24.14236829244751,10.135715785267001,38.720630834497356,25.941149785070614,7.319285510495597,30.594074550989482,33.699436082780316,11.395629491471338,-7.236773150997693,57.447582136657836,-12.862380292827774,0.815217172720649,36.57743506458661,-71.4833731807767,40.97420780848169,-33.798075678738435,12.075219661108125,-29.93835340103452,-21.723516917776088,28.61911082101385,-21.93114845006142,0.6993806570086956,-20.83843345712423,28.238197489410226,-18.126533154119702,-59.05555970543989,-3.0860531751377316,15.500824418708692,6.63432369356897,-16.363924352706224,42.83877189389938,10.11902928389555,49.64942278901346,47.16488744271416,-29.108312450406103,1.658191364243716,12.438621344801776,-0.7928760215418793,41.732635919284974,-5.1602588622036505,42.683546754301865,22.138487310283328,8.671135866866333,4.035328806179981,-11.31173872018812,-22.564238475761726,-43.068187046144395,-70.70710974795279,-14.61585679575609,8.031114097347663,-66.41913404318592,-6.76739653341393,-6.24601871097722,10.27351451955248,-29.725728747294642,27.443700728312074,5.472911237388612,3.015701810345614,39.26606457439599,-25.609501722006762,0.03595418571112355,19.52681724563228,2.2727770164588725,26.612506464331922,-11.94538327851237,21.877833253559857,6.869390042083861,-23.851006447888786,0.20489156701672812,25.12350864757309,22.572944955913492,-43.84273131877863,10.4052910248319,1.8201117561305833,-44.53137530598303,-42.28444792458775,25.20820231004411,9.8041895980312,-28.18531740074426,16.217955901670052,27.002500360120173,-41.970803459573524,9.747395041690272,-36.4406136763186,-5.884225340588307,-53.34129978314787,-10.722795343296516,44.669260667198486,14.969885400211767,28.549621021836828,-51.11861305406125,-79.23747872434875,0.9944887838949428,-47.3372250361507,-45.417759930870766,-15.369570673825326,-42.46443537960904,62.56738759267341,-29.498910361823572,16.826017136971632,-18.77911871568998,20.154303738958536,-24.896672945285786,0.5898374712552015,26.897993178309843,57.11652319137271,31.847960764868358,15.804301266510388,23.663738431545582,10.320602246842721,-21.403081801483808,7.6685842670979065,56.99722927556573,-65.04343954035666,-66.07261765412743,-24.89609137668827,28.28513988510023,67.32755709276302,81.77351224871808,-59.767283145374506,41.99489035898144,44.575258578407464,55.60258505904149,45.11374543501756,-3.4583985749381214,-14.28766490422157,18.401734357977272,-27.152235920893578,54.05589937164179,45.221483230760654,29.44093685902875,47.22099062800957,-0.22164219880933364,-35.30908915953104,54.611306872871126,40.345016989774855,98.04180330520788,27.329542061538014,8.321199932286556,-106.49103904173285,-51.86831614449356,-36.87080725638319,32.635837780230545,28.659270942519406,46.71141852344897,34.317426682233325,-25.755705430431046,94.50264781150854,33.823913715605194,32.5069641249943,-111.3258415020952,-23.984064164838816,26.266505421037802,61.549331379277426,8.177447063995,-98.82116738425302,66.87697336716037,75.80932756959692,93.03343406396242,179.62113192846783,-63.93400223895491,90.42557103771587,-1.1539003280528037
355,-44.212116449267526,23.716873692745157,-6.355451358274125,11.504950829837707,107.6503247243045,-43.09487504841561,157.98325318716485,-57.78213821652919,96.74579182567075,-17.34634275516041,-23.02431409902445,-60.707477525646354,-90.76967074914717,49.63441970477833,64.16041590289106,-11.626917870875541,-51.5028640634598,37.366839589551454,3.6900789049615645,92.20224425941026,200.30375453946817,-44.656970023505224,-90.78989864419218,62.669118340174634,11.640189689647496,-65.34179595845615,-62.54672790986272,-20.32378955406103,23.875661978596728,9.229262402386212,12.066452272308062,-67.01164111147882,28.563435651470183,-33.70868402255336,-19.419017380229732,14.988032512472087,-25.832453844248256,-7.3021093586327375,46.91394578215156,-97.67685267228272,-3.3198637019342834,-63.37596879472961,-53.71490485335621,-20.38766897220496,18.570426971579604,107.7774333826293,40.02796008788721,-168.56952542809577,29.59576694063146,90.0030167896086,118.80495436946582,35.94488311103218,35.79446734275383,27.73171862718091,147.138638594779,-135.07092379653616,-151.04223233009333,18.605242249073854,108.44778977115726,13.973839704880112,-59.215866870973095,-2.9801184225888195,6.952712779567185,40.801018578413036,0.12718528115780875,-158.19097894898186,-68.30949596069782,77.6547184414067,106.11292556595409,-116.44079647672025,-30.335735420322912,-20.729169715930038,65.09642966582399,16.175511962116254,-21.030709011165793,32.28265646494052,48.55777136137495,-13.293543117759805,-41.481516394996405,60.88767629690437,91.74233537095236,-6.066852962154994,-69.35711101093653,117.69052271428026,80.16341929359996,46.929446632100806,0.21227693459751049,-56.01691494166259,-152.1488945929054,-112.02680399494342,-33.10239085985437,50.259650397005224,9.395453741360694,-74.50609689396147,91.30980031608331,-20.28539013270834,-8.573276406480252,50.99620042785675,-9.48952938192772,-10.767152935076831,123.15440550046063,12.706814046915872,60.05148401232675,-29.716824141604842,-53.82916691822795,4.703270652552367,-89.34458798136451,27.184436633706735,-61.92619020630014,-5.078394847960302,3.941563568389899,-87.06867553355438,32.64139751544502,21.353752771129088,73.91313653302531,72.31827710039288,-69.28349016056237,93.91030386958937,-89.20394042538324,-22.109195072739602,-26.16231266324451,30.48714745125414,-62.19924222964329,41.282864800931385,-21.037025100722232,-54.70908444506396,-98.27694228762981,-132.14844572698942,108.62305273408838,-124.42953864500124,95.95198499113694,-37.422287539559285,-41.450881585808595,42.13160438238189,16.609894277750048,20.481281208773993,-23.876938459248574,-18.661384126742544,80.71590375080251,39.80106350970863,-77.67167514689473,84.51003072223237,-99.9706142823398,-33.5436048585618,-125.6579597059768,-74.93528731190935,25.332114927987305,-53.30898634346284,-56.876921208488454,-49.71624705166858,-21.843403177943497,2.9994028574066904,-6.807150200904315,-21.484437505846277,-16.380056749137186,-86.87815002673096,39.05766751969457,5.552476853473335,66.11572896684204,66.22010065898414,25.09208300343,2.4947418791373566,97.8424217992016,-9.226093351980955,7.095487070261722,53.693645432651394,40.71859286481407,10.088797180792897,77.70417165473246,-60.89930287625106,-5.506598947138783,-40.69625133466933,20.984285056342074,-8.628912883206423,32.06222306363423,-11.493800487274202,-26.825470895485424,-67.71019602150555,17.984391826801183,26.96553137649544,-8.418754333498367,41.72913874802622,-58.54789863787708,-5.2825082933713245,19.598977284190795,-16.32022600550933,22.36439144565904,47.96913792612528,73.46205658879417,-35.24002336459613,-4.453543116065378,1.2608483384172204,13.072132544290103,-14.110531278689333,0.25800291616290466,49.11325134594949,39.20549151918093,2.037427617114614
356,-37.56218297449407,22.322798541737303,-15.544948384140802,31.305728882890694,2.403439857917185,-17.41529649979205,17.483582178333133,-37.431284317504705,-27.990399919192726,47.64993932635559,-64.70414371613028,-126.90518586690952,92.47331802103704,60.74674630334873,25.458302866121354,49.001319712920015,12.825959014944505,80.29452410033127,30.69832841779407,33.752065232369866,43.834703966479864,-8.065612978748257,-41.54426917693395,42.971946284072814,13.350928681009709,10.445404817411305,53.10824040514512,5.074803101877659,-0.9742216428370003,12.03828836473069,3.89897626346254,-1.2428307685722757,10.591017246181524,27.21489405330161,-5.7138914307042405,-8.17280863807007,26.114782684594022,-17.025229809094082,10.180569717206238,-39.0001949230543,-22.586595158927828,2.565577822470426,-33.50305016168983,15.23347210747472,11.901271087044506,36.4800679601669,-31.865334042229307,-40.36141012125965,18.54734802757543,-16.394803869380663,41.39223633804317,-58.23345441032609,22.247705767653375,-3.535480194149274,-27.82948433415605,-18.566451131375,33.91658770029739,13.717865542892332,-1.6488579166384332,20.53479519268903,-2.1985012975727063,-16.004486676295496,-30.260929675162817,-47.155092586483796,-22.584467685602572,9.794658755660084,1.778887007195669,-30.819625404892747,-24.859781343328535,-10.657292802279036,-12.749188417141122,-40.55681719586199,9.81915413597123,4.743885358982162,-5.853260677626762,-22.566052969896027,19.842134458947196,-7.594447780645996,25.154988762392836,62.7324254237963,-29.502632002652007,11.439127425660278,10.767624127087947,-42.99670620306959,1.4401253172753734,-2.0664005375106345,15.957558528295081,-5.376929087275453,-3.878552845337451,2.768351111242549,2.543134013231305,-9.08982663772678,18.48348464893113,67.00246562381884,-14.475519186630702,20.47631965086761,-12.58958590614329,17.53222344619267,-21.789502711608154,-32.115392922846056,1.8608947568669938,24.743521760269193,30.92522455610383,9.165748697393534,29.93091233371211,20.882672699753577,2.598146047894459,-16.28992769685914,-71.19627198814185,-11.736794445155244,4.965258371633668,9.453568211212815,-9.085522906798227,0.31012625855124093,-23.97745547856843,-23.829292692837555,29.79149542384164,-15.623812939773446,39.055146644959066,27.27363287048764,-15.718977414484058,-25.882224910322165,-31.49122332162476,-52.96047126257918,29.484525062705117,4.178209005584711,-63.90423567734434,-51.755141378981214,-6.700963229031902,13.991639951742496,-5.003119897180131,-13.952790574222451,75.19529216570405,11.9195864173161,-29.17219702912037,31.183271986403078,21.767294526228227,8.678276547832569,7.512924191809125,-9.224090521875134,2.454019457279225,-39.5816126268292,-42.293691175061845,-18.271182063058646,-8.990834971274904,28.956978043106535,-22.836892964460073,-47.30268374377523,8.698564885957722,-40.613871793955006,24.475708574300352,30.292832506168264,23.5298429492327,16.400514978882484,23.65256236511305,24.879119231194533,-21.82977972047076,38.50164495192115,-24.520180024814486,-29.7201571663191,40.52787338011383,-9.750320257675133,25.540611533124984,0.7494826009797917,11.040154250929177,-39.602703672147314,-23.623861759122278,50.019315910423394,31.533752802055506,20.05441909306975,24.551704916647907,2.1581704947017317,2.5352473271459885,6.124281641371155,0.36003161778338644,30.044691288870233,8.805691020484012,36.10700184634685,-7.748254648828379,76.29850808158197,3.6363397681801626,0.4038709846781056,-9.463439233619141,-24.440651939503233,14.012413729923402,2.127694508511982,-12.32863122668233,-45.392847108602545,-17.51499192065921,-1.711500361914031,6.393296760179974,-50.54132485559171,11.15452641743207,70.76458476372704,2.7445385485617537,-18.51239179077929,-35.2435281044208,-21.976258913368095
357,-35.31749048451347,14.475232051112627,-13.980122645569299,17.901259989003282,-10.140470826120945,-31.110136054051505,-31.371132403917397,-23.71801241773003,-25.460199855983063,48.3840223474295,-60.788239781697776,-92.85947862770101,92.57407024527195,38.87282339442876,2.633271244180385,55.54832700948479,5.943259450970674,55.98883681381376,5.43424853283715,-1.0310629194372534,-71.3825258785691,45.385500084109296,-7.699792689819843,-9.378327027108519,32.64897190013983,88.51616997956137,43.499779914547794,-42.6187450057722,53.083852186207906,47.71004404458864,-6.70526382852417,-38.17916503454277,-29.623826219218724,35.3398330784043,34.02291087706455,65.15206616035634,0.9964532488212987,-7.69509668120201,-12.53319893748107,0.3500721266681799,58.48068059292382,11.831826477862545,25.75225300860366,-26.785432134286694,-1.831816737720885,-40.88354259361765,-31.539112248939222,-32.11635600229781,19.536536059798213,38.29488222256469,34.52545871479483,-59.99443593802957,-24.442723521459893,9.092302097740577,-50.062098064848726,-42.067459243575115,-33.69495828326594,-12.555080986168557,16.921011947798064,-12.809676090937067,-60.35692984590276,-26.39268044799698,39.73425067963279,-44.07867909633675,1.5184094803614256,-12.425771807726173,-15.989889339068196,65.49072997029755,2.8490944207673983,0.6293506823205741,-9.625723057273403,-18.057258999227173,-15.249740990904968,73.48504982715647,-118.36828625797529,-29.61718283196789,-19.59611971161249,-29.70170608586034,-0.9062673193915763,-34.34661756264793,-2.484203218692088,-11.025323742726014,25.07873575903503,-33.80972383636303,78.10951202721624,19.300234607241272,-64.6824644435126,40.119108710734544,-13.276102339759124,-118.21787804054766,28.70756176642588,28.065104650426257,29.727498525621908,58.38264696405188,59.66637781830893,-13.77041308528867,27.985229118653393,51.15914588572518,16.756975259891384,-23.402737862712254,46.73879130110908,45.10581591836606,17.925277178965178,41.55802030473153,-0.1280519890752512,5.149779094448853,58.61845264950252,-57.98129021691093,-50.501465076029675,-62.72175955560732,26.78230314511938,14.666266090410776,-86.20968141996653,-15.497058134611732,-70.15004032742411,24.165151079615054,-46.43867955115399,-43.52223586068468,1.4612196451908974,-66.87966263996064,-43.11844904584424,4.794525678546476,-43.76089995739999,87.22305863197981,-4.534513601135131,-66.08089220431111,15.096505139146714,16.81128765861356,-24.72750891274532,45.35284254712869,-27.20156976823664,49.23178724917886,-32.112606524421714,5.957092651914407,43.756191634637815,44.47737069270833,-40.53263113688305,-57.8563669992316,15.515868430542124,-104.54667565350458,-70.11247561611408,63.45083048826065,67.31326842166327,-26.88606662293055,-68.07099251908983,-52.69426058703835,43.7523749444293,44.29759782600387,19.49180504775288,-8.395799683640785,14.83330706324819,117.87685530220823,-4.222630065632771,-51.477147194678665,70.123774641283,-14.872627410012809,-11.012960465093945,-65.54436343408534,-17.51432129929309,17.001319419435085,-44.23443525945387,64.27391330338575,-128.1027924866246,-58.89004698469196,28.343056841412068,18.52863243582044,13.594419991016885,-10.96638633604629,-125.71642501590313,8.09644031124134,-84.74025809151203,80.94512085526476,16.529668323946694,-4.365815705845345,-32.84579844805028,-74.82201744934981,20.90992242111192,46.64008567500817,-60.41707521524519,-53.40734495584883,-29.7083375735997,25.04938240760628,52.30478077815384,103.6984706187612,33.06137955431961,-17.62409931368292,15.985442091972182,-12.787938483167796,22.42831637384593,14.986828931799973,89.40432804922756,-126.23348071714796,-0.685425372017204,12.939104979290716,-33.46347345483581,57.855849378682024,42.83531681531024,30.70821897192752
358,-60.27605710714267,68.38188594682978,-9.171288019132342,85.04403140877896,23.90166087082525,-30.699414802977067,-20.752185415802217,-2.9010102631013144,-46.407523998037576,31.348704855046336,-56.78256043198923,-38.39710360498552,96.42195196925954,-30.105618674705223,-19.098281202036627,32.53515636599325,9.649931975506426,50.44777153848834,-8.328936166383151,-40.83558298145067,-23.03820665948229,-6.035271222168303,-18.37290140844266,5.869141309376539,19.804054208167486,-1.286669343258196,12.389288849358477,-31.926942495460924,-30.176948222224556,27.423847856719856,-6.852503632898534,-5.63667391682863,8.594335316327852,-10.694818951555579,17.499823817429537,17.439688258008623,30.80104364457965,-19.57076388646009,38.30567416656679,-6.533541498906193,4.760593023061926,5.782232125040923,6.464330183560553,0.46030964551432685,7.609458752189901,11.77113091967926,-7.076659424115157,42.28710588245621,-35.417414205994724,1.0419042539621488,4.919347854354949,-19.80261809147008,-5.186665640486528,11.681302652355075,-12.504740275816241,9.259273026051277,36.28033559966929,12.831145388765627,15.483689875884156,-10.069031512647324,-18.688745916096906,-12.086037030296929,30.87596897153322,40.171004044419014,-33.961742115462165,-15.48583382211801,6.504827266862099,-12.765963309929836,-28.463609220688255,-27.45386456705579,-12.426478568687369,-14.603007605446331,12.531194102499915,-32.24281600238854,-5.6145240073446985,51.473525537696325,12.608813501868616,-9.473583725134775,19.84714194004793,23.932025745537157,-10.925883884602591,-31.81963442977769,46.14237314278748,4.878203850712802,-51.84292453039779,-1.7323119521556083,-9.7032048972816,-23.788603786371315,2.3631245974790627,-45.71543224883932,9.337480498764943,-65.04827183321768,-17.035820788755125,22.5103491171163,3.3345920165216256,44.27767150996438,18.13778794148948,26.689126714215668,-17.579672236307122,40.945869751392515,-10.307853940802401,20.075341096853208,-11.814807666423583,-8.70379100987613,-1.470765857764365,18.68192977272685,31.780251654297142,-23.221528006581575,-52.128315947672654,-14.473317032466422,-18.49882069958872,17.67735265009063,17.493332629494162,-12.81762832504557,19.21765968880778,20.329832986059078,75.42378365322074,25.65882518096641,18.050866774030318,-11.082583311357162,-7.711079284882462,-19.695025612208042,6.549859494524002,-21.12845676479557,-25.201877463458228,19.524008270666428,-32.05284149301013,-58.381634037191844,-22.38279060853261,-4.54699332565431,26.857624772012244,7.9031388978164845,23.650672785340845,13.532767924398303,-7.460740941518361,5.474002341576495,-28.14274668343795,40.10869411830935,10.868791943488977,4.887026684242834,21.398095790603058,-6.703057183306845,17.80715354822676,-28.003587555928277,-19.839579545670393,23.894393581944012,-29.38021030438952,-10.3029201520137,-28.87660179335996,-31.75173129195789,-39.325685774659114,8.10820655172649,26.152863831887167,22.462947176728278,-23.592923976708814,6.062709046095266,-26.250248861623092,-6.858811485625164,19.45317859484861,17.17654222386973,41.50443587779705,1.0661244565921533,-13.03227609212649,52.61691100689221,31.117307525879365,-13.673073830929955,32.497541010904925,21.02590440681169,1.691357226084219,15.702273693191094,15.701369458261556,8.646253247651428,4.37507617492671,-7.6980366211539595,-7.91210672228887,27.917754347115498,-16.640167105419373,-11.267267914617296,4.266293686108912,17.210879287529565,42.3582926431001,-30.656264807008075,3.6952602373420076,-13.063751240771106,-15.783329865065067,-5.748594488024758,-0.11898310021617187,48.6565799268644,-24.548062889136528,-12.171881556230648,-23.05429616003527,-36.173442781346814,6.110702320487923,15.827814391071833,-1.0582154361974319,18.427204376393917,3.465417167631903,11.53471287449888
359,-40.57497131341052,3.7707422683416674,-60.17224404174674,-59.457219509073084,-9.70453477709721,54.03140645352462,120.49100939184174,-62.954431911034426,28.767748590821135,-17.822429708874747,28.281167993550824,-32.26651905084535,23.98075046011694,38.91574112359147,-4.974204076835066,18.053051737075357,10.3253849453987,42.98494363536574,50.80429618363242,-16.35308691093888,53.54123958073724,13.106399741003154,-34.692105402401786,-33.48954279203128,36.820497897913015,62.909104479129404,1.4216696693842445,-11.542619211129379,-36.53259457573039,-11.545516576098274,10.095824427414255,30.81873797977004,-33.840024360428494,10.384021840260536,-49.60096876983091,-30.433887928979697,9.62485402114865,-12.575113711514597,-7.238368824849312,-34.036189351799166,-13.564907025142542,-25.81385493726519,-34.142436622660405,22.312468907904314,23.090244184820353,-10.807986032429907,-11.361786147520231,-1.6244103315068918,-32.31745341418765,-12.295828347982985,-40.53751634766707,-41.57268273776674,-1.4788086789477195,63.03331172429358,-43.19392063114861,-14.990651068146635,8.658066512722048,5.784473733391408,23.833588089376956,85.67378166396765,-29.00078179968372,-18.839334776260355,16.388012077191924,-33.23455974907823,4.867411755339786,30.65843469445778,-33.40876752143293,67.85917868263896,16.87033461302581,-2.493896091141309,11.99530166291585,-31.930773389090916,-16.954769244262202,54.495398429168375,-21.5755672288781,-16.287444502139934,15.803358628309544,-4.531995466767419,9.157163781552313,55.354362753817995,-33.00329579444681,-23.798064561645248,-18.87402647578613,-14.129989434894258,-2.284677903138704,58.30336578070175,4.134969678494629,-34.75312582516007,-19.431340144374325,0.07325199393003509,-19.757444837230224,3.634126486647492,28.91639315443049,55.92439173977645,21.24168610753871,23.951643844567123,-13.791372712479532,27.97103947749908,31.481357691359356,24.648458159256847,9.390642006931177,-13.690067650813077,34.72021285033244,-12.630789198980777,-2.1646487657497566,-10.430998064984312,32.84792947440487,-15.585277303558025,22.770497489697306,8.989411472144294,25.31714911980697,-37.16346241673636,-9.776244672462044,-4.188696830880512,-49.48702915773102,-19.849196077085132,-19.99594899375718,-10.551360913279604,-11.218648376846842,35.7177040825031,3.2960903173215117,36.22441902227953,27.592668038699063,10.32994395537833,0.2679266243634995,16.131615301850136,-4.152225531116989,-9.24637802047493,11.857119591787853,23.59825772677816,13.579293654114993,-26.713646807705874,6.115951716297948,13.037302291430878,60.85209767033269,-31.08416763284878,-36.26949063530835,27.36929558134357,-33.433555904306665,3.8164224091697463,1.7675702447239279,-6.891849949031056,39.70050294395242,-4.929232416089272,16.506285364408907,-11.678133475101275,21.945488058651467,21.966987119550023,-9.417271564506134,-10.749348606796255,19.773932022436203,-9.256568595180335,11.186327550197118,-33.596841808401244,-10.164593468990658,21.567755744761556,-32.3199924402701,-34.59195710182011,-38.80493779390535,37.22427690546226,-6.431828582789828,-15.241976585856058,-38.86852682730681,27.22830862610486,-29.237762557640753,41.89714326617125,-27.778030631189473,-64.62650379765365,18.030315489428567,-11.461402035624646,74.377272389395,-20.424049878970365,-54.094793770186214,33.163578176745375,9.84186932777387,-3.603084136280778,20.2881918251008,15.0244387661059,19.70402063859263,49.31847250072469,-11.87128497178034,-59.095964144737465,-36.98425480910824,4.800491368494271,-3.0196947711670403,-84.80563251272937,-25.152307248343558,46.13919067898738,-26.7840017781961,-79.81335527770025,53.01536013246541,-35.497007426886064,12.226520677058868,0.6885445583312423,-61.41164552658182,26.27406234823823,-12.297012058564146,18.264117037757753
360,-54.91470360711189,43.714775021726126,-19.570765027711257,14.310661030576549,24.91525398437276,0.9760227838383129,43.755791427470115,-18.092949661353504,8.862902819796194,14.848540148483668,-15.14964483647428,-61.97700928618755,13.62734300382876,18.620011236959403,-3.622984990783059,26.84523199159304,-12.514947504759043,66.13090997014015,23.343998586349734,28.691325743342155,47.63905880172008,21.14560106428266,-63.251809630460166,-12.287877211851322,40.4983881242031,58.29493656293151,-17.087456057307502,10.076343776434939,10.276375197024846,8.114238546732489,-20.2732488931006,8.946561729537278,35.53701606121123,3.7954402034119816,-26.62121542091482,-41.639777761467236,18.58243779258543,-7.363138811573176,-29.382656073099454,-13.520060841692025,-36.529174129400495,-19.781842425315414,-16.17045696537593,16.189688269313255,13.895418362888256,20.660023712634914,-26.332624943253123,-46.449227719765176,-11.92503067094977,-30.50715579738808,36.561926020821375,-80.74627392257044,12.01554810912248,23.99977311113792,-34.767253992828245,-14.567166485894381,14.103306978146943,-24.447826202859098,-15.289216005355547,4.721010884928605,3.861616466868819,-44.48764131920779,-46.336622332162584,-7.328570535439439,-14.574995316571187,24.084570008312024,-19.997847609959,-20.838683631367612,-14.345414430004455,-2.731202581273043,-4.820359497342804,0.8720103119175676,11.42289221161047,33.02877857662578,-13.340229539010316,-6.242811476145147,12.633583175255728,-10.892420440873288,32.80703978673329,16.048560746820044,-3.278745452778998,-4.212857354871394,24.24028573611495,-33.748305617693816,11.331786403673625,61.81654193366954,24.447214816841996,2.7418209035949483,-2.4051162148222485,17.689592259999255,-20.83233285890733,0.30845943836337697,27.16939204530901,54.20163950431228,-11.23779397673491,-4.639328472708238,-12.070716726975936,28.693263300355387,-16.423369413813717,-4.043423023402282,57.190567793703124,28.679086740679697,22.17123900505801,-6.249789992118371,2.0591419918580445,16.628938175378615,-6.678851146007384,-10.888926316613107,-33.06142199127686,17.376661370351076,-8.23793029552208,-8.896240234647065,-17.87369987275785,-26.856875393647133,-21.67354062201127,-15.511753811235131,3.4634566817454617,-15.115534544287978,21.78839167440382,26.663626841481218,5.325923445834343,-12.65062756194892,-0.44847536126657717,-28.499030854732133,18.234239068527245,5.873477474356702,-22.698226707382403,-36.233353328883375,5.15401758976514,33.75276170670324,9.894978581900853,-36.58843956028767,50.06953116939434,-12.441064509289715,8.06816845066694,-27.27912980000508,11.277315866074764,23.30500333956233,-7.936038304144107,-6.125540961263326,-51.59326694409758,-31.560974305979215,-2.0488720661755293,-12.543193831683007,-1.6785771525224056,16.58423978454354,17.47434243325752,-14.377220864343121,-0.02029991080511201,-41.98325427739548,-10.379768724488718,28.986298025204135,-6.2310455341309146,-6.980183051402915,0.13704609546561636,-5.699269083040489,-14.251619140739333,39.41905992019115,-7.345244476575848,-31.957114514246392,-18.60068738991375,-12.604173931507283,-6.952644757587483,-11.19693477185802,13.989358643694109,-6.950448244933439,-5.9601128433271775,-5.142727572910267,1.6764728335767394,-14.660918608364678,-3.1020409489412697,18.12075149400278,-10.81166333575612,-6.803001791540174,9.314486811411953,28.65239351253845,5.67929457270778,-11.153497284367695,26.970374080865398,9.936301163221788,-12.063410917242544,-7.746498188387223,-23.623019184318178,7.4843472039843775,27.31477329518647,-17.453633187304412,-4.205103107695271,-19.065013986337636,-19.33400350946568,-4.830780372972715,-31.218821456289724,0.22911880595413003,-22.988291447056834,17.208293050306768,10.47902335430949,38.14421281248065,-43.34360211512673,-27.214550238146728
361,-68.68514348578579,62.9108894739031,-26.626863695337388,2.1388556330451003,14.990478364405842,45.00608095519395,49.138015594991124,6.082768338382695,-23.633742710908788,-20.689364108997758,39.01262814429586,59.84395460867197,35.89441775057876,1.4308084840416968,8.169869972745863,5.407439110333359,15.95103516574688,39.40055915097949,47.530706722577584,8.987671553260379,44.962782904318296,30.89662374573134,-14.874768939096075,8.989871428630588,12.667427591735983,40.058448678970585,16.77573026872232,-3.796541343396619,-13.119461665441298,-6.7724480836072285,7.529113305929676,-13.57880118574002,-27.158525063867778,-21.97501807774992,-13.069591175495532,-2.3379657914216794,-14.028096358865767,-9.915578995824612,-15.561054075818708,7.34681356036832,-22.581800476594825,-18.6592685656293,8.312469275857746,7.454111611734766,25.220661632415464,7.5615941785087655,-27.241227340549635,4.9745759220128285,38.0572360138768,-7.519515705907846,-25.513145954984836,-48.909666329723485,-34.336145347936686,5.092249513714553,3.5868974667423434,14.314321226032993,27.91040024965245,31.744149864415657,32.81681395495921,-22.796693937161265,-25.63268312758902,-4.220605227835382,-6.111783034362765,48.33401774314933,-37.65593622043287,6.0033733270555105,-37.81754797235138,-4.253284974353362,0.017470481711023902,24.6533422033113,-39.03359121297943,21.405995844717953,3.6859420717213287,4.23098274697828,-3.1054561290654643,27.632132543987687,59.165123846939316,12.477576777378221,35.552330463168246,44.66245017846758,-1.2202709635976674,-31.70920411602412,51.62967708186198,-25.7612375016182,13.145788205446488,26.037285902973156,21.59425829774536,29.019200252923326,7.258825892602673,-26.647834150364638,20.79815682115542,-34.97123717229499,16.48334868561991,35.70936507095626,-0.6956535850419752,-5.6435777684620225,-31.37167799636682,8.353796968849387,-43.88694626625447,13.171653062336002,23.921044856130848,-5.99649242194148,-3.803424504280047,-13.474371073837489,1.5429520951385585,-24.91539943373799,3.342791836640711,8.406887531116425,18.001737722936078,11.616947310324846,48.35249333148017,11.664701542283986,-9.522724553511905,-6.888224247964756,9.243294361106681,-7.67712714142246,-20.366380730749743,16.707668646701872,-9.02254300814561,25.707697927869958,27.272773034241524,5.3149043813510835,2.7727797426874354,9.838814418505176,0.9454366243246473,-10.065074231075597,-33.24635849680296,-1.7184293976574547,-10.133123378815363,11.165412692772282,22.100758670068863,36.77297850685345,13.813056353556421,16.660694533311826,57.621301661378894,15.575859351644699,21.37498624304518,-11.072854527748634,40.522220312842116,-21.95413601311857,-22.90897950734504,-23.74727291199352,-13.892571668418539,13.314794572846468,18.46694173415795,19.711636138969833,22.330656471514413,9.322642354647586,-4.266603974703493,26.144198914769703,2.1718165209892346,26.22088482484635,11.971216980593486,-9.810549868739121,-3.9375478254375373,-4.8503791572476755,-38.37203980170831,36.34955762629695,39.90609129348805,-6.14658473307159,8.86379523354395,-3.3417310423997133,41.38805252851927,40.33314384582715,19.052697443758472,14.686046759141664,17.41407613593267,11.130898317011582,9.013574194160832,31.54831285735227,19.937174657391157,16.847997010270657,-9.62824280736831,8.969934780085064,22.973779610635734,17.284216943047205,26.37110250287266,-11.269725557051876,24.38980067514439,25.187427616090623,-1.3778688455434152,44.483707917209735,21.60470616673945,24.354201663982984,0.9492249866755438,5.567014463208616,12.962903429970972,-26.785116801169647,-43.361951098559274,-30.52938499056823,6.914495309860508,22.005817710100615,-8.19204440842798,-0.5344355030064506,1.0399042416995106,41.9468381433096,4.682562267181639,-7.489987049580742
362,-70.31772512025566,88.95318869427913,-5.082059321554084,88.94355635244183,43.47305113924857,-19.518430084915714,26.905187346210823,-10.751802383870896,-26.404723807700712,-1.0528366218795058,-13.688066424258775,35.93175711664915,43.2092218998902,-89.28325805588219,-7.469362137462598,23.430001240027675,16.229386575666183,25.213495422009608,-11.874537584584406,-61.93605330509627,5.9527573308000745,-13.693890361627624,-29.918143152790766,-26.970143276204155,21.815552641030553,43.77953402603967,4.2763528398279895,-39.92571807537973,-31.71131967027899,22.877635693291655,10.129231923039312,11.892481752502372,-0.9801975128780872,16.127960478528152,9.346841751323105,18.72684439085376,-12.737739958491755,19.37571974800365,17.87532277219117,0.5830417631660887,37.879897070480155,3.7615765798974645,-15.952522401272024,-28.99907888517074,50.27067131513526,9.89678910017093,4.841169546946477,8.284590376654121,-47.30406352177762,23.60421987824636,-5.043431877759218,-22.872999683228684,12.409805397068345,-17.732055551740295,-14.047512126170245,-43.89763289880848,-8.243530852442111,-11.074799474489929,16.61524104521801,-10.259691447154685,-30.27309887166487,-1.9308463064252022,0.07550279639609601,36.463689624038345,-29.31351130600961,-5.43745454127009,13.132697122029796,27.50558615758295,25.632222706843883,2.11767143246283,-40.49405737406108,29.975839021701,4.192596629926106,21.56888833554649,-34.07074561995673,22.581424224332146,13.396998226278617,54.346767249989206,17.010939348124552,16.63043809847465,16.51525873618949,-41.605161683612714,6.097455997463353,-15.352572636863616,32.57101974414393,-36.72845899606414,13.575706435094219,31.818200183954026,14.557050298265262,-40.52439306638747,-10.757075147642611,9.112413757243091,-8.054406767792925,35.327853452710585,19.653111276376716,-19.710661724108224,5.920705540891032,-5.503492150711437,12.775286831355961,19.272504914640237,20.325257510114888,1.0443283120174707,-12.305276417043869,4.717982046605686,-7.012150448631118,29.488893358457215,-19.140489079824327,3.123068713172004,-16.297555623578145,7.216033139328952,14.456078640061358,27.733434828512586,-54.09125735671857,10.34132152254101,0.6249282721155038,9.622888676826655,-1.4567457425541421,37.42380010069706,-0.20005923923433505,14.563634419999996,-17.47085632025199,2.2252019862381536,-24.95764321609987,0.922414754641896,12.906699246326426,-13.228409255534087,-20.471723361893403,2.570632279973636,0.25214291981349274,9.510730331741541,3.564311416349345,5.212511371247559,-3.645312465340695,4.557267765519228,22.76827900143378,-6.465678097192409,26.05161002687786,-15.668167535774376,-13.506129202729362,-14.134418488252942,24.498711970168863,16.92521969861183,12.954362702612077,-23.699679977965552,5.399056935591679,-24.50213553560507,-14.135849998698914,-5.313619429161821,-12.28529955863801,-1.2996383164518777,11.667372358637797,-5.5781545050782615,29.181666593818623,3.0118636585487892,-5.011338943073291,8.691607155933191,-1.244768701524692,-4.217507885861379,-9.173691532957072,-6.6000387954825035,8.201313299993894,16.68296019859829,-37.902186830237525,7.3197478940692475,-21.12383097038521,8.988069528053238,-20.361193607992732,-2.051426701120013,-3.6532058572110815,1.8801000713045974,16.789412751463868,4.313604062369153,16.74625253179389,-0.19967497369398057,-26.95430008242873,3.867303630488674,-12.772987216056563,41.29165243225057,4.686601106436563,30.223719918165568,11.594492388525897,18.69567189968718,8.939215844389818,-12.942041205599102,26.72518921565919,13.422783358917934,-13.335139866798283,-7.982337059577987,-1.9434159373334423,0.7056167530622264,-17.82444995649951,1.8959777485201024,-12.647095618225567,8.89186768597963,29.160573728653134,-0.4447092708639364,12.636745718887257,12.043911305157554
363,-69.45408208013433,76.56127417956912,-7.33862247024862,52.623768556638936,25.82432869020753,0.6861194057955631,5.241621629766354,27.59140504482158,-27.488277256336787,8.968413260302071,-9.58354732543181,12.256127928046745,11.811396436787149,-27.16812578421478,-4.322315971112559,24.38386663834967,-2.9974733141999153,58.676406460759374,7.283066927922843,-20.854594770638084,13.223145104914861,28.756692235278965,-9.631195752867672,-40.55570063786313,26.83675409173369,68.38008642182565,-12.326256678613593,8.975248532604247,6.486360212556903,-47.41813212303626,-24.30991894071831,-2.4221883033636646,-1.0484690512282242,-35.61832533317726,1.382166759335763,-6.1524142867994405,9.979365211807872,-0.47411035903164,12.580587491868304,3.713219109943417,27.15250934551372,-14.658746373841273,13.863790259402116,7.316827637937283,21.85038048424306,8.201315481498055,2.1603257171814176,6.150992431218452,-41.99645312958168,-2.843644309719111,8.466560618229396,7.109031178714811,-16.01620460076821,-1.89665885027037,-13.668181510747962,-11.233177861303307,2.4976952238333,8.806709594254968,2.8503125462604952,-30.688738723297842,-32.68844685206802,-0.5569579981185077,10.201653742771217,-4.834955248886121,-21.68079518233436,-26.497648278367997,-32.39289527868838,-44.09620447727397,-4.068877921741917,-45.86709118052316,0.19859704127115424,33.3690365669361,-17.28649885069721,-13.550847875845282,-21.7965906324236,1.4220469488634429,-4.83152032444551,-17.282860278363156,19.76966661818183,4.911532892737866,2.264724371877372,-24.747606636926125,13.759196156233427,-5.143675604777303,14.381734521836842,19.360627804049244,-22.07637862255835,-15.07223068106379,-8.291204414572986,13.352880750426976,-14.363266154832152,-4.963670895268071,10.564384111937748,8.051964753612626,-15.25090014964218,13.656533974685118,22.179110632525827,13.13093051863554,6.06708376187777,12.834072977331338,7.092650878649469,-18.383736078673742,-13.716850512330087,-13.67475599814026,-3.4196185856775085,1.817570762327982,-8.89090523494211,21.84985979620833,-7.526885574507978,0.9756081474311177,-3.4581463649887816,-3.011208624638845,-6.192137416799926,-15.979479673384752,1.1273895319326122,28.264333263513578,35.3851060111502,-4.725668623167221,-0.9456334056593807,2.244625660657961,16.883153331277157,12.341900561702449,16.73923385287355,-11.948974110488292,-1.7379070384224766,-12.07049900133674,-4.170331545467155,-9.246478236191386,2.6703736771036795,-3.9997678752191117,21.375346605054265,-0.6819138836472374,27.631464861485384,-24.736960961849483,-9.089832685430308,-5.0442017809421325,15.262619103798983,0.19320173218116848,14.371920205364486,-10.084812356117718,-17.420567777552343,-2.434417881905116,18.247265802504966,16.56323197272473,-7.122527602315694,7.27129228240151,-34.41541300382399,-19.864577098389333,-16.454699798725883,-0.9647662739306738,-32.44609737458662,-7.303282505653036,-7.17396685730609,0.16900601636661658,24.479006535097657,-15.625568143700123,-16.100901492745184,-14.76596627017874,26.902207602894286,3.258363140217814,-25.829174885138947,0.912927882097385,-18.630892314835375,23.64549206975232,25.278604752248217,-15.876503912581393,-2.7863465041994138,-1.617019152662743,18.30837983130286,9.06546365838702,-3.9106267348252537,-24.32196100265321,-31.579827613733954,0.43369042342175507,-2.5090013242940548,-11.394231707940902,7.404612108865517,-2.1946469090340206,-2.372504108241586,4.753928317383946,-13.226738695599483,20.91233531467282,-27.00683911146666,6.367708633985586,6.830113215247171,3.7783082442835796,-27.610392231731886,1.0039812324942643,-30.951521827363447,-29.990974116633932,-12.028533770726522,3.0775012871608842,2.532167780556252,-2.1889740697550923,11.22156775358819,-12.926798138910078,-2.1901690097164157,-26.817283319247345
364,-68.11581610917453,59.3556532315911,-25.538252211117314,57.12292169555065,39.85364569808371,-27.368576912572706,66.68166236104379,-52.96807062982757,6.171459868977633,18.54777728477183,-52.668958600412644,-76.85459561922929,86.00056390274092,-6.431057473773826,-15.261140353084219,67.27807954345889,7.168833202952268,90.56939630216581,27.46133533516115,-3.988762316695872,17.652584034468816,33.15474480304987,-78.39355656082931,-41.19449722622039,55.20983160427899,65.70369430117346,4.365956107522705,-11.224434798561619,1.4905940472890564,34.643062607084595,-17.945842256975737,38.505975933313195,42.684832701918765,21.47710944738992,-37.51410391595596,-4.372647786412662,45.18727336270877,-10.5885057907953,7.1689243384833405,-55.73809574916722,-27.407462581867502,-4.015883021662796,-13.719956897144968,1.0550771455992027,-32.71387312796241,19.45770969120038,-9.950909841067942,-18.166122230698505,-81.62616269870512,-9.597777865938216,-62.34749741976048,-26.690356736617407,-24.386850612881936,20.477747643295285,-17.249431467431613,-11.142252288254639,-2.461468837223994,-36.56014231588231,-54.4427181228117,4.128204977926853,8.106435097016666,-18.259566117060682,-22.053869340344086,1.2226560002670626,-32.05491593027611,11.197783589618245,-24.81554770802955,5.695831678663718,14.496803274892002,-25.017450316144018,15.728638901258892,-10.902534280361703,23.7507839745008,31.561218799894387,-10.52979674134546,16.278239278974993,-51.6836199628352,-9.235983066758441,17.281480084887807,-32.77103180377985,13.719782153494487,-21.952539006020235,-10.672129331818873,-12.478912771416429,-39.61297991679379,57.312615963300516,27.362505167807086,-5.989116376130511,-2.846103331716167,20.779095220958183,-31.159588718365868,43.20535296732865,-10.207487471994794,5.376367211685845,15.18443442355771,-18.885785495758686,-17.051580163384585,37.2464531408435,-6.540969268259719,19.12685424246477,57.837258417159546,-22.976120875316536,32.45223699699852,23.61368573683747,-35.990976013291814,45.401299575016196,-26.593692098653452,-3.5237138196238353,-11.458308299519668,3.4486116172053483,-29.54154220573001,5.272503782484477,-19.58170101254952,6.526468601994269,24.12069800170339,8.196932066125765,2.524108260485478,75.61201343071848,-37.41520408212104,-49.38476056042038,-29.188081537705862,1.1121402354139314,9.665766207432116,-13.433231689547094,-12.75450085163379,30.63788771220761,-7.327793645386822,-81.92534492176992,22.07972542086115,15.850389575507986,8.907705221470335,13.34343597446459,-49.20659969780849,2.681636156539058,39.634652230727276,16.295852193592708,22.197355324752227,6.3571789812494695,-0.2252670224998813,-13.60173677693341,5.147157949143449,-37.99790821034052,37.86854335403481,45.074078982810185,-44.15378569808985,17.235660596860576,30.263790680822595,34.83170744487879,-49.1299399765806,-32.46755526732701,-0.195279676055317,-90.83722298404318,40.5951473326302,27.75487916925849,65.7324706430704,41.86366862489923,7.959428145332685,-14.063011738531614,-20.930649093909544,29.76749932670433,-38.44410509563977,-85.45230703863488,-34.09804042854378,-2.525165155607464,6.416295745215743,-83.66361145997435,-49.68752068715004,-30.82371630149314,-0.009833190133941266,46.54838711482188,12.740663224897744,-47.64461942881967,-20.566090945639477,38.20180359680865,-1.9973365921835653,34.13444911468701,4.481441164792928,-56.541345402266465,6.934586001139282,-88.45427562466747,26.493702363753243,-8.913187588105819,-75.49914057433269,-5.020957241671657,52.86923098652712,-27.213250088401477,-43.12671478247894,-115.58475715831528,-2.614456032502854,91.34356207443403,86.55237950457489,-38.17140767459344,-5.021215285454302,-23.398482999262836,-7.461876638816397,-9.05865809158033,-24.74020343292866,1.3626962503047364
365,-57.57511598033479,35.80133380479038,-25.27402923116643,-6.40976267234493,-2.410255586496867,24.439632266027502,54.42488476008103,-25.723709100547744,0.9379184052038848,-13.79486832421227,41.656936110509776,-4.013822397031655,15.526165467352834,32.11287460776252,-3.132918492549042,16.018153754908877,0.1272799333309174,32.281414789310396,62.40785009084225,16.64112103922746,1.4434410523930736,61.61726192212666,-7.193200943269654,-39.08796095571593,49.37793289792054,111.5856567181711,2.01596760459471,15.579689454881377,19.960343881053777,-49.27809898134935,5.006842147552907,1.87847286018715,-24.862869050652066,-37.307645491173176,28.485188626227703,-20.875067535139323,-14.707319036625261,-10.382648748958559,9.400495868306214,7.8970902574570925,13.165598208089715,-34.32618267949705,-7.299192653809305,28.788413821826712,72.14321671081701,11.219020802331993,-18.475422487800515,-0.6360216010303519,1.0996527652710637,-4.267140482610417,23.40907762068119,-76.053186369937,-51.45714054718088,9.518195527040803,-7.698132753455443,-0.2246719150060178,-4.340573708173987,-1.3920436809288985,-19.64389065094886,10.883624260869023,-4.4342968155129165,-9.36864447708624,28.512212340558236,22.78064492882802,1.8924259178384337,-14.179059120174667,-45.52974619542355,-0.6919541113028951,20.541058414212763,-29.928945668694773,-8.184444024120141,-0.6956607192942049,-44.534498833695196,26.4550926353552,18.829463940456918,-37.9066759170803,-30.639445961890104,-25.53510817628363,-12.298884351892342,37.75684975439246,8.500984888615955,-34.63289391631244,-7.58913641012806,-14.175566105970068,13.974096481034403,9.08037403985594,-25.133123353205345,37.69930802574655,-1.8265492642195882,17.1583511323108,25.186252271158477,21.74488290490017,23.013865971093416,80.28622224060119,44.40436439038635,-14.106971468953578,50.58853032198935,-37.06540828002787,-30.307284443336222,37.97860248335541,0.691144181946698,-4.2747227684225155,9.999151612912696,46.66128910169872,-22.944836339890664,-17.523414429290522,-16.686978174418716,-7.1927394181083235,-1.0380052866067921,40.092946084243266,19.956879046475837,52.6902963661854,-6.641569650858821,-43.6762599534687,-9.754834512458906,13.150822352057114,-48.731385811096935,-7.611684108495593,-0.7644893581575563,39.86479694669547,-20.197198517263086,27.65221451898829,27.542691010690472,-1.2665706291375805,-2.101876492442797,-2.537500534871096,-36.38130758031947,2.3979129546676714,-43.620107658036055,13.037909132669823,45.93455052824462,-9.695325643495552,58.10538662616053,29.537470742346375,31.683419165900208,4.796346513199881,-20.47259850037351,1.357771145705621,-78.92076419061017,27.776855769049483,-29.141309426966565,62.19764626815152,-40.53486941587688,-10.060326722229684,117.39534172967194,-35.51693972327699,34.93747843030782,44.973188120112596,-39.626866003436824,-12.480775548747259,63.40606846568529,23.01850408086162,-54.087847976790925,3.8864163417533426,-13.9511836061678,-2.9129222237248547,14.891060521735843,23.001700696183004,17.537278704220597,-12.466506794484355,-54.04454027887422,7.999895337121776,41.789282283554236,-58.22042357696271,-37.572251914493016,31.241043214863847,-14.637188056459529,-85.6602268572503,-26.73694425175328,-35.88996358299509,28.422318496924255,9.216389368070866,13.944341259832374,32.28382890327731,-28.910874314130822,-55.208140713984236,2.0454616569949486,-14.192069186605895,77.54363995230713,-43.12292465595052,27.64320911566208,13.18453570526414,19.941219168856975,-7.714991385599551,-16.342866755596898,26.936077923469647,10.299577451868798,10.505661774240382,-33.578276841222916,22.09484448312679,-83.93151594179153,89.39068255950002,25.14765015114138,-19.43385779509808,-37.3273441746844,24.409865488673987,-21.74575674933327,70.66661300685435
366,-62.66899575896964,59.24287406331563,-24.635506497419048,10.86062930667268,4.370683819015922,37.94083491712011,41.8741671850328,8.48660399934177,-27.88722409948139,-1.9989812039206478,10.035967256065804,0.28215501240341645,57.440831197597575,12.082914332982158,10.4180932272184,38.88310341000834,6.020240062690911,71.34269363894978,46.64258402656191,18.128125689982152,29.895999875239703,44.315934474754805,-7.937022839402468,-22.732947852010447,34.84095525272547,80.68596015130734,43.490265683364186,16.4567976177422,5.74927815983227,-19.759987597641015,8.902124180631189,2.6107365356181846,-4.437233687318605,-4.608574060267851,-30.669294659906658,18.2533809503499,-5.654239390175037,2.9266207348199726,3.536866893662749,2.2860626590517312,17.104180671162013,-15.32766634199652,15.157453010710062,-13.233928612826881,28.398016171425247,-11.166465186017344,-44.3440776965139,49.40416395860179,4.9082214034174925,9.982009208564826,-8.837839195859926,17.078578564690748,19.01970122200116,-3.4719647861475096,-19.345418789638394,-10.28465507089384,0.6225585683221855,-0.9886674729425105,17.984769326190765,-18.8052242124043,-55.30308632443497,24.970838052444712,-20.561245890567005,-10.600498080053521,-29.16586114934341,22.323030172328764,0.16378831708857466,20.18852961135488,22.062458999037737,-0.12416892400941931,-26.054270838292297,51.33614753636878,-35.4453594053828,16.586203848848584,-32.84487375250944,49.96853847657962,9.081713186823935,8.876959771481364,-12.436501444725597,20.03823682779604,-25.035947174950465,-14.129713477619742,-23.46932312204318,15.692192642883796,-8.97480276194654,7.270559484986027,3.5433178975292337,-6.203527710352412,-6.563772048872503,0.6247363599004441,-22.793975916661616,37.373453100253485,37.452816664336694,0.3079734827641658,-48.2921996694886,21.910722360159802,-8.954817551555045,30.946008936978,8.15329493382231,-51.47929110554369,-8.214660155321639,5.3422618674000955,-35.29902049788154,-7.210655388863405,-3.270638443920253,-7.317756533375389,-21.077032505045757,-5.172146534128427,4.67856772118257,-30.397954637510438,1.1246491109726962,-8.048507494106403,1.7960440133413837,12.793859131796276,-13.12155795715984,4.875614093541472,-42.9311018581839,1.1911460737313069,-9.687541304568246,-1.768668616454141,1.1537147550952798,-22.910112740540082,-24.811206258547188,0.710300948319867,-8.970943479779967,-41.22363248112597,-4.120711206095416,-3.5453813047534797,22.752907611082932,-5.555678854770239,-18.474844637650875,-9.850120344964502,18.852741246316814,7.6097111111406655,-28.741739389452036,-13.797218275548028,0.6199377665929777,-30.356958940379485,10.843550465834774,-23.53162297527609,5.792890232303218,18.20353535617945,1.9041764502995315,15.123889635571686,-24.612258988071694,-11.92860810387488,19.605563971769527,-18.410661645683856,25.89600322986372,21.523709688666834,-7.985316294528295,-4.284123357269566,-0.22511212151859633,-26.987650905188804,2.9062635663456278,22.731102976329197,-1.7556656217423097,24.989525456318027,-13.55076494025522,1.9448235141787427,-5.263944896975057,0.8680907850227538,4.408485915074888,6.682606320928473,-6.033625778309134,3.3755268653948787,-8.688583464730057,9.2126075369717,0.6937724409348388,41.44528409483046,3.210795481016962,-39.86974639246656,-0.8342935569732628,-7.987442161963808,15.636767378035914,10.55421427550724,10.815567262251061,4.062562217445015,26.615430205735226,3.540652598725884,-14.688914876454454,1.2649962526547436,-24.22622575665331,-6.325673323131935,-14.543755343288145,15.453411242206368,-14.975561275837034,-9.616810331040845,-10.01601307120965,-12.710497019916405,17.78029769276547,-24.208629096774658,2.4549343220953475,-21.411387150724124,-7.809927958850579,-22.850845067730653,-30.235912374372163,-15.124939840760835
367,22.288962573307245,-96.85896973941857,-85.48116141685985,-165.0869007767883,-90.61323261508258,93.81881671498921,72.88343950244985,-72.20134732432243,24.54288345915092,-23.857421763730464,38.15557911712304,-31.70667755391472,13.94138953810765,7.063679950592266,-32.49732547037727,22.617943233406045,18.849476277052254,5.529169713694157,-4.666076533808376,-42.04408214878675,-19.424066102045074,-12.360398233126114,-68.45246065033685,-52.49303115589653,75.33459503045107,77.91323350523206,-44.65543803374409,-13.324744130097743,9.942892021537693,36.308353637537124,10.921630711868918,28.31054979821642,7.354285654901692,-9.296694410797231,-6.890634287104696,-10.74537329081581,46.379948005044724,38.020756005149494,9.056889133891444,24.39089161284171,30.181836528886866,-41.15355194818567,-10.517760163385798,-30.39287083781682,-8.002498074775135,1.743904963107924,-38.282337833316205,42.180169144821,-64.02162115351365,-21.674952243790912,-20.15966631811536,58.61972220783168,-2.0788789934185723,9.17696216404544,-75.31161452512276,-0.07217733062758558,-37.68045204750758,6.820304992197145,-0.11279418867783952,51.46940190378753,0.42516947029727453,-2.9318110637287402,12.794140115890283,3.6879063311062907,7.149055316493917,-110.07405571004045,27.3511461104327,7.92318450102951,-30.708173331216447,-2.2875318470690895,-35.502318498208844,-2.1440280528953948,-90.79052274211266,-36.79023243391405,-9.570944346936471,56.69996968922654,28.852576160655843,12.163653635448348,-79.88689543657911,70.04472414606468,-36.55892260839583,-43.43354568629827,-19.167372354578898,-19.765300276182515,23.423690424369784,-1.749571854383783,-21.809179831874385,4.812737147071743,-80.89189532640651,73.7976220775407,-74.54368517211428,13.979285531698043,28.459165392330288,-16.64254837624221,-42.75678218297221,-42.1255709619203,26.050659721384644,85.47780251417605,98.42909541097653,8.852869725709263,-92.27623789496823,132.9294899921934,77.43562333920684,-88.67610055423343,-38.247608006334026,10.462131551160764,14.374029161644753,-171.9685756733287,-40.86531055238858,93.38884000768448,83.24765981028982,-164.48377286511075,-41.794099581714455,30.94050850586049,-37.955199856770264,99.78715957352735,74.50388844470328,-84.53909876023191,-91.19246146527519,26.30462221926384,163.3787737442528,-50.229380856130206,21.089151471004666,-45.02849286689785,4.124038075465534,58.35422712683052,-34.73843505698166,-2.852037154072566,58.10479846279442,27.845502029742832,156.17346309344083,57.45599689574888,61.61710268451553,62.173681756014375,-39.47105442295509,60.229804062070905,48.91164031833724,94.59921713526425,-25.732502337017735,-70.10358317534522,117.10733456766522,42.069573072103914,113.11102625353492,95.96521094671864,25.30285914419591,10.731902411646502,-102.21692572255185,73.51010839374882,60.67249198446792,-51.85768329533088,55.754186691964726,-30.65693090019285,-70.0334723105718,-31.41095961038804,10.468611054909571,-30.14223242946033,98.91884020219143,-119.61501724283424,-23.322765880881054,66.56889955297392,-36.38513371086193,68.61780563467927,76.35711869695177,3.430536627291443,-10.673745718524899,15.122644183030596,85.51100477799979,-7.074941304369711,7.001741993597183,70.02866985531277,80.95134679565186,24.3085017495231,-0.8537191718110699,-8.458689423108904,-39.47275516403855,26.619000542421883,-7.107373752184359,33.42027474093149,-15.67137216650022,-22.89364509138132,-99.53524745169706,63.21551057985399,-30.61764065460669,-1.3452365572673972,39.265014126578734,-26.035767422900054,-40.84985783860046,1.6315387712178209,-9.322996735552957,3.1976486865834346,14.009206709427152,26.74016971501377,-31.782630046626785,33.2021571441468,19.21208802385408,2.1832822325000585,48.12990498291246,-16.231021681372702
368,34.99798494837587,-5.485674123670234,206.855446126644,-73.26081661904558,-33.32377047504573,11.030233739582734,-28.503327599411005,4.891687005785897,-70.5193882675995,21.09313497453735,-71.83812783818783,-14.423952496222997,76.52587169563085,53.678169374402785,329.01010127082736,190.0387365052098,48.27170147367759,-115.12739445780905,-25.320197352641532,-11.032028898289258,-115.05154258299993,59.74080359970755,73.72304911911537,10.522240729291866,53.23390389980563,70.38071380002798,-133.1685095037398,48.817389540486474,384.4656922272575,-240.3698688012193,57.37781216079925,-53.30274174958448,-189.7105662677143,393.8054155229917,-4.132693041237751,289.124507878036,-32.071678321640256,25.81083889284044,27.290222626451214,-150.50890589133232,311.33545402777264,17.721194823633414,245.50455164844556,-217.79600484679884,155.09091511808649,183.14305947731418,413.128630317207,-156.2908821895931,-11.266746958881962,-154.23963007747497,62.218016378760005,30.381692184685793,126.5293472365947,-80.1151098926659,-103.93968577659525,-31.312893084352698,60.06532467639383,-39.678838724552385,-14.130578647928886,118.77791559916035,-39.93195933529142,-94.70004950309813,-67.2844481235879,98.76736628473155,-3.594295094590798,57.72544909571029,-18.40603543010711,-42.069391326641885,-27.875514743247724,39.90966532357065,-50.25922634537903,34.46990993212146,14.487291647871896,54.548640906558134,108.60161114470691,28.22683439925867,-26.369360950345435,-58.17795960662022,1.519053860457201,13.899280084363824,-56.04955357347017,-19.78272282251476,-68.3946135662596,-8.029993253917535,-48.22392694372076,43.32943406537061,34.06600344548093,-2.499694215357253,46.62622409690094,-1.0534177504700857,15.96029584825108,-49.832968993668615,-11.531364968276094,-13.5307582655686,16.1911517663576,-41.681751851282016,14.154137496491256,34.97437672591366,1.4231975627567812,21.87435874340339,3.6310461473210025,-46.800055591414704,14.082951025022046,-32.930727456576975,-39.31256470138656,-33.20116717023843,-18.279111981677787,-0.6298699714915585,29.783669063322744,-4.950121277285143,18.79465191821188,-42.47134587373825,18.547947712829146,-1.1662220945008197,24.478607230422455,-27.4648647603962,-16.93372910977757,-8.860632610099833,-10.902610769701031,-18.319107331375122,3.389740142818205,-7.098887105026674,12.81292615023186,-4.546547073265494,-17.226109255135373,36.169163699044766,-17.713457019592862,9.121546869132112,-1.506872052123478,-8.837454659903576,-2.9331625132401173,10.785889561389526,5.361059151229411,4.191545440865735,25.159985572491248,-10.747568906215207,5.915966457737437,12.475801709880582,6.968898263593556,-8.755797199960949,22.374313033202064,-10.573696305702395,3.4559203948838637,-11.696294492476996,10.665402634314814,7.685028205287233,10.960909007848365,10.009955779736279,10.344352227683807,-19.644234771886786,17.252392326998372,-10.162931365567825,-0.2849645211990054,-15.175832925344332,-0.6924408294515898,-3.5261047057554182,-7.350514251396129,19.087716420969944,10.082991990759519,-20.77605418106942,5.611800192499525,-10.059756105340183,7.013676766329974,2.9737975529312646,19.386423849100172,1.913691753579923,2.21003304977113,0.07082084257418109,-5.82313385828015,8.056244488429268,-3.3165250866340847,1.9814658033385733,-2.3684664471670875,4.677008808440461,6.6090678558931,2.149220502184786,-11.210772070914691,15.41048959592228,-7.384100475209645,2.337700060051666,0.1806641209489983,-1.795451493549651,-5.307537313746531,-0.7894995350097862,9.104877192531173,-8.029412625784357,0.9577992007787632,8.321526248098735,10.30900730884065,5.977078757289412,-6.187448023044954,-2.3941886892376028,-9.980372861189306,5.426652838004333,-9.858706352391751,2.5997290194624645,-13.19790087301817,2.69654898700888
369,-51.04006866840212,75.86368434891627,10.383418149140073,79.48752365871529,20.46727108841456,-10.328132772753364,-65.89687095520506,57.45683928593217,-66.7784941215959,23.40878576830472,-34.819769089430864,36.55949996425147,15.259141049643738,-78.22101833216502,8.23056357615142,-26.555688466197708,-4.438223570012966,-1.2063672247040398,-55.49156698419674,-22.530517721729684,65.94549550176684,-21.584251746200753,16.330230795516325,-29.144671372885213,-14.957320961595357,4.967493047262892,-31.070741693613197,16.319240275437167,8.897901071304727,-3.3195421161945893,2.2318485185160633,9.11831411274152,35.91692049102387,10.084881657500324,30.936065752203906,-9.801240657481026,-7.751185727842595,-3.2040981143368596,1.8352835871963857,-14.99942724811052,8.706336225925295,-3.8719704898563583,-3.8947981587683316,-7.134175626983806,15.012327916395598,26.161608999657005,3.2222748880564867,-5.274041851037344,-31.498184742044796,-2.4271772870495876,-26.210029903219546,2.5300747971307698,-4.307588127021619,-10.627658080236996,-32.35056577289563,-10.199102584506226,-30.017284967518474,-0.9961169330223911,27.12242972618749,-17.789487695071664,-40.43588591642082,25.616446631383646,7.340444898811326,15.110334713339416,10.967618656872846,20.341168754171118,17.810365725363827,64.15410774900498,15.129582017861035,13.558946122001089,-16.802681534740344,-2.7398963020678178,-13.7983767968638,-21.9780599493291,25.045645539373616,-11.738194350694515,-9.832200612526155,16.784105564220575,-17.964982036502654,8.251050088703153,10.422159195517896,6.38220353741243,28.540682668607225,-29.196215874730566,4.027011119144506,-36.755714393361366,13.012693867359545,11.913651057046378,-20.154098891456098,16.15044518503603,-22.138366927004096,29.419815634865003,9.520889962376865,-1.248795124716412,3.5932412882022136,-6.863364996560714,-35.18670516652567,-1.7267187593438187,21.621641405118996,-26.469926108493162,7.06291267932029,20.217234623714425,4.686014737754452,12.833875077751328,19.87231820853732,30.83877658782052,21.18437885615254,6.165906329657471,23.019329181127745,15.169193247606295,12.66457761235434,-11.311315706984844,-28.938850280142535,41.365811672030496,-17.166524367055995,-6.859815130951534,-20.141331833695,19.869107977995856,-16.584756118253562,-19.38230106304521,-2.8032968533629212,5.722526237168466,-24.43852925200625,-18.443540074477056,21.46662781981396,-14.876567253113096,17.91138214615373,-1.16412606386547,21.237946713612896,-28.395483761458944,-0.14051502402252214,11.963201010616311,7.697517311656014,28.59164446158421,17.83479780535569,-13.776799587860134,-22.153975549991646,8.69122879736279,-33.167171252112375,36.83480619267494,-30.840374640363667,-11.257170878665205,-24.668327590282665,25.997063490339396,17.508311551705816,-3.7285506159073347,-7.661552818494267,34.29101206975855,10.425259674665284,15.40290951838893,21.553605921437363,-0.9653546583995471,14.874859183890083,-6.915954202233969,16.410617369071993,-20.957662318971206,34.85604328883153,46.30804168066323,-7.100480075499908,27.199990798557483,-8.688051146800202,-32.69753756942896,-3.8986037482357503,-12.270670552736938,-6.863130763952553,-22.3451569582511,2.6750308679833554,0.11961852320005659,-17.60247599337347,-11.758437418155223,-7.521897116173173,50.07772695452463,41.15054891926327,-1.351011468716084,-25.707486827490232,47.6670432307003,6.703470505357423,37.00857070974695,11.38865393354017,11.495921480657405,13.593221780898052,-8.643354671272776,9.758856065034427,-14.846432242829023,-9.096573958211174,9.920836780505262,-12.770110901746701,11.934913555556468,32.78999871929496,10.028766581611361,-23.893105478132494,-1.0944628925964177,19.057688163506768,-32.40406283615223,10.06351204067028,-27.933360450627745,18.375003098439162,21.392420901994477
370,-48.949355354206055,57.869170765812186,0.9629038450731588,-5.905283542578037,-7.8443491820971385,46.837159857284504,-68.99614917156478,94.77526815723397,-49.47135960237386,-7.282383940340343,19.193095720773037,64.28546622009247,8.629785848494475,3.0856817513970993,14.699421691219555,-14.659949039383026,3.924111115560025,10.788997141699696,9.403669916237659,64.77936886365349,46.2911219878133,31.483100370291446,15.415565499732349,0.5943212281750836,28.12525495172586,21.49736117140908,-36.535943798140934,0.7897201647744801,48.42653269241615,62.827853233670396,-10.048286779569853,-43.533264776980744,23.284783144168152,19.031822335045337,-14.804190299419528,17.5616390378082,-13.98754899618886,-16.810110713980528,-11.152249256624222,2.5995474238968157,-30.632998974301202,-17.72246181772299,51.71096161194958,-46.27209167832147,0.5879021357626084,11.235471487403087,4.683443673289481,-10.38104237300156,11.89287300621357,41.51503400822318,-23.872130022826294,-9.037352451316595,-11.671398187148968,18.979841129455238,-76.18287510684263,-14.995987192440577,-1.420190611999735,-3.9406404181503913,-4.353411393043152,-12.727362226642912,-10.346212882985114,-15.671847364016513,15.109850055611362,-10.31862246656693,-9.279604234440775,26.679592397125315,43.13185575738495,1.1248537656996578,29.95949268102338,-13.544872914988392,6.446410721002723,-52.78523394985415,-40.47225227842401,9.860453884915911,-9.956570154250985,-4.475813418598373,55.370593589103585,-33.78237110839882,-15.776921612170092,-33.622707152238384,34.73445133768098,-11.35805451919906,-11.230049402535018,12.538142039480876,-21.45827306986543,-30.80703571816008,-16.758246930513426,-74.26941490841614,-36.947299067553246,31.551058259216074,14.466257574287633,8.00722010936943,4.597273198668924,-40.79063293977443,21.10530807750494,12.632665732959444,-18.51802549720177,37.58601209973536,-43.66739296290704,-56.1333797873562,-19.234596319339015,53.98263654793896,-25.673651907574346,2.500818120508031,-19.253792956722847,10.039629507376427,67.79648580193377,-23.106313972911998,-11.794959133696308,51.43944248717776,-19.335535354433937,-33.96595597574557,-11.68322984657491,-1.6779355483509053,-49.67619354769848,-8.400261108786486,-3.227218248358189,-73.92330892385836,22.27854463294666,-16.366150436041746,-28.932643200777534,-39.82972420500331,11.226817632453475,33.000342238142196,-4.26222451080584,-51.087994114072764,11.568799554402487,-24.61636753145289,9.457747216474841,-2.8577543250198842,-20.37087705226779,6.7783767107448885,5.179402793426494,-27.095296676608395,-66.82187483844574,60.43084311754055,-66.15574060468711,-43.555599866041504,43.03129432179408,-26.39638092763505,-2.4044480245405913,-23.880645662253517,33.578668498415425,-27.256539658162332,32.82391910549274,14.209183574318134,30.100865723987294,-12.462317142665155,31.836462324855205,-32.146158093921095,-4.199406635003336,21.57458327331294,75.1268870745031,6.771187717823903,-94.37997079199123,-5.450283214341145,-24.960165558222688,150.42753502650535,69.90022563774521,78.18637694433184,89.32144565304515,28.36400334009068,-19.091228352705198,37.752772684060915,-33.009863029863844,-25.625999791320712,10.069164523888317,-24.7187072644105,-106.56648697182543,3.6522397679563254,-7.337242335622672,-66.71762261949205,-53.317708447801614,-10.157639762481308,70.14616581590325,-6.598760697686855,100.09019319128629,-3.601499904987277,7.3105913099708015,20.22830118310915,-31.50286931348593,18.142141740796443,27.358457195768644,-33.152674883080635,33.27132404594487,18.533387472347773,84.75849109845674,-33.61008843205996,73.06596658527822,-47.317233841692975,-2.520065321537036,173.45881800065018,13.638066350279148,-57.54606149442367,-18.71442841209892,-15.542302983461866,44.66398817003166,-97.31795818222291
371,-63.405559437011696,75.85451598221266,2.4762565191186288,46.76496687255768,40.08870511953092,6.401029452761905,9.574149809716683,34.66000617011483,-3.753078081337874,-21.111339087941605,23.193779098925802,86.52734477192139,-38.0406190823087,-52.64797308055805,7.2716145118921345,-43.424412124027306,0.18731186773068786,-8.776080725840622,12.833893504685758,5.781414405070956,18.786574073534986,-6.345205976994747,-13.739651772667234,-9.764460479897437,1.0697942165307675,-14.30877750568117,-68.53937602527783,-24.70731571879096,20.445819867018308,-9.57845466527381,1.613487413072841,-4.03368362793747,-28.302710205363887,-29.259478358781763,-5.163896765825848,-28.95229461481661,17.840228663359298,-17.446783601197737,-9.87693919498441,38.67841771246595,-25.44455468175781,-22.17069586822286,14.278552820727628,-1.562751521308226,-25.045242883680686,10.309815993959276,8.746853054273435,-38.36039084888243,16.659789101605615,-12.260815189918127,-15.949097108278922,-0.19085949482872322,-20.543443661801515,-4.498424775939838,-10.285659299605571,2.0954739061670047,17.46557206394414,6.854143583591666,-25.79590586084912,-5.025375035618951,23.170243738003983,-19.891657762534486,-8.875814582351408,-16.846334457714356,9.571368861692024,-2.9937868757522392,16.68630852051425,-19.349060809997646,-7.2648588657084785,9.59841506103284,-11.661151703727187,-20.238854706779065,21.801842294051212,11.820664995823527,10.464908409040795,2.04789542397336,25.241992949433463,-7.93385467126712,-2.4559591492851567,15.798397689981005,4.437814003314382,-9.001859857549663,34.59582196205933,-8.785957132867209,-5.058961875620155,3.8344342739522803,-15.657963037362283,-20.15765054074782,-3.406609419807367,-15.123947408536052,13.164267517816043,-1.3281985006730517,-25.632515444701266,-14.279300173841554,5.359319260508868,3.0372531380912897,-9.003211697589395,-1.5597606893046672,-19.507325704286327,8.366316824309408,3.2126273929964153,22.454370233130724,-15.097592064951971,-18.101694314645094,-3.4599852599505363,-3.640453527449602,-29.580931680260743,-11.195101663568094,-9.143755814670591,18.12170904184449,12.606549455655855,-10.886593533638766,-12.9955791072299,-4.86436349829384,-2.3659836754917234,3.7958326039155317,-0.37031116436718453,7.19921971673822,19.044716918448927,-0.6784311844840112,26.566451816875947,-28.67515845751309,-7.938674835944961,8.965993488648813,16.392154479309713,-2.5191802239672305,0.7781249500541868,1.1225969715128137,3.6296712655015684,3.2593133614084717,-0.4290654743179998,12.301590782304652,-28.934601461472266,-5.4132212003912805,14.23758574647466,-12.132520338137619,4.446438039186613,-5.490016397840107,19.000337431599533,17.601024585305613,3.7444623313177123,-30.615610164692143,-6.254807299946731,33.788099787993325,-2.6838276883558203,-0.07638311080031196,33.9637673500869,-19.849739607504603,3.3891211388017384,-5.074598740568225,14.631130191638695,-8.603965661417618,9.30903938921269,0.8544985312402373,-26.466825377315732,-14.666737678066124,-11.172295785420465,-13.276865139722199,8.688505453264142,1.1869983213816209,-5.808952012621465,-0.7049868773629474,5.45594221759824,6.747280947842208,15.832592805823797,6.707181481645408,-5.523219635225491,6.341171979483141,-4.300631320554123,6.298013691062433,7.214146696415231,23.27145889981396,-16.786225135259873,20.64267591820767,5.490825893941861,-16.345346201660508,1.7960447280676737,8.609483039167925,16.866827775529366,21.337017078847836,-17.787617185505493,12.813984626738826,-7.249877748172963,-2.8998423380666405,6.5566788018745585,-8.439729078989144,16.468642078422757,5.1107395182127116,-19.219522196102147,-3.312456290643979,-0.8806108532371975,6.793786014287862,-12.786366753616445,10.52204577873408,-16.701154433627025,-8.631340697750984,19.979931406342985,16.64832810616318
372,-44.882368226955656,26.609495927033727,2.1765154868044565,29.950681893704676,41.64421442404044,-40.81238355071391,47.75318163478028,-21.140538862967663,47.24656871906142,23.073187797074237,-38.63573359893278,-57.04454865361974,-52.4481619139171,36.789368176747544,46.70512386765801,8.547020022220472,-35.00181000976807,31.259362276008307,-9.477149091627805,43.84608147895598,54.89865111313208,13.12788610397657,-30.38855752173327,-44.91169126886535,2.902643531767056,38.11984477954911,-46.894482852108794,28.672722898304425,56.08622077674825,-70.81673257907535,-38.46434851051648,7.406176531628716,-38.11014547371639,-23.607898558903695,-4.905696383236882,-36.240634923428395,66.94396795375673,-32.96921327924478,-18.268912848623785,26.678179204147995,-13.926424209139007,-56.214677598636946,24.957259986912824,-25.431087246138258,-65.57618709302622,9.154573567063142,28.085550903507997,-51.65658926844305,42.32978578528427,-57.594697264459974,11.042712087926503,-21.01716863974096,-13.58592667047618,1.9656048004844584,16.929186691015225,-48.695321990584375,5.7723566754455895,-22.730857667398073,-69.61520369240601,-17.706133615167488,19.899092650173852,-17.15451480381804,-4.339885453420356,-39.85968174648524,2.6002859813700274,-10.922427669617703,33.29188106605436,15.634788796710705,13.406533377739239,46.302548627933646,1.728832308270636,-20.620370305427713,34.804702821297546,48.901358662412896,-59.32421256647538,39.69016160492554,-46.26087486562161,-15.077779109233827,15.619437509185154,-39.122365021692396,-10.26838775540481,59.96181251633937,67.14592065612055,-63.41190445453709,36.61031862439666,50.468903454742815,-15.251592813526285,34.19290781601656,69.64420440815042,-11.60656454244478,-19.61564626438215,48.59686446483426,0.21653542469949394,27.475106309540923,16.38711150994021,38.16541590701479,34.70524262398664,-4.722336879610454,2.1010099825639763,-49.82593407513914,65.80590487905911,21.430827764236998,12.847267670773473,32.73722724826398,19.19745783667306,-11.811706007278525,-15.38030187015934,48.60318052271549,14.590021476171037,-54.59914931166544,-6.714372826481672,50.755262554939634,-23.433649785292378,19.354344169311045,-33.11036587821561,35.5202551803042,-39.19017179915961,-0.2493926809796676,23.74827999940006,32.100990897996404,64.36726199930258,-13.289910796436315,35.42446271683365,-18.25360193551751,9.236878348998776,-20.86951927626576,86.89705680486358,8.823684210486215,8.757334950717429,14.354727416194097,98.6204948404359,-78.29210276636405,-135.60618449167066,-37.71862136067871,-7.598438643402035,19.05298191878258,-38.83259347348091,7.372490177482299,0.2843716201799608,-51.3199907534617,39.72548728544444,-70.93014570710949,-38.62677439520143,129.87257280716108,-22.160214056058383,10.332807300233428,83.12417440220219,63.03598861501884,-113.35221993613733,-4.6577238202152556,-33.76561285998053,21.9448534707858,56.294025835209844,1.5982866166971794,100.49273727401354,-3.65697431220088,-11.8589603737018,-51.10571690683677,-86.06185007259226,111.18513275454727,62.28345612449772,53.849538788211746,74.54960970329338,-10.175530641396776,-57.52768411963576,-36.20584512865486,-18.026982236229426,-52.550622139199476,32.53626405730891,103.53436338542389,85.19946059938403,48.14735645547929,-123.65123068038314,56.12278977806541,69.93567277020628,38.90099899770656,-1.8640304240674734,36.29380607705206,-3.557832166532591,33.68047252183914,77.39859118027329,-120.04865776309838,-50.869985000235175,-61.18183973333283,-79.0518385705259,-47.29295636513614,0.9716539043061636,-58.170184931614635,88.28355617078473,-40.2957082925547,-109.34456201998235,13.379440831167793,-42.51439939461401,-6.9592433553942685,-2.2061852733420255,21.31348470157567,93.85911921253211,13.346776300373048
373,37.74646156439263,-92.33056118071785,54.831822801354456,-179.81133237015575,-103.19223475236025,63.99267653696332,-27.183051910584243,7.435288128454314,-58.0658249855364,16.987155067284892,-22.596339329766277,-50.959330515005156,123.48918778000453,99.00086154194096,263.37228172087435,145.06437444410295,54.01269925763404,-91.85650424651918,-58.8948282633516,-91.36749185921028,-35.9102124782063,-40.28730453045076,-31.994584347000934,37.61706391049507,101.7120764742891,74.0238153745505,-28.001641136202064,6.621252075658348,27.99256353253836,147.44821611994283,114.31239550264603,-83.32800331306841,-54.761817847408324,-150.82842933417572,117.32336290499441,-111.4741222039587,-157.19975375151208,-92.59031394807096,16.154562435713647,38.13887645816169,-21.421762443496338,-137.68858671566116,-109.59239958892478,-94.58841488991399,28.427703579281175,-178.0334755042556,-51.99221872977014,-44.32536667636856,-253.2477013708744,-183.30690613845735,138.91561818117265,349.6245262158512,-6.468663143998067,-259.6405757213281,-31.009563957796356,273.6217773897106,-151.5110385580942,-239.74044048591128,212.40254698305418,200.8418594772753,172.95729495543455,112.92189700224264,31.762423546022745,22.65375216586529,-57.91619618345807,29.008880096730806,2.847356670094482,0.1871932485662764,-83.75811542485665,70.43579507086618,133.48836472762716,-114.72707342974466,85.46430939831536,85.73348250367238,-46.67285560776496,131.11825584667568,26.30335855110127,41.70524452441994,9.555837733123816,9.733575476079118,91.19664419053117,38.185215372673376,72.32307158405027,-49.72415494055383,43.94532573268604,60.56165925421893,36.56260618252812,-42.998814136717165,31.752902538836203,40.567960623443156,42.508457587059276,-31.23982789006765,51.7860308219213,1.9455770952077822,67.6609872676159,35.7132541447167,-7.700337966150347,-19.44208803642849,-63.877483534748556,-43.33184035037074,-24.34283118822314,15.9260775608848,5.520041486640875,-67.69737503585877,8.974955288515012,40.653783143373936,-11.34979243298318,88.30986628168993,9.286527435913195,-1.4141329625274495,17.151623123937906,36.38377707932984,5.428880850570433,-47.88976722756504,-28.151970584456116,-2.3946917687354294,-17.60545577030323,18.113363760029053,22.10089149367351,14.561646725033226,-19.82384920560177,34.0263180205195,-39.56154998593537,12.903909108055007,-14.487263441371335,-51.285344476161505,9.898033296318415,-32.2581325250777,-14.002607505820233,12.227118064612737,-2.487907946497926,-1.8904910886597726,45.32663100017767,-14.949199842482319,15.959466994958824,9.445681358273838,-16.86893139043048,-9.857829902061386,1.3025885917992233,-12.761697478347719,1.227242937326203,-8.195156060064976,-1.0456211285155785,5.972001964887932,-4.500106192921792,2.041408756660821,0.19935765043490594,-21.969266563385485,-4.583417131549391,-5.7671430728105495,15.989428367264326,-0.48532031281724813,0.4103500640280293,-7.790768016113995,21.63694642140974,-7.768489336124589,6.517826300119443,14.06673101873359,11.507459371787448,10.371262773929022,1.2522261206684036,-2.3011115443114383,-0.7974721366877506,-0.5524371809668756,-0.32728852182366414,-9.859363390112836,3.4418788936067553,-3.294994917646604,21.92526429141519,2.353174399646153,12.629686657106594,-9.155049986586894,-5.6278398242112,11.559817513877377,-8.998698758490212,-24.40671121630637,3.852786712293246,-1.100056271355103,-12.720989320820237,-10.537221319924429,-4.207211420565422,2.8540654435627766,-1.7759111559834753,9.854753176950345,18.957460199887038,1.205664510610613,-8.154001416254872,5.629017295705384,5.404448076124614,2.2146289016790788,0.2941995283096796,8.042193986718557,1.1340827349557727,-8.251649378029743,-0.7994497823293893,1.0755856269340711,-1.4070839521539884,6.139131555575292
374,-0.2899995433636575,-54.543879257086786,-61.3195475708393,-130.92506209433466,-50.717672608596104,88.85753833173827,26.821434518665274,-2.893911856609508,-12.710700184087237,-19.924358884407734,46.13149870667491,11.18851321677436,-37.56873254114602,-21.15613972746458,-8.245919741272344,-12.913649295992695,10.782852791567986,-28.906205309018524,-52.85745293149452,-25.871910991679936,66.2012623384606,-33.35269526365568,-51.46239224148671,-23.61886058563268,9.442871436577539,20.053239321533834,-13.931825390052778,-1.1707872515649322,-40.95716235481795,12.84943723893721,-15.346633187668061,30.83303075621972,-3.7747909922246228,-3.76518474019619,-40.328466594852934,12.399410964199976,-32.1569485812107,14.797044152987217,-11.828929167850925,-18.27791736459506,2.906662424035622,-37.2037685879467,-38.58933134388184,-3.5659954631993496,5.152889869101853,23.153182374386155,-3.5068679848859814,-9.505996114255106,3.7638744399037303,52.96701162578287,-32.4863142043206,4.055861469387917,11.866093508986742,1.5772519985498699,-45.09067704922474,-51.10842184911861,4.022151197834899,-33.281774567567666,-0.3653776414269027,2.880758559255597,6.503794962526239,-16.13590403964017,-3.368080478561256,16.90158488632534,-30.247628781251326,-19.787484214337194,7.3864059780581695,12.638423849358908,-19.846790952619447,41.27495343567193,-18.93738635135306,-26.37486014763153,34.58746970609203,46.842059655104975,18.551622011543326,6.850482268277467,48.36186086440027,26.04989151109567,23.783287204657743,12.789701867265912,-3.609390748063761,-12.624245424771004,-33.59540830716876,9.256671178388123,-39.38716010291918,8.715770462846105,12.487787874558975,-12.93488747400739,-100.93985004474237,-4.293576538287064,14.41871181590999,-66.31830641040959,12.049991223490512,8.396064650174127,8.871465432246927,7.618429487949071,-27.45050469287077,-5.405069567234172,4.8439663584463055,12.092071964543878,32.85572495898724,43.09599185272975,-45.21928269860396,33.341058965480705,29.539753597980745,-27.67308878653581,-22.0140482328008,-13.40222749711867,-18.585067281101722,67.9460785158004,1.6850538202064869,-31.684012105696713,-8.713508906803735,1.3721781470478671,-12.511358331567559,15.1005991687905,20.050965522567594,-14.758761921026867,38.974954078322774,26.795997405277987,7.166750574701547,-31.3804975514728,26.707121178049047,22.11217782258146,22.65569147815059,19.53849177943275,-8.652675020201759,-67.32924605169315,-47.913919887331424,-15.628870107209494,14.150856984353453,-10.144576367255272,18.04228979438987,10.120430625137729,-8.36950736362995,5.318181362336001,2.434531062179719,-35.39096717339489,-2.5818068121502797,3.0751759461488026,91.33778533592144,4.392801577430692,24.26932974882851,31.57918868986576,9.417135840674872,17.62642406494359,55.41259006694914,24.236512491997754,-23.864283622120443,-23.248770329966874,64.3615775862088,5.909801108624591,15.062454024083028,5.42569669043855,1.6221143177731256,14.899280333526303,3.3484491210022878,15.74905085524783,-23.339059417508423,-10.026676475035718,51.491864257005375,66.9191218346738,23.823741928024607,-30.56449645645578,-17.139253893885282,-6.5090005375983075,-38.28819851026674,14.82528609688809,-50.258909131773315,-11.136008756171533,-13.694893906034064,-41.10188747328919,9.679607108833602,56.13957860692919,2.318339986279443,-21.387430072831556,-80.06972345033456,30.778917932727545,20.83697601054101,111.24637366872882,10.24644695022153,-18.656508548177516,43.56692299207199,24.154801616480412,-55.6747124272943,26.72933732042,-22.073953178326278,30.767675247797587,36.776797612984026,62.8003818261118,27.52648952410322,-7.465398242228803,32.84206522039919,-2.9280235100995613,-70.81625871805612,29.10407150478332,-2.5743788652988147,-51.95793570509581
375,-13.408174177758903,-32.47414222180157,-33.19519800231177,-80.5802359482802,-59.036482340312425,61.99044074270274,-42.82614989919323,16.791686068548398,-49.007046251389,-21.9932217205429,56.77198426960486,40.81277136090103,41.43902657544694,10.990644779076577,1.272607403381984,-5.971175677943654,26.832396117318858,-31.49306066811587,10.83722816594477,32.156236971980114,8.807076334492635,35.591630967600636,-9.212852480181237,23.044216853202595,38.0960619567292,2.676721244751702,-13.180786036111934,-1.9494976544234577,30.96083309324559,38.60042738537633,24.658699659795534,-37.884006599667636,9.751406602284463,-54.868258469982734,10.825829836781631,2.4890090668818683,-3.869496811161827,-52.22454949973287,-43.96953991919449,72.76309713732853,-36.65040019478639,-56.71290480938568,29.74635939062081,-14.824925103079151,-44.70610699631017,-13.153253751558672,0.060075595887185196,33.13296607198602,-7.645539779227891,-27.010648246508847,54.39487985893364,-12.07409153154597,-12.74112168772639,38.962186040998255,-76.95911103886348,7.127068179386323,-8.0889457327567,-4.65970138906089,-42.91960701483487,-26.683158462064124,5.579267645937709,-42.47976744842152,-12.991558323404407,30.77039071708686,41.28659456566506,-50.26103822633922,35.94357329853334,-16.67519549712429,14.674978922325854,87.42585074349537,-44.95050138361486,39.61640968163945,56.70620471938985,27.329711747386007,14.82152718812327,37.4004540677273,-1.7402439769106453,52.74345369293075,7.250958741590836,-26.391078491448564,-42.65539923062659,-15.973653093288357,25.574974931824713,8.516920189031742,-94.27562002053395,67.83812935887309,33.42741751977941,-2.463931530589347,-22.57959797061039,-43.09661735816146,-19.080490037131415,-13.345027919814365,-24.660825428656075,-31.147690761374257,-41.66042062018727,-32.577124336872,-5.001651150212071,-23.232832786610913,-28.387492648842496,-14.830395051732445,40.46102189544464,-8.19173084122865,-44.24735464474177,-14.138147542293773,13.20278007789188,-81.62464887232113,-56.0899038345997,-35.90735337717553,37.17636582785755,23.975759514833975,-6.985750765193727,2.1264238941067033,-29.711987121253177,-33.670970278636894,65.1306438245669,44.413236801481865,51.79829550606079,55.16373758425757,54.68086460834469,0.03677998869861515,-15.20285261229299,-40.872060085994384,19.47003357472025,28.1703284977747,28.91869429969102,-11.888512583227072,-17.281136585232264,5.893873081802844,-28.33829693579541,-20.224135925439146,18.744205664660896,-30.292297751522582,-32.512834452682334,-42.26901887769996,-30.63531463989236,5.099543585544833,-17.77517919455658,-42.75328943853327,48.743713115352584,-51.83747436771113,-46.68788629848803,23.07787652881893,-8.654435734117126,16.895331680967324,22.75846199877597,-15.949303873585796,48.69874830240965,-11.589772139749012,46.2161030307527,-4.2521136232886985,36.62699728638792,-26.15036146946735,-58.89774496005078,-56.138287103942794,-83.68222263561772,62.38407310027833,-23.153351031890388,-46.9620167037936,-27.49657556266012,16.990124743147263,-71.15799002412288,13.346309798515636,41.80118130705893,111.17627528693241,11.301222789135679,41.760132588746714,22.60965252558104,-40.96283387383567,40.06259281980792,-19.304467581258344,-75.00736989986595,64.41252846995008,1.75040885826338,-22.165373110142106,-70.75329482252417,38.283183339376514,24.30786251647996,41.90896463561883,130.4941010375757,57.20744089766354,63.80759642225472,44.85535836619277,-27.85692159193196,65.4380351004983,-3.193922933768781,87.85061857727098,108.19559052529678,-37.730956030324386,-28.16751897119554,58.43251607199092,-7.2565589158304435,-42.27046944518651,7.88845639440118,-60.372853223176946,14.664803507623665,54.69889280262269,28.953869241926004,-8.067888713119766
376,-31.496070254677527,-6.942224174089795,-46.95708284219564,-97.55350831250617,-54.74720565254265,92.14009199390756,-25.01634484157358,45.11160493875388,-73.74313732046699,-0.849278624184499,36.18502327012077,18.760924715719607,37.047108528826726,8.806135962494512,16.00611319244272,12.32414580350993,-4.57325874536024,-9.480345708513465,4.371652765580716,0.547887559060394,35.000484162140744,-13.714727995682725,23.08664164013356,-14.181376334176305,-19.67330777591303,10.171927512393529,-8.600323750192343,25.835885119626518,-34.67861967504389,-20.80966600022171,-18.151884330661332,9.333804704930207,16.920362310661346,-16.83777452061508,-22.568390607141563,-19.671854552704456,-24.974506142975173,8.259560058263864,-6.252899659107291,19.614354343416245,2.558973779734579,0.8225381478090878,-31.42440362140262,47.085091610337464,50.096907401118926,-14.70553894688512,14.901597923924832,-37.02255097970524,2.568470369741213,50.180370423331,1.5525471046645891,12.22430154940451,-35.79035234551156,-30.70452976880124,11.638816941711209,-14.225316219248088,-30.44465251219714,-26.376335070595452,-33.76860318996966,-63.58187333149343,3.4396743121383175,-42.50020264640381,16.361204325986453,22.836622384394282,-8.603197422938774,72.18861651801511,-24.67729050824096,-50.83321926808881,72.33645781414594,51.008820513352426,-34.01959272810358,10.270061596418836,49.29412123581564,50.17018292713089,-25.315546579520763,-17.9796681059887,52.62470875224533,-12.650176095372668,4.6712828724637525,-3.546038933914245,20.434094967803354,-26.340942190368605,-0.6291990848536448,6.968598331491486,-47.802309503288,98.0843882512178,3.3780538938417823,59.77358505837693,43.457213119617165,14.267953938041861,-8.187236107004098,4.670256165698408,-47.97406205934922,5.148322356204388,-69.47107363802375,11.130555941025413,-7.868793735218042,-30.282450414032787,40.029806059672936,2.8205619243366526,34.312222087589596,16.793511792617295,22.09339172012352,-15.45066163393814,68.38385000562148,-42.21296439133272,-18.334600149588542,21.15681855828723,26.33149450439294,9.040456352353793,-21.207143900167722,-21.83502186511021,53.58852797282327,41.68919783802417,-2.3256620328147406,35.791665450544095,-44.694052146305765,9.05940022805806,-55.890444347918006,14.755433907095275,21.00414305462963,47.14340864645404,-38.24454530963091,-8.28911239123914,12.641762478479539,-35.957797667588565,-6.7379444199885175,27.50390493340939,-14.210476314035876,27.198891145066252,3.9064783577218622,23.894316737095025,17.210144213274173,26.799292065457927,-1.516193092017043,9.310917815059037,-30.823369099464827,-19.75892879321788,-33.16097728800424,10.112749421705193,38.93906686840464,17.245602240451493,-2.1108316763857573,-18.456032034979607,-1.098392804563467,-56.70161127300607,-33.85686106518191,-32.39116017172992,16.853495239920782,-36.00849478153944,16.909447319913394,41.356201765010496,40.59155171374805,12.950956000741813,-27.49756135723209,22.423367576141413,9.121183973364447,-51.055960993553725,59.05260525374868,7.533806249090192,50.42664120827525,4.629354573486759,-12.651920804762593,-16.93677852177734,29.449551657934066,-58.921462130999714,-5.370358575714007,8.815787395325733,-14.031924115319562,27.002051168620184,-42.33955725301262,-11.876445561355162,54.05828673760543,69.18377119044658,5.7314429366524315,14.66227212188563,-22.85373373364244,58.281547736856446,-26.623376166645574,4.596220247400935,-1.327529474369596,32.39485193287933,20.386850964247966,-6.229793306288982,25.950636132652498,47.48065158305774,1.972329472235979,-11.12322563245148,16.63539635405065,-25.396143545139346,-46.051101195748984,31.90909166874629,26.920631059906434,-23.90278270881969,-26.90422692332464,60.30058796662209,-20.588151998041628,15.973349178371164
377,-60.653313499796035,80.54835251878696,10.85230938137336,60.337690792317694,21.06582480860827,2.7555429635846136,-35.5310137024111,53.05804924868244,-62.25298573798783,20.39922105737441,-23.8478355013143,36.466885738763075,41.48780771066438,-63.46602008126919,39.412475157455425,10.963262676757665,0.8886863723048571,38.61515892243772,-25.26424989069974,-26.451998743759443,47.41704652720075,0.8791501734548237,3.025529117150392,-33.699009988141945,5.378161119376404,24.831170085700304,-24.55575324461469,-9.44883291101048,-1.2068272326419311,-27.635867796371986,-9.01727098041311,-15.188820736774018,-4.562104227494525,-40.66833436654231,25.409245705259455,-5.215038757493473,-0.7282153329488074,-23.940198927163717,16.299733822385328,-5.660839143921931,25.944602045054943,-11.07884067885536,15.117530268508348,7.588032003186749,22.427341237481844,17.162849217300952,6.031907324614956,-0.07713455477023354,-25.485939438156983,-1.2116676450453565,11.475321966176914,13.780376292039842,11.941818617445975,-16.442289955094473,-20.90834707311996,4.553396634908437,-1.7908783962763846,-12.118711872794329,17.41843878739026,-32.15298076321998,-20.59319638532228,7.081593209395585,12.52545689338502,12.404815732677234,-1.8881178357882928,7.5862202596536665,-2.9459904940958483,21.652945597985706,-4.530975264531227,-25.156429033781095,8.770518450607463,13.679371284137796,-10.306267347185315,-1.5754181776650114,-0.25884717150150743,-4.03780414097432,-13.24041614220468,-4.535938738987789,-0.3739284583658137,6.895534139876925,-2.816181418270775,0.6111015507664326,17.79734670124609,-33.24921539363921,17.479047046941844,-9.279757079416719,-17.517840978493265,12.054207906271355,-9.421657730372525,8.445994088701696,-16.083523641370626,-9.626606462172322,3.8462853564927073,14.687355826568929,-3.3744646522637876,2.681837248904857,-2.1686427854879193,30.314299800751296,16.08441866050382,-7.234392879660824,-17.882035225807044,5.40938284383762,9.78422089735176,-0.8588677702434453,19.310750467026647,-1.114702431009093,7.885238525462814,-4.570096415621298,12.309497980432964,-20.309520302073388,19.43837904690743,4.950544829350728,-14.842502947918582,4.825129049764636,-10.460792523013831,-5.55275314483619,13.061287428002142,-6.324348839177826,-3.246464337326431,-7.914532338697616,15.533617716561082,13.974540281757688,-7.207472967118582,-13.826599626114445,1.535022606290956,-7.338987666409858,7.556759736027949,-20.000948236689656,-7.504749008837163,-12.685891771188606,-3.512244213065166,18.666186043295063,1.3445424037172704,33.40618343254082,1.5237785460482178,-26.926015188910487,-3.5148601541572444,8.53135948522822,-7.3295089668344975,8.455472301493757,-17.66653972911119,5.1012759899440665,-1.7916579560710917,-9.968224154010551,7.517493763524813,-6.591634915098433,-26.141732408128096,-3.8542566993135456,18.49898119950094,4.1725581862891055,-22.144133930904097,4.613484858820095,-30.333026463668837,-15.356486877104466,-3.8838971554222628,-19.156126042174378,22.86156339410718,15.033370824260796,-11.81127727319155,9.602844665033798,3.6008252473365903,12.879114892513108,4.500060935048015,-14.887146576228943,-5.324158080195062,-7.665042668867564,0.7534541454293673,10.605478072850342,-15.927669355294691,-2.117489526220729,-3.7077489151831022,-7.7604638777184825,-20.0620475686516,-5.811706117608626,19.00261528559142,31.03618788111551,9.172918135880511,-8.600005927025226,-5.321677880862279,23.869153807603713,10.009067750216575,-11.208729823368069,-8.317912499889262,-14.665420805713673,-15.241050611032573,8.417325070131916,9.67723125947427,11.270896936423172,19.083785953620318,2.004679618266839,-16.92322237760054,23.714343099403912,11.685679432531549,-21.614098873837325,43.15498981541997,-7.0646907013402815,-1.8704775111039815,-10.68463707609909
378,-43.46433924901774,4.204739946448031,-0.4042949796428368,-91.6159296200418,16.889007351137487,58.24539803567548,178.59949346397502,-85.11599655429866,61.72600513463761,-38.28801310903464,20.07075064467637,-7.782914877554747,26.330134258839944,85.18741256906448,138.51045367863864,110.19559769263874,13.178753295719458,51.3744782926721,54.791398443163175,57.02295806790466,91.50536275326782,15.498606379540313,-37.54660197192919,35.9622465396361,41.90610443061051,50.73962107046602,-5.389020376044726,-68.41110637551712,18.49539943738149,-76.08762118410785,-12.58817722457727,-81.5091651672224,-147.3619917815891,12.144354218230937,17.9989014030466,41.59134279804986,48.35505493064984,-34.503673934164915,85.10708152303746,-67.3457785790685,-17.963474187425007,-5.766403970919747,71.73105741574322,139.25542207511754,-18.08297118135891,80.27062764902053,-7.473854477002621,71.13201160342538,-63.52897378814263,-42.042123982235076,-127.29297242354846,205.89637367895432,-29.499836871031896,32.49713600912612,-10.764796854381158,10.013981113828581,119.4326102506832,41.718795178100336,153.64026261469897,-43.59091112423447,63.28827887752477,101.45360528776217,-8.893931737153533,125.67092376003059,-217.92701690762487,109.5351215543298,-106.5105016851695,102.70415957557321,-70.00629533804917,8.174876107376786,10.36357550091616,64.70192444106655,88.50981525967295,-42.889499358545756,-120.82599278787124,-173.98679543414778,-36.309151135428536,154.31027770879518,16.155540204660134,-8.735825170941007,-70.34758212611746,104.13814462323573,-2.151645729965277,299.0342649079403,-82.90589452203785,-142.47698455094314,-106.84539158866279,-166.86178929274934,43.06882347641354,-103.53233517240125,-34.81631578229706,55.261307897660835,-153.1104960588376,-3.771608203697439,-128.32588557169933,-84.02378798741013,-40.935945452901734,-96.46153743414266,58.73953815391849,-71.37005547371406,-30.89604992246379,70.07007569696792,120.42998770977844,160.0151889840854,1.9110186031831584,33.92536320580202,41.97380387090229,-53.68297041251685,-18.944063417876453,73.11513919375948,34.38678691250706,76.71512934513906,-66.03424599292937,9.537813354628655,9.64398696223261,6.029181077959951,-38.77543976969224,-67.61249131843196,47.66485526047438,59.94491106011114,33.148230322917264,0.5300159940281461,-30.26470191248127,24.19876733433837,7.182611398349933,40.14146370032421,12.140902672357958,-7.024439133704706,-38.18032320042619,34.01531323066814,25.412615672111947,-5.894939013479129,-48.28780255004649,17.72011009750153,-6.1178364222093595,-5.629192675177143,4.912415018814865,7.3901373603305665,57.42624142309593,10.231620908819687,-36.89775183202874,-17.817957189879586,0.21012206013065235,30.89854099272828,-23.839557323825268,-56.63549904037623,-0.545446590409221,-19.393235288532736,-8.909264862232988,-43.61264438034413,2.308713952612288,32.36755714526642,-39.58831703973125,-9.541566704241717,16.10280990250717,-15.431159502015657,27.0959702382369,5.3769327056138225,-32.88979708398927,-1.0849629038540343,-13.21012904175032,36.316074832509585,-17.259081809616966,16.26220589388185,37.696543722378934,-7.960714549609467,0.08051362150944374,-17.730629437428366,-7.6938073720675595,-28.658802578503096,-8.137219946923889,-23.471320476355142,-23.388230562397435,23.98205281696892,-1.8016624493532432,-11.997026885689483,-12.326268737340856,2.172893923041288,28.70906153676069,-9.094711294773091,0.966809869028286,-16.812672695580567,8.246682683024225,-13.539299733165592,20.608797536137413,-6.5172060911500145,17.041902287617475,-27.75911977060733,-34.87253665164778,-11.760367649503982,-8.30139235882848,24.660750170696225,-19.671908105024432,24.114141307937196,6.023108988343253,0.11478669635959843,-3.9562241191524166,6.559197097051647
379,-22.214216606168147,16.671183292180913,-4.204230159479493,85.55486791371268,-7.606207181634188,-63.51817708007894,-40.78753221727561,-23.823574934826407,-30.737927000810178,57.37445756547278,-78.634126715093,-102.83127158402533,93.88046316487434,-5.168490808542529,27.06390256031148,44.94273914034699,13.515501109857315,32.69921835582743,29.71142637469342,-24.08021792491161,-2.043084200301932,-6.213303455244878,-14.737240569859154,3.1885131567443037,-18.94871533429953,-10.845727389198725,24.16128799551676,-26.859903236226884,-16.85473021900318,-18.827493400485196,2.7622816655592857,65.4828880800524,-21.113670790687223,12.399238713059804,7.529622834079184,-11.984532931186404,29.479753906608945,-18.850140047082647,17.736921917126992,27.29007832435105,-60.04566362746352,15.742914912430757,-22.134549962608347,12.686418923412134,-25.93714657670349,-42.30190914378408,-10.886158406577039,9.015178335742617,39.357435193549584,19.551938044902723,-37.61318002052213,-2.1508088729346424,-28.016505164918858,14.724125401011747,4.328633839325173,16.443058908571437,-51.68661377713711,-19.858479944722934,-41.15638152084521,83.95224020485284,18.2817807605189,-22.08002653510171,-22.194184383638316,-26.609909057890675,-44.26102508305991,-2.244818229073616,-40.52332212958023,-35.184848922679386,6.997032970610498,-35.54302192521332,19.5985044331975,12.27266768319915,1.468956261972028,37.219434367461965,-29.236101952422498,23.121718849375103,2.44051426456062,-38.36719979110398,31.309553763613827,-4.331803869788525,10.205490807567738,8.547021180173314,-42.876971002274985,-5.815878322891141,-6.479323645021446,28.119437766272217,8.717233988424356,3.50418906828067,-17.679892499291284,6.09621626259016,-32.58176374553836,-45.26245017226333,-73.27873346716133,-27.28734232764745,59.222762358023175,14.523919096700345,-1.9436092080647125,-6.5130297845253935,67.20263949281794,1.7491227207627702,40.00026812779654,-76.89470245398896,-31.599641177503393,-20.86446696193071,3.1060966624794446,-37.4178152342143,14.861828914162565,-28.278869016438186,10.692707649169042,15.655295866461428,-22.176015492966805,-5.18650235748064,5.894455870250734,25.381638704394163,23.632301101403204,22.68072047120237,-36.201237470388456,-19.480616194977976,-79.57958488785681,-8.590337430309233,-40.948066217831254,-13.008789904426315,3.9984029560812413,-26.900701380990597,18.9206340045971,80.01734921381609,28.968613975741686,-14.402730540208196,-52.938071754480504,27.28456586445002,29.013404725905335,-43.08949802312346,-19.590647260966065,-9.26905829291489,4.221575641940614,2.6072410616711186,-49.379589938284745,-51.79523998643863,9.509047638999219,-30.400666290722377,-0.7902842153841076,-60.7747982030639,57.76835082327403,-12.857495116101585,-44.88044681348567,56.051194448100354,48.95431449772908,23.559956355828827,0.20455410777520688,-117.99034655562649,-20.080492042516422,-50.518552760092525,-91.55757644209551,2.321386035147711,-9.525569360931664,-9.61588137953925,66.03099877997589,56.82895230616249,-41.133571345132594,-44.032876572736996,-37.62904610421721,-25.262205162559454,43.002162956097195,39.99195788752157,-16.769113350637333,19.817792889663377,-35.47505249266861,-64.87231472462857,-58.91662118522177,-11.20201779237619,-43.74615085586688,-13.805025398085892,-96.01128591628134,-91.50119960490532,-18.58391761187887,6.524840344520181,0.26295849574547286,-9.92507906863419,-0.08360382076515482,53.988606612232566,-78.26044741626532,-22.933919082420257,-14.760196525168277,-45.093771136586305,-24.693796445465125,36.50943452082507,23.907423781596027,-44.09175386254544,7.298584136390274,47.44981184132464,17.196961096274563,25.593333235053212,9.994714028191064,74.95977395852367,-19.551360485536176,-92.44246199398941,33.21487220856876,61.86598392225769
380,-37.77612860800892,38.16995477480099,19.942288226382843,-51.20212749334772,-9.49969178288671,66.39688035836858,45.65746454666042,5.697757220170986,-34.70701594751604,-7.567323033104608,51.78662914433552,52.4851038016541,73.09044441053179,4.267191846848588,93.97969385946969,37.02429955203002,48.282357967405886,12.692435390926194,38.70344738020438,21.59683666089415,-43.89777537608732,20.473399657276445,-13.814302349391047,36.02850045989826,1.8740045076860739,13.590932294201586,21.369100097870824,-36.79829390473994,-3.47440652899535,25.985370912029154,4.896592276756727,-48.95095513104261,-4.929536365903004,-90.31287370768645,25.011504252150054,-11.076438387668318,-9.389110466202672,-7.528212210862247,18.931018713662766,33.88217712315857,-18.730835392994987,-16.80421490875763,-41.948464392281366,37.87243494325035,-8.577201716373663,-26.399178103004314,-55.79182714907374,-4.6845769379884326,21.166168313916838,23.360461617683747,37.387162908550884,-6.356078163463393,-7.9597403758068666,-21.57938193209241,-6.260685556921438,-28.803816235824083,-8.104039056173518,-19.732117767633202,-15.893061670131772,-16.298625025807336,-11.414083426483883,64.67818464044228,-16.056577653015424,-27.201459788112622,-13.301457447730138,-61.848684052579905,22.58227455216177,-14.37712033350945,-20.494403369093376,-5.957840204031907,-15.847063410596334,32.0424462911587,-3.8162380035793277,8.329332604283211,9.311016513107896,-70.00717867100202,-12.644632977485626,-45.2700407581937,-6.200463555861886,-28.548213979909168,21.257810675070644,3.777663438407097,-88.2707498583913,4.408825670012706,8.205151965551991,-2.5516369768006206,0.7471376153161059,43.07060716832443,35.09416868183951,-0.7652771348422707,-34.67186085372869,17.808806139839078,37.430258953015176,7.569694254444119,-54.648323509768225,-99.72466096891704,48.54030949294589,22.39385393937584,-29.454583699024653,13.926931702975624,27.146666160839665,-107.52712042997155,0.08486970321329032,99.8369463718101,-47.59451667398915,-75.01924181965633,-28.277410175464656,-10.73865395526239,-20.696669314696884,-43.28433463812921,21.536423500957913,14.633173096160418,77.84584530108677,-21.834241081089463,40.368967732587066,-17.000602679410093,73.51781351380748,-43.34830101893635,27.714243550745305,-80.96742055050981,-16.871682612217015,-16.658670248462396,64.36517336311908,12.11649985395812,-31.800206262754042,55.512889497185554,-4.715464458714706,-12.228704486066766,48.38969205883809,-25.053320888111447,41.64635501640993,25.052004547393725,6.493999782676607,-12.343710403053333,-53.76556729062367,12.057524228003851,-81.92526970523515,-33.02273775975437,67.5593057525986,-24.888938483293074,91.05863891181774,37.611945583887206,-37.04712335477682,4.359171409676695,125.22523172106519,4.037379136256082,-25.93759386065844,42.894894279116016,82.66735419311121,-18.369083290218178,161.7855028107629,77.58599795871127,10.675691204261026,-23.426594414988596,125.92891322253851,0.15714302766789656,-28.031311370280758,85.31565956591518,-12.13815031385669,-36.18404772267121,52.92888534856055,-4.96745159993705,4.270883721764455,-63.35833511347174,0.9153232056710653,0.9316960873871621,-56.081529199808514,22.639283124383923,64.0958993120159,14.964988733709788,-72.2532853925125,8.248165365651586,-56.54360651087371,91.70863043137054,98.42280069512779,-39.102981921345076,9.389323711763021,24.239951472419975,-66.24957809571195,-14.461245164682865,-1.7926685174210846,43.81810680806581,-5.230454484520584,-123.50935577258117,-25.55268120299895,-54.97057687103068,-65.38514857990393,-6.803626904848075,20.40061635352883,-27.78658795041728,-8.526083968995524,-51.04608931230093,42.72266529896689,-0.49773794586958486,118.165254023251,8.162680375186234,3.052115260518,34.1730300396215
381,-0.8490427211612017,29.194918556413302,132.87289045965065,27.99462206126513,29.292630090858808,-52.001490954651125,28.224327817978537,-34.56353377618744,5.94398986443332,82.28279168965443,-129.08462530679088,-174.7216337136556,104.27112154620106,78.56996138333211,257.48880956207836,76.40699149041087,30.601816325638794,46.01535197111546,-35.49468979661221,26.171048311893635,94.96753522544088,-42.81639402885369,-81.10271814569617,83.33090464687616,-24.93129040054592,-84.73719727808701,1.5130527821057076,-28.52160386872144,-41.46846613490934,-1.7038451717981808,29.569288067204727,7.860066363054075,59.83065362091097,-50.209653015052204,16.231482887147518,-32.1914912199659,41.17347874259897,-57.161900187794544,8.092261982817469,-47.26888981505704,-68.5791247443533,-40.00769357108752,-171.1853475349903,-0.8616251403137589,-111.9379496063197,85.84605787763248,-30.977950615151975,0.7004525664801438,60.21841339186976,-50.366729133846455,158.2730453101755,-25.16811644041291,-51.63987593429771,-152.87059945507627,-133.76999862842553,-159.3345062109779,126.51047118772776,20.773566325843102,-137.09972178292708,-144.88692119560832,-107.48671762946056,163.5795410979567,-96.66367824781857,-29.199261767929986,-9.263464244542874,-14.570968009494436,230.71835838982332,-70.63637755682801,-92.94041389360522,114.34786487075513,-107.69616397165301,16.451610064589484,-82.18227907060202,61.140411570923774,86.59168538689562,56.564156753124365,97.11902773089292,-70.37483594887156,45.45889786080309,-100.88464293044458,24.798289530425798,-81.57275047950115,-164.83180563385787,86.67077456047593,39.990118219001005,-196.21873236542044,-36.9407649334733,-146.499262492198,89.77356285583663,9.906758959025424,83.99406505669688,69.61955201439228,20.732281682926615,130.21863729828357,65.93752805591494,17.048353638484063,-20.5686082076456,-15.940448006182883,-33.85338055607168,-56.72536066105293,-59.69238123363673,92.56631162668175,-34.10398629781366,-109.35655732246744,7.9477525208047215,22.93923482711769,-131.8832336088149,22.229545515773918,151.24641681059617,13.975900902096187,21.981582982085317,-47.93217632766415,-56.059860330811745,-127.85956572678253,-98.7637540647118,16.068310184613406,-48.12723432316325,13.855062420678808,-112.7332154421615,41.98508488667046,-40.92514275232098,97.67873180686458,-24.00717741001774,52.86565190761074,22.234576636957797,40.70381750215705,-9.904610573206071,0.579001756853919,-35.2633800344459,63.70288148709252,14.836996913284429,43.37284263062204,-84.98320383043963,50.30893203906173,41.85039862939796,-67.9817828159904,44.47097566266857,9.506079307424447,25.90308582391405,28.421135677655137,-10.79904242711428,9.572697491000168,23.48993192387286,19.907337078105908,12.680913082487848,25.562770117564416,-45.65777709533209,-39.94237708588846,33.03277412626594,-30.515801638614505,-38.34208029167971,-22.76208726342771,-10.505351068633155,-0.25667663910621874,20.322392661146573,0.7000130741444708,-7.842979761841622,-1.2211709864768996,15.612610496364741,33.34502170276796,8.200629817802577,-22.034481158554236,-12.69533424011595,3.0911883878600723,7.74521196424652,20.41981020216945,-18.18177692580039,-17.212728103763673,-3.6360222853873343,-41.95802211118127,-27.94650541946196,13.69130925872264,-18.975528064889758,7.699784287061874,-5.071773700058939,-0.8034291398584994,-10.854588063837472,9.652408667691716,-2.9379497820266685,-22.82119284200691,10.2089600475212,-0.7443438814384573,-12.091683101116931,4.2306846795909,2.9822044154263723,-6.544795502690723,5.024785415690922,16.79073699591991,-14.208716649173061,1.3478407489030424,18.38117329289561,-1.6432000484018827,-1.6006762260806067,-24.798789769162607,-9.195337835292719,15.283822718671521,-16.143667718624663,7.2754272569512555
382,-27.302509684103264,13.604177127366853,-11.429857611931759,-26.891495357414893,-51.78475419688243,47.24325037839647,-100.2843962796507,76.24674886068114,-100.84382204808635,41.51901692592208,-11.137311079111985,-19.151477247596503,91.47694893250373,40.92466706385,26.71856608205379,11.118277186549765,16.3708767795706,8.984667491316708,10.507152047785974,13.163927487543868,7.837886252132376,-9.859397621728066,49.538859888913244,52.07518071605342,-10.33354635083956,-12.466844613013304,41.19839668741077,-6.894805430431772,-9.92144605530249,38.78187843778294,34.039750839799865,-61.19574757759564,-25.3554421913383,-11.492356304953116,29.867685948964713,29.224171987900736,-40.84093149107991,-53.12128386923388,-8.231771265838997,-18.245439671304705,-7.458074813395543,-18.73335653075396,-2.7227824159117824,-12.119491565167532,15.848526908536055,-13.746714617356979,-22.782137686740036,-39.360785953073005,49.06635595159921,28.148063646426134,-11.428149543206741,-3.937287647239706,-15.808193668695084,-26.156610149027046,-56.76397559248917,-0.4990326586457785,19.64289735361126,32.535756873764456,35.48121896364351,-12.824165568212909,6.597172412197578,15.508972697197052,-11.26648817395114,-21.25509949635871,14.81147818632853,-9.666209535341293,10.715126639390318,9.242476825416652,-12.347494487545921,64.90404745459797,-30.09985834387875,-32.579801933596755,-14.292468870791783,-44.6080005706535,30.62194418548923,-44.09033785525948,-11.271624295759334,-53.66224674563036,-1.926054741176345,4.926523371257797,27.29731338549375,-35.051347010715624,68.57376296299945,10.402792482002395,-50.19748776759242,13.55705397598602,16.857300459098653,-8.06353948801367,-16.86728586166293,-34.32264578089871,14.34919273322795,32.59886428451367,-7.4410100487500435,-44.67030645903078,-47.80347658943889,30.593248312592415,-32.3868958494789,48.21256941166007,-49.57454036004569,3.441572853230541,12.051986410287537,-10.966329234400236,-24.526534977743548,43.00490550233345,-0.2976565649842682,-2.56271990061766,28.891761403788106,14.090393931602195,-25.423363211841536,17.90441152149962,-40.203954582433,5.978604180137555,-15.751380502522526,-10.827700119026082,8.062078147187055,-17.00336181636844,8.093927181075607,42.01826330871994,-7.686136293842851,-49.85702050489593,17.14745781490668,-36.22406299348714,10.08632187760255,-10.691446158774994,46.90648196093095,4.778599096396375,14.063298052270909,-8.278768697119483,28.693150857698196,-7.268546369543854,15.309220109193156,20.11794724211616,-28.809607940015297,28.32053206545226,-7.379369312408385,-33.52768254031267,-7.960134412098913,-61.620055240960056,-15.98200650341853,9.855441976163977,-30.001886149096208,3.3195656269280533,-27.78031910616717,61.80784660486135,-5.0876492229589765,9.996113703591286,-39.87960666206088,-9.30186193992349,27.94714618905689,-11.000489773262316,31.04263716081377,27.86160643436182,32.52646531095933,-3.3767974106706102,28.027316023736983,15.585785805595496,32.39993052066254,-13.328112850898757,14.417838543297979,26.46431960013541,1.0551463985206533,-9.54362302550701,32.23662229059994,-20.67753835949947,-16.01643062748027,-2.655633311256399,-20.29036589119805,-3.3922215461668475,18.477640201167553,12.141374879389428,-34.93622961591753,-15.60232434794262,40.97127446365319,-16.376209438514866,-13.490948748727927,-40.22088930313151,-25.21044076503943,23.03487266115421,40.67212789496565,-38.97423483049391,-9.034819356510056,-9.535089226121327,-4.589829747228587,-67.9747550456939,26.8789452001849,-20.601302388280867,-25.74625845805278,44.38805150072231,-33.852218468871875,36.356167514806806,-61.41389952795312,-18.520703689177363,-16.847685439336903,49.34283578399264,27.117408389922684,-27.23106896054586,32.38811673416303,45.0168084869193
383,12.52333374101537,-71.47097787990396,-51.824895512167146,-132.54312341238864,-82.97012391759588,67.91023211138531,-78.85988652435708,43.15802321813493,-60.749333675771396,38.748355870065694,-19.021013779889728,-74.90060785728001,10.038863593175511,52.966043338678226,7.777701060107035,5.7747213685972145,-20.657091987186085,-22.012927121516064,-61.32852036637623,-31.4305736015901,27.692166636812797,-52.521845958412186,65.23917363682072,-6.385678574697774,-11.030661885741134,-3.725598937344635,-0.5961757686842792,8.8627867848031,-68.52715304489159,-0.5327850461797056,-22.57995841758691,-32.8129212634113,-43.154737775040076,12.557934702345085,-20.389009410903075,6.15030888504084,-38.42507194870178,-5.480515699927405,41.32416639449111,-68.29883518628291,53.90814773724362,-3.9817072109242453,-67.95606193846763,83.3289006511531,33.036398148503146,-16.4372058726785,29.225353582235112,-57.56085755235596,31.408050995011603,58.34023303415589,-14.714868428400212,39.15453277814605,12.689077932288383,40.49969348325414,-77.01534085893232,-9.476916230023416,12.054974409581805,-21.48726655749765,-11.520082275586441,-9.14334773179776,21.94936372115135,-28.504920209238612,20.308378860920065,-84.55678635381194,84.68162666796792,96.30649242913731,-41.65445732381888,64.17943915185602,80.08441055665072,56.4692731871749,30.71211134630878,-62.55976354408486,8.079642897426707,-124.24836327958215,19.706759426899186,-97.2897331792975,23.57924690062802,-94.30434289945116,57.24171540783318,21.513630952550614,15.52106474412743,-3.6382173114044223,77.27262903749008,34.267242969031166,-149.70241553022072,-11.304219537891692,-43.518926688188735,-6.203270436948627,-5.5650838737789625,-54.11077450604483,67.85337833494278,69.42265214325593,5.166350676169434,49.56957566765359,41.60766526003642,100.53051916092025,-2.045011030829028,56.60530828488405,-33.629619137355256,99.18883357286816,-97.1910986118812,1.390830604179574,-66.48231294373265,-10.68912418678416,1.6839073254223833,-46.43831259952645,49.153154813067026,53.156759575139795,-29.83119631263895,139.740678655013,0.412720644124113,39.157355222681566,39.046676621600874,-64.08055675225116,-19.646085101041308,5.165650974748244,-81.50686702914612,-12.562153221622069,-47.08373619717117,8.307397082407354,-66.24082738635158,-6.971815196947144,13.453135626678428,9.059993076840396,72.74626356470705,63.43395858609454,-9.431696708919194,-20.755818851944344,122.97024504354302,46.58920146531171,68.95417846166836,-87.52521756540125,16.745925963182465,11.601518622861885,-13.307118475426336,-82.39242639174192,-101.84711812329402,58.34899895916451,-104.18034470116258,-16.674182510889988,103.95393471052598,60.41973340652481,-4.428484182916197,150.35207264911756,-143.24408509373475,41.25294636837207,32.774320578617406,-107.00079887930163,-56.166383455681675,40.036398503184714,64.74693627395702,8.544179971352321,-51.235787719990256,64.92610570001675,11.352141288464642,-15.157575863411223,-70.75255203072894,70.46739633197045,-53.56544733050581,-71.50354240966396,-30.175087302297204,52.49412753835897,54.65067720875279,19.85485393751218,117.85056085027003,11.26529279808223,-39.16336635871076,5.396152335689043,-61.53721105537153,40.58002105883126,42.273289343617535,80.75471496175612,-15.474711464944795,-25.799828649099226,-59.81809235016057,-8.671638664687585,25.121610231602187,-78.31394389812803,-84.03837051213753,21.03799559547901,-7.6809463268117595,99.26904337717063,-45.14641111723578,46.90164971453171,29.035190297414253,14.235737806672567,-13.288219294857448,-43.47155262845796,37.228925393155244,-56.38208866253513,-12.75402952544674,-4.331030469415081,-10.847120506939463,-79.19156521067687,32.384220295470634,47.01874238321103,-51.332608397779076,29.169417853084024
384,-33.922722426360224,34.04501603822232,59.37117045185485,44.571649483115046,44.97765240384343,-55.21049927358687,38.385505254640165,-38.387065691278345,9.315091223177149,75.91961600514614,-126.09152379695203,-171.85734092690075,100.4661923454797,82.09863472874272,226.14850767650154,64.98490390752877,-6.490497414005505,61.265221797208326,-16.810161412798653,31.188890499535468,129.19406406094745,-34.327885575007585,-36.012647123419555,32.63447657540975,-19.4129277634981,-60.49651758382767,37.40080001567586,-1.6773799185247062,-3.604616627233902,4.155556664422425,7.895057628160611,7.221247809759296,-5.879246574245553,-33.3399908019567,30.06296454846212,-40.265275199183115,27.0282874374088,-59.94689992517967,29.95627119511932,-34.38314860781439,-72.75425089207762,38.12195962806464,-59.865978921906105,1.345050201359248,-127.59361907025932,54.40250385064552,3.761708917315798,4.145699382239182,8.838338691316046,-82.15632581057181,47.879191283849444,3.0249800533667672,-47.00794037233249,-19.543749112744667,-16.505487359384805,-18.880404273729404,53.56056811200534,22.27568107001797,-67.01042511452053,-24.720137178095975,30.504536526745802,101.33184921711405,-51.61488640857443,-87.47981535084011,26.932022947436927,44.54552620166339,113.01553668278234,19.225745364302917,-64.30775609105055,63.68520321852144,27.785266079612075,-88.80127583841613,47.326816336295614,7.608466299059838,-9.674986136014626,-16.922807579227463,-48.16395275970611,-27.024447211300053,84.51164212393954,-50.542321948988885,20.372878116171833,40.6148761068493,-17.068106798069724,-50.51119024295732,33.22181851231765,9.054922658451543,30.583693075437093,-80.39550809394542,31.97021870342534,6.74746107877219,-23.17469517396109,-63.910272781538865,-41.634688685465115,10.777180596987975,-100.326547672817,-5.300926625476502,-24.197553478115953,-1.5701493997089075,175.38249485693825,144.42293943109192,108.97361710878174,-155.1777857990675,22.045393249975074,44.31993120999127,-27.0817345995189,47.963321618852255,72.72870426678956,39.27868980095732,-169.882701397805,47.66528773967997,158.00492490343794,-110.11099852138203,75.99596750255942,104.84553735496768,67.13650495570967,-45.677454513808414,-121.82040293373397,22.429483019433743,114.61422252652528,5.085290574933268,50.37412745303953,-35.989504563660404,32.691212765780506,-115.84645328903247,70.68467893428505,-61.340965509942926,-142.66353716742114,146.34678663242966,74.4220732481962,-74.66203376142994,16.386534170154736,1.2565054585948365,-86.10417697381297,-104.74754987553166,21.76001617394788,-23.739885406102843,-38.24128303112614,-15.031482355314152,20.81255080211986,-71.10240502636296,19.306718342516618,163.41812902978538,50.61570681832649,-95.81515533037789,66.22685164364835,26.509463028914602,-33.56610237506635,46.4012497940677,-2.4961070236224527,87.86522358573924,21.552880512263503,1.2583983626650639,25.983542335776235,-2.3658871834680726,-43.25516442897062,-22.313537456492213,-59.30658566501676,-31.615845916996765,57.72870855827229,7.3713752472719385,6.969303039166611,41.3650922480259,-32.06673107100001,-14.023154974447467,34.84230910080649,-27.613146722328338,55.98098747795436,-45.329821233430316,-8.833170064908884,-7.536000255748018,49.92825974579904,-21.36623228266585,39.452894242325236,-18.06229809372827,-35.44528750877869,47.20347177172927,19.851907801841403,-20.552488618043174,-11.279009671297196,6.603366872700554,-11.454876434619662,37.28230970182237,15.357377108790388,38.07620234915358,-12.628786152104666,16.03061835377837,-22.440691301448776,-4.419322338642893,7.579642890490685,33.81010959131606,-0.27101752591787504,26.40877578200079,15.443184380340497,1.1703446083218172,-18.91110425844787,-0.19033193296228512,8.581169740268525,-4.333734482491711
385,-60.94119860519245,81.71264318725522,6.9184562954233835,70.52757680080512,21.528645954224167,1.9350786704722907,-53.145481187587535,68.60115223997204,-63.87598878318228,18.678652332412803,-29.280892407101803,47.94329643231129,25.405229086784317,-79.94285524721232,16.88456907255553,-1.3983914408342286,5.566364790491181,21.593825881136794,-36.942130620072454,-21.87625863488137,80.32710594556418,-12.091735096256588,2.885167413609083,-36.62938835830271,-0.11042251983113271,4.279281056012406,-39.78814273303422,4.756268253915206,-2.3499366105450483,-10.734148718303942,-23.37505530420182,3.9009177936441226,16.61148942598016,-10.38923591079636,8.813246957594945,-15.002913724883857,-2.886644415565693,-3.919341616220817,8.643023889810122,-15.691538070565887,-2.686772375907033,-2.380019155208539,2.8872214971374124,-2.0112511877299704,-1.5905586012674702,25.523649015262436,-0.44902487688529785,-10.160816437683795,-42.85723202522114,-1.1987609178400485,-26.955011113945186,0.684256542433241,7.339528532011948,8.264099857099476,-29.91236445588481,-15.62426325428178,-6.378609990925982,3.9037270406430316,-1.3841654683355986,-19.100392939391188,5.233798196488002,21.60970335258927,7.43544952751537,6.79828835561918,-13.9436422822846,-3.8141419209505902,-10.772646909839755,12.750809193150515,17.61719723455285,-4.519972369309739,2.9198676442028293,6.847599345478726,6.388344195478322,-5.9566876550635826,1.2499946209178934,10.027355726784005,-24.257386898374484,-1.4193491187488545,8.425638338650618,-21.02028897820369,8.141615954741136,-2.6903608890745816,-5.820094840342577,-13.58462729482441,21.423033615571125,8.586096503047441,23.530487155383973,16.08120833197894,20.663013167746524,9.594360982931889,-20.824246560122003,-15.39757384903105,0.21667493495708068,-14.73406342216234,8.976965964492624,-19.876554395290192,-3.402316970973305,-2.8887505275930185,17.451648391375507,-13.114147279453366,14.603263150213856,0.05565897844785747,6.803896708483281,-2.899267058215044,-1.0170470216225698,2.949357034642948,9.930256984156054,6.10655161475336,35.61275261004086,-13.710939884960103,-4.146419987099637,-14.363786138169733,-8.65385572998428,19.008621747258374,5.72924427653147,1.3369944635308546,15.090451194130175,4.189825645916152,-3.505678842218189,19.00945292934951,-2.1274185027628443,15.519796418699121,3.2259886259819934,-0.8697995872487683,2.3982959065286424,11.4535664588609,15.252736378907477,-43.693752351503456,15.051883436556587,-7.759730394143541,-13.294196355551586,1.352265576601429,17.50213480408501,-3.043662921278944,-0.6456451057817585,2.6393713414048556,2.6052220586520356,-13.287215265248859,-4.989765071352137,2.1679448423342613,11.294811613441812,32.27002967467635,14.49016768837649,-12.611880161690397,2.436361957903136,8.289206696876718,-13.389282067844688,11.229739007321895,-5.719402289885118,1.033738346755857,-38.12072118956184,-11.203364327235342,-2.005573820109559,-1.6986855754182715,13.129347080765143,-11.680017863619106,7.959365613312048,29.43281406641018,1.5861184306151466,10.10373417328511,0.20214723430427703,23.87812578494423,2.9903901611042283,10.157998031894017,3.993522408713977,-19.870311002177992,-21.677111751131115,-1.0049859004072084,-8.298672677130407,-21.83225747413974,-11.330163934416346,-7.888585976074882,-4.928481884433761,19.409746578131617,2.4436889737384537,3.4943920058264397,23.430728587280985,26.69120818800355,8.391342301676366,-6.753245078016288,0.03677921843498791,-4.102970110591154,-25.556521694964555,-0.8281971157014811,20.659892688382186,11.535700857919785,0.5301757275518769,-20.239332466164495,-0.07552061713612895,-7.568452038561359,16.076459845049634,12.878645300334393,-7.528418964883657,-14.51362576682252,15.398710907862103,3.9541940163469795,3.608671544184949,-8.906549187338822
386,-67.40612288431919,70.41737270970293,-25.95096933045883,38.498841305390194,21.33613985423854,27.206703596886033,42.73981599387663,-0.8971621720475186,-31.183318908931742,-10.588092298572782,19.97928228894096,45.7926082668775,62.15240196523509,-34.74757571423245,7.420225390742672,12.027384637655766,13.930800606434143,55.90827004048294,49.57519370267888,-14.100518898998653,10.214499546947945,8.445361583608461,-20.608271493162153,-15.822127609516784,31.55446782176311,38.55079307979899,1.9074037747158066,-25.84129871290318,-27.689221177273208,-5.538907078541806,16.370580881514915,-18.531509217564025,-23.767801991394773,-49.49938266360827,-12.160507829416755,-19.739185170849996,18.218503368274252,1.5021804715427054,7.845688868617106,0.7221914285365144,14.611880606590233,3.0177558330334007,20.898683816047257,35.43759436839423,32.77183413499432,-4.962991771807583,-19.69824426582455,-12.114232870959441,-10.972512465779522,4.522308128998568,-16.57660997962442,27.999041999956095,26.297478304052287,-37.78800401098197,50.60540692097584,13.602215713889223,-3.408897006269773,31.461228910807318,12.14958234307445,3.344169618765582,38.1539420205767,41.380785142812215,-31.73454772178349,-17.84636927036569,-33.474811540246854,6.868453658037555,-6.596462752689568,-41.267804533348965,25.190613110323596,-3.5436119930585006,-45.70871321032584,40.31842465525955,49.43368438921366,-6.539014494130733,55.25944814182753,21.35580201660219,-4.66475396770858,-41.64645713213393,-44.770545250043625,-21.574519679457055,25.114822565923152,32.1173965363987,-11.805113209932756,11.475626068946541,-20.63629580515689,17.483702690798196,3.6892076270758523,44.53078727677209,33.385099076273335,23.18910567700777,-6.886819288510287,-6.182446768897279,5.601409877294122,-42.45449045978568,-28.550284850574663,-21.918109730303605,-4.580161595419141,5.941873509836402,17.649427238877838,14.107706960267588,-37.0682690685335,0.7306484555397073,-25.529567247489123,-3.9893769920783106,42.67928320117164,23.98412757727098,-56.46318951429164,-27.046396581636834,-5.136485615852086,8.751254402272908,-31.544879273187963,-36.0646697046724,42.45811519505091,-5.761256426960397,-10.875710356932386,-43.17018643850507,69.27740942305745,-7.353392133085519,6.706216326727556,-1.9729948650365396,14.77645650068046,-64.08285271300454,21.6043653199639,-15.782234430883952,-20.365180765709557,51.64164707696366,-39.05694989370416,2.181764315055803,20.013968918049837,-19.355297204115082,40.68188315197108,27.67016386374553,4.08518151080462,-52.38809189877453,-36.173079392853474,-67.16583342025586,12.02298279394315,8.833904361334781,15.476300436263365,15.199548023559728,12.469126421508696,40.58361844976266,23.98997327790204,-28.317554676506685,-30.15778393612573,40.005075700549895,0.7691459522677071,13.82410065585258,2.5857919966889544,55.20255386840581,-73.2160764403804,18.880812204073166,-25.12146344404313,15.290433142668084,-3.5840058464095286,24.284580699933535,10.169105545805762,67.81551880871667,5.578821908489095,-9.77856977160905,-11.40050131207895,27.90481134306251,-43.25317963368557,-36.510355149600315,-30.05328667167523,36.654384365939904,-58.90545481136014,70.6615412690943,-5.831671827366619,-7.369224426916255,12.582051784255723,-4.20342231095226,12.769882719615914,-47.762404427823874,20.460197132193517,-11.320603642215477,-50.253734295538806,-31.931391023526647,37.46514235328388,14.03892343813284,11.01694657939027,-32.59569473687001,-3.0607578710391716,24.53800868765174,37.330337475027235,-83.43531229867571,50.441828105517075,31.18604742587653,34.35057959786239,-8.447598897043742,61.39934215253245,-23.110389519157845,-46.85715993448492,-60.47523015684802,5.657380520269528,37.41607998391174,68.00541923175659,61.08363083523223
387,-37.97771574710437,42.00236359336068,12.404604606819465,76.98183058791835,-3.3815825031983073,-43.307383472742224,-85.92135091018855,28.992240087508044,-71.18641956209099,64.45224357000033,-79.3581433275983,-62.09002635118061,69.15678734002562,-16.097781525857442,33.031216394553695,29.347312069794814,11.555839559220233,28.61646022829844,-31.86688649032159,-31.264820832824718,11.83226358929486,-12.925100616626485,22.847506740756938,2.9636790718380706,-22.57044893175497,-0.04911780460915338,2.6184403222923267,-11.38461704230781,-9.569716943959602,-34.31287761619962,-19.057274255817408,4.082314937662254,-36.462813830850315,-10.097138965578749,52.80130894753603,4.919988129130304,4.332794559021831,-26.12156704174506,20.56402891808851,11.949257306487803,7.53581651764939,-19.697603791732742,-14.215263321264722,-3.085573317866775,7.706915025698205,-20.796908495813415,-8.039893260243979,-7.7224786195950825,46.19532807419373,19.642074871977844,-3.855555911804289,-25.13530272413564,-10.922613033651189,-26.092327148908122,-34.326294339296545,-39.58270325233486,-13.08133835782734,0.9317522814686381,15.568254299568654,7.020332910243285,-16.70855791971682,1.6252466109269148,19.150484246303865,-2.5947497990003137,-21.991302875833775,-44.97799080958852,-8.252734068630854,43.37753709480126,-17.886653965669794,0.09056073009079246,-13.554721793772288,-39.43405108971149,3.2863262215231606,-16.84948763717065,-16.028400681800356,6.283704269406591,14.662455082290755,-24.761188557828667,33.27366589025044,11.974227433616557,-3.7084212198513464,-25.675450830910883,60.01149283525484,-21.079084740155203,1.3781542937207854,-23.514125237753223,-18.054174584599288,35.40673158240201,18.930418467786144,-0.7840486874715971,34.07150501263284,-17.994439943676056,-64.56057418022803,13.904741281976747,11.254432519201863,3.374224642460654,-18.906636457958175,5.1653478713124645,-30.05793990085202,0.7611808882555695,-13.407833652097132,-24.316874036100263,4.457519952871566,15.860037547749037,0.04019063340078444,10.899942609122348,6.077024009489209,-25.67160841555866,-30.005012999991408,-5.432680755375244,0.7896485657325418,13.532668337713732,-29.72256745631913,-2.1526045556726903,45.34639452657329,-23.88596098338541,-28.121733369357262,12.918152773966137,32.078101626782015,-36.80066899075082,-1.4305385333786718,-17.408215150781288,-25.003128346964708,13.039526120444346,23.05104154404311,-13.690156923402364,2.2563902709252313,-15.360577919959512,-6.133894155421379,-12.113154288696245,37.195005206202616,20.435040728107754,0.1831292704827125,17.159273098329724,46.24559320646867,20.86332258562121,6.844159901697601,-9.45891612320595,-14.140606164156601,-16.65281470088384,16.49458500559662,-33.869079786117176,29.05576381522621,13.168820404259266,-37.17385161327127,4.624325326021621,-27.88849788597854,15.808747299675105,12.391634943013951,16.822654479896272,7.675538777319005,-25.897976324480833,1.494186043942583,17.80328445241897,-0.1688315908217639,29.905016190695616,-4.116350946907189,-2.087639956262405,3.7317142212546144,34.80614616185805,10.252070657638926,42.32448493611241,18.195856629187965,23.683901571503636,-39.36831001826707,-2.0909652910599577,-34.37779308958359,-39.310796408451225,1.3861729805250937,29.752493377329433,-48.86148130825994,3.125197325764817,13.046416717446053,-8.255968797156457,-1.7150299541751812,1.7485394897943407,3.678434731196683,-0.018070772075622132,57.80545213554646,-11.932301130602614,12.349643220021324,-16.46967943118635,-30.880223150934405,-28.91495671790362,63.894319646728896,47.25003164393737,-25.296912042105262,-4.977709652769267,22.815533325107364,-20.77552436595462,10.620461253276206,-16.152284240979867,0.46207542107926924,-7.328256739714767,-35.57816901729568,-47.58292820914626,-0.36982546216693074,-0.9511521318571561
388,101.51872864842451,-179.74774973710424,-41.2195433491914,-75.62229639605405,-151.18691357435276,-11.85768207727991,-138.8234624341784,-54.49668310639639,-76.75172419902025,45.3470461791158,-45.1286702571024,-56.480406250319014,136.4434246637823,-12.71185834039541,57.971192409595325,3.2022149069481447,49.357115803110986,-88.7575895764082,-5.986074627745072,-132.20070451705635,31.079265777464553,-62.81028261467108,-39.46200367093522,-0.009057340881438947,9.093891251974082,-6.827741731125073,27.871157539496647,-102.43346676400029,-37.05342745832153,25.131172342545277,89.52002419847865,-11.945574615414698,-122.46141221716896,-63.59468231646395,11.651854293128466,51.5642328814441,-6.9501202781697415,-21.52151352309431,-0.5610517029414526,88.92065268426323,-5.378190430686084,-16.04618213041554,-110.96181377012908,-3.204020770268344,-5.503403533945852,9.661104251761547,28.01429194558956,-125.9381572143501,-15.128884708541014,35.05654781880046,-144.76852686555733,-86.65179440449265,45.8399510844163,-72.82669511861748,23.007538294069896,-85.11170059965559,-26.501533796669285,144.27322798997346,42.36615915371139,39.85551599794007,86.64455485666306,20.466367083055435,-114.26491379730689,-40.96862926460707,-142.7856735784649,17.531769366581642,-151.37327581549087,-88.04044154785278,-33.853180952535865,-25.133841119010825,-74.6256634618397,53.9709307374211,-16.500161387499677,-3.93603996708356,-26.833713562960142,-34.53218857513063,-31.13299658121517,-124.72809011401723,76.55821861587789,-4.685073961033708,70.9201788951959,-156.53736400793076,-14.577335271592638,89.72093397549916,170.61049385556836,-75.1423978899347,16.541132148597725,81.63637079122185,106.27779263578807,34.45779393728888,-43.85321920049334,-17.351225054216922,105.36123853242493,-223.82851844958364,-41.37468302757886,145.8212220010554,100.70321584605942,-13.10463797098142,-133.4814395623544,35.5652952865663,31.17006943567656,57.97290526808792,53.21624072831117,4.7484890833262465,-163.4026719608014,105.75274345952846,-0.9613942820675436,-102.84293480394366,38.802446606162874,-19.13739621074931,26.5496869039128,88.47268071927371,-48.525989996695586,34.40963753799206,-45.89853728261079,-7.195911148415192,54.64902458161649,-10.927532674412623,32.85230395191345,21.086373743225053,30.042923656256526,18.914763642420468,35.41969754308615,-180.32881166638148,113.59430291248127,-45.183534982340454,108.93330476367035,70.41464050658777,-44.45172923836653,-105.7135075982198,-80.58567741558363,-3.8240303246662437,17.233696653403683,67.38203006385933,19.94134371968468,8.197778875057336,-36.81336596244406,-21.474566941544367,43.96573526654132,6.517641065310252,5.4418034282195835,51.640564869232186,29.735601690456498,23.947225445752327,-15.770984929613675,-40.74263372274898,73.24214210199213,-34.6074764223731,12.902247477643407,-11.33931793426533,8.422314482583456,-36.71891004622917,-16.863019006260494,48.735935360093606,-42.65370010015802,17.160901439218904,0.8305571466558881,31.6433461012211,51.64259163409803,-9.23875288703914,-19.932469382876008,-5.082468888923911,-10.531441556056127,-46.12051515184983,14.248859932511102,38.17058063816568,31.39950767859104,-43.97259966292867,-22.265649966860785,6.8612653974266244,62.046765585087584,38.31109076470301,-0.9867573370014271,-2.2936441443931255,-6.525124328908067,15.70895153946262,-20.024076093814596,-0.6334854614700531,-11.476635916420932,4.174630187928934,-8.0712125304715,11.933456379814368,-55.0444771426777,5.296526397128192,-26.945040293544714,0.2939490519570389,55.69215155921815,-18.96875043223367,15.181069936413076,8.125204271746805,-0.6837151124782376,-28.865077570777075,-1.2681736748560444,-50.46719944267356,8.395596804680892,-3.1989593839835475,-15.925106181982844,10.24546639005194
389,-61.789417251720565,75.21415581289968,-0.2971333998439525,54.30214857754007,28.994230722541154,2.70351102993673,-21.393192330575108,40.10254067594159,-44.06547048140162,14.96500740974307,-14.441058237066768,41.7756503110499,8.748027530290965,-60.956131407477784,-2.2636219683866177,-19.554688615011106,-4.169915114352355,11.31090523788921,-22.938357291981085,-13.606586437758594,45.217465394029084,-9.232451275998676,0.8002924145883882,-24.159645236877957,-3.9423187774509016,3.3350720878137854,-37.20982509790362,2.4925017915406555,22.21397827125439,-21.441484712928123,-14.236699397667964,-0.7864981890372601,4.72701421281722,-15.471569374134951,16.54188961110274,-17.9438166109352,10.922534874158748,-17.382415091432396,0.739041490624221,14.9190131560807,-4.266065691939868,-18.707506499124502,6.887872044822982,11.263760502597776,-9.649743472726012,17.862717979829313,-9.151434693819233,2.669788681493819,-24.261550343975408,-18.931537177273526,-2.3843507680850955,3.4863811274031242,-10.995217747795493,3.9718496458771875,-32.48877803622463,-0.8465423073370375,-3.0964318897190584,-9.238374172535352,13.913303812337048,-13.673103789270204,-9.393259951513981,1.5814409986400264,13.605529151090728,-9.82133094789494,-0.4502554721665594,27.08408429940334,10.5026036677758,50.919432628083214,13.872903886870297,-1.3814043171166126,-3.0586361011629037,19.805233263165675,-23.94936151995041,0.1985415520878825,20.956230365378662,6.139889933840216,-9.451766339964397,-8.997454405877887,12.514590352837443,21.554514506022176,-0.3069457716490553,-20.99206302667411,23.90066486927593,-14.137865605358835,2.2202308354927545,-5.231961623054971,-2.074176338360963,10.958873633507029,-8.531936039378188,-10.417774603364053,-11.601502753623357,-4.125844161908677,11.266651906564016,-11.763924413189983,-27.48309690925751,-7.506013662966836,-34.14312215157407,4.888752741608759,20.388093598497036,-20.125217707108046,5.9282335060235605,13.49685919376361,-10.472849986351422,-16.28118368848714,3.8866721230137093,15.90943466596728,16.685775038136594,-14.41536876272496,12.623767354397454,1.2475650631233344,10.974162607815078,-2.1903262845042004,-9.924063094670393,0.45545279706387637,12.551922842081801,-2.9382909324020035,-2.6726978785713875,-5.560246827611431,-14.786526428667358,-13.494851217204234,9.24684403210375,-23.010429063759684,-5.119689921695525,4.6515571868185015,3.6106834708700966,-13.658510555811084,-0.7824381985115734,-12.261834399760684,18.168669915485804,-1.2012696853553881,-7.671405636609901,-1.8248672681433247,-1.5901861983016712,1.534363249864416,30.3894310639027,-20.095007301638244,-13.196650521168136,5.502922601360855,-23.655063910188787,17.901074992390726,-1.2438340885916312,-15.389337567929978,-3.2037656652257973,12.091600947858327,-1.0046157112358942,22.87176177091199,6.728474722895042,0.4275503781330864,15.342707616671444,10.504160587147247,7.5437315342993365,-4.386135022047423,-5.2687806082603155,-14.185715760795492,-15.844475229823173,3.8492672377345913,3.395423331900552,12.153448796792384,-13.233304946595107,23.014621970742166,10.260915768492906,-10.703136518137013,11.901694019774169,-9.779961423319117,5.316216853877098,4.68201697436294,7.392549534729362,-9.2581349064864,-5.801888754327204,-20.7758405711726,-12.973875306984922,12.913418852427409,23.213817189156767,-3.2595118218376706,13.822558531321471,17.796150384718572,0.134429753764165,3.1854031101651983,-11.694508599793282,-6.382331860822634,7.664060232106521,-14.808143290048575,-2.7347409924955075,-1.2092098638694952,-5.392145772053427,-2.0114177190606086,5.637757308853211,14.697225565149566,-11.97716859390708,-4.4497863682878105,-1.3159541127615497,-6.915496312639005,5.587681806308181,-14.753053097410405,-7.652580148230262,11.977141518387825,7.244952410989429,14.711458983770099
390,-9.887740615338165,4.6325068480375196,24.216013252291198,40.12227270684464,-13.274874021498528,-36.91914226001119,-90.96264473099095,33.50333497568001,-31.65555696068848,36.578887177233106,-4.819955618116037,11.97707282844081,1.0157315261669286,-1.4651667907317292,21.404029758260492,-28.078876706543163,-7.480678185280115,-21.017707112906333,10.487052489059112,40.00697157918541,-4.142881294213972,40.95455567223576,12.780859346478573,-30.221955486336395,17.94216981090048,39.66341212364241,-112.80386432274034,-18.441187590424384,104.91236492496974,22.184180094294252,-24.250503763974876,-35.65464654669664,-42.2087588917172,-50.60693702573342,2.402521113421698,-20.296313597101996,31.170319456963785,-6.956767567334557,-41.94308796162616,60.436430267085825,10.249657472688384,-5.390108209216375,73.37685765216625,9.349219911339162,-33.32638368363036,-62.52991299733499,4.313107092805166,-79.46600461546315,35.86790837770183,2.7674297011881737,13.883967148130564,-21.975801407342182,-4.958411301839984,88.41018165794169,6.174687786671728,4.4278596737326685,14.85724420419752,-46.7281373635836,-69.07933231438453,-72.93771872621417,32.882967253156075,2.3011245540489105,9.56659274137254,-104.84924467959064,75.02956523110002,-6.222874770941034,-7.4590425284819295,13.324652907412963,54.71095092816074,19.696679476337657,-23.560438607121597,-28.73953315824926,62.08334763048932,95.23788131691116,-14.683144254292257,-74.43369027033899,27.55957226609177,43.3583039046784,3.2887756732475597,-31.52278957379147,-28.718224129374523,-45.91205651410444,70.82700142101731,79.405476491861,5.973725734633746,67.52198643870081,-56.23635795439129,23.96602175619027,-27.123809958152833,-18.17502149332865,46.52874373522128,67.53568429346616,22.01785178286715,-8.347685921603269,78.15512112354087,-51.0715926743286,39.462039184438126,51.85179109018217,18.186449619407192,1.931250289886845,-22.95177039019446,44.248238168930406,23.600076031117666,-65.18160147453729,35.472110402968326,24.29050627035731,85.5831427689376,57.89133797751224,69.94854305991053,-19.05403975173288,128.5857515044022,172.14895532903668,-12.022949522401476,-146.03122732566734,-17.635724402161472,-38.72309712969512,-106.44566960102584,16.941709893392087,-18.667400082198746,30.544971159086245,167.52807561154407,23.706993619998347,32.399950118228915,-8.65522033384767,-64.77080184461363,19.973052812384562,-13.252003598701688,27.290864388105103,-36.06564829565437,-137.11295565008453,58.10467352037891,-32.42450333071493,-21.997443036309186,3.9651823848535295,-18.1701027331318,126.00535037013113,-1.9743212755711752,-26.837753657973376,92.3655120073257,123.02948000879731,80.99474804343762,-56.145840757931055,-37.20884293459726,-28.25318921856375,-20.969963783852513,-56.968037576794956,-88.39660504887988,166.12542177733366,179.28775419985794,24.010385307514827,-14.88657051967981,-108.01795933926233,1.526590278338919,55.729001076465025,5.1320890401746855,-6.056397330484267,-22.96233879694254,56.120693373235106,-9.604431436876306,-30.84123944193986,4.665083005077743,39.80567657112825,-134.39950594276715,-37.63701718209883,-58.7844064454318,-75.79904571933338,30.978376090415036,48.62029576826043,34.80093197258015,-12.442316032584504,11.749154192433872,-25.612947228955772,-18.755683123239525,-52.10604914904501,-75.04551100044506,24.15044010289048,-36.574428419934364,-89.84914303493049,-22.235315357437685,82.5111514980085,4.54084885988957,22.862221153175728,-26.672132666033164,29.966220583331282,98.02941065699166,35.358345310354885,-34.693052842896506,-1.0612445841601725,8.877616278804622,-4.601931894883457,-28.0294212574751,-0.18829925607551834,-22.170754693987952,-6.132853046715002,20.15896200479394,0.15813832532826594,-20.30170869360939,26.79295658214746
391,-57.72798760323946,61.026712144929526,-18.460206953446086,6.776701225952206,5.671459979581116,49.15082934210313,-24.222320778473055,60.819578410405015,-60.73871797173379,-14.189043190093047,29.72729180290817,86.47428106147315,41.32876782381543,-37.00990262944246,6.329021047361324,-16.468758646010468,11.360376483599582,19.76191964837501,26.36609527918119,29.07807010537999,43.67123193814781,13.77247733811251,2.1052674965910785,8.534373436582738,7.522876016823547,-3.7887120583363068,-21.135271403332702,-17.366523660409285,5.865445946039877,40.507456911455165,-1.1383314645642448,-36.69808850395355,9.739437523479284,-7.114808950763415,-11.888292613738747,-8.591557087101675,-16.27345193133529,-17.365358052781804,-21.77158437921744,7.3650508973802165,-29.81434812516689,2.2164591461039085,36.63788528493256,-0.5146937189359826,8.326539296812578,30.246252702927546,-21.555480708689373,-8.064647612883805,30.280485953384726,0.7361499206838631,-34.220121257418604,-38.5483496907209,8.146853251609683,37.8414387973612,-21.004487364170537,31.8181747140598,-3.958214818880662,17.304441357336376,9.803090830423761,-14.882546121714885,33.15327850043963,-2.3461380581894815,-31.598744252230226,17.343618368515703,-21.12151494090033,44.23037188493074,-17.351149472931976,-24.146466950815626,-11.188240467631697,22.617081208539584,-21.59940608702872,3.501909418199265,-30.482874616869342,14.404402262231892,17.57683534484312,4.891008302726083,43.33265738543429,-10.106501806330133,-22.75009664745724,4.811863361390374,25.73978958435027,23.132644640061553,10.845520994465483,10.6243715650913,5.924549861914377,30.730758630347236,33.686365025005934,-19.729420285870603,32.00035339406524,9.613432249651026,18.87961471746698,26.440999899372464,6.5070889265915905,-39.20698834402819,-21.16701482663877,-3.198591558484008,-36.90007197511433,-8.340704212441173,-4.78983958887787,-10.668185323112606,35.47969841046483,-18.190983697472795,-5.330098067452322,-37.047802392821545,2.420984904373442,-3.3744975882125336,16.678968493397115,25.578698444729437,57.14057600506312,23.720134959090398,2.2333956292804036,-26.693820707875584,7.807452766512401,23.413668625751797,-14.142314500506671,-15.664239120777273,-3.455076510571611,9.520300389013435,-23.60530466092832,15.90680152281967,30.337606322463994,2.0030729136597185,24.238240612806653,24.136011834937197,14.758101154013934,5.098032468774955,36.104294715965416,-25.299221978128895,39.69341504559078,13.177106108253662,-6.10836283170643,-13.93506841630544,-13.67387002911803,-21.281580845227804,4.197187716457953,-2.412754863796286,20.122740810583814,10.282069368937808,-10.901748378311707,11.905344167445195,-15.29357603976245,8.157464838611586,14.184255578030616,-8.771247503410024,27.772508771646848,34.40980894904157,-3.0729609867102017,46.758313112983274,-14.384414100623923,21.94264392593351,-31.376680785831137,-1.5008672546075417,-3.965873291846707,-16.653085178367505,-32.70595041217787,-9.210902212966532,10.005722462229638,4.728073451661093,17.023112999801945,23.10703498928834,28.976791850847114,37.127132761275725,27.59012561230753,0.16998932786698207,-23.29026322341631,-9.854175711428145,-10.423323029110215,-11.118414956811943,-35.29245198916232,-18.042947783871835,2.4485269229567015,-0.030497400148686238,-8.862298526650527,-11.596387187457228,24.312941288653633,-31.642292260452656,31.016177457317383,-27.230403612700364,8.855378124435413,-16.849464322270585,-41.65828356935189,-1.9966281785632098,3.185527786792759,-5.113942132922048,-14.561706707069641,-0.030269233356675862,6.043125675051303,-9.045493755662962,15.748855185442496,-27.225019491581243,-5.422660063625189,0.9311561970876062,-17.670386707232677,32.53053497107838,37.70324268614633,4.957348597862167,9.507495969171165,-1.429208939864331
392,-22.927311747455555,28.526856855604667,88.7655880854046,13.45578841180151,-16.042947102743458,-23.903690123929,-80.87087667536674,57.085226923116636,-55.086953221341346,57.736013846056025,-67.6377040818892,-28.14924021212429,60.62226586892102,20.46105995116406,196.0083792751882,71.86830904035833,29.042726417818272,-22.893383645379433,-27.90218927038199,-32.068844303724,-23.79091313432365,10.945085591424021,21.417201858127132,-17.67973775107813,3.666677724050279,34.506605841425625,-28.87068392222939,-19.182859668028144,54.519604156986865,-1.8067162441335598,4.090083429161945,-29.878700919400742,-33.65242240274774,-48.22273206101544,44.653555106110446,-32.9312168843826,-51.96509695762562,-51.23473005262714,26.632447487854893,45.07713264615741,-12.835227013112956,-50.07649563858156,-5.418597931837471,12.447836219529341,19.12297275530098,-50.00023585166416,13.166045142645228,-1.6258696743427086,20.897487239340514,20.311308805564416,6.845297796909649,109.7436431989502,-72.54800420027628,-29.141651546808415,-0.3569817411596832,-0.5651249605266293,14.550880256293311,-72.21064105556518,11.26976241267895,-53.61321765432667,18.036534557900765,11.346303521020738,12.955627936429329,4.908024086310041,-56.23684897899948,49.41413414144232,-2.566970711226981,18.77101577197139,26.245105193475737,-91.80816446567206,85.0126963465669,59.61470497653943,-25.01347251526505,45.243400272518286,-65.12604085554788,-122.5702690580564,28.751557081698948,-91.23462352955455,150.60386373530895,0.3196730733269727,-31.043363262939998,-63.11321713229061,-56.227356323025305,-24.32132312564595,16.126760303423193,6.071031155784337,18.7706347415055,33.64965235849916,-152.9122986498748,51.83961490918314,-51.82760350159249,39.394259328802725,12.769030428139281,-63.838828699899636,39.485274127079805,-108.90803002657903,-93.57789029046461,-77.34782544044079,68.20847604080839,-3.4062650427202588,84.0095005261262,-108.81601104293492,6.085263661772907,28.8147371563108,85.15121972876028,-129.7432732928066,75.70593856301704,-46.647012871229556,-0.44708779077582816,-24.46532680640614,32.25505858543655,-85.54462586931626,-14.669764936285132,88.86872228802557,-85.49834487346963,1.4107516565790288,51.99908099471648,-96.7590376910734,-95.72036581378468,-30.956326836391316,-19.138649565329427,56.093409435316325,87.87616091483478,-8.82119215886618,64.93736153577613,46.8692054197261,35.716566892344275,33.243592633087886,-99.27537618952535,58.37274155123322,39.316536988884046,55.28383575309273,-0.17224451683266614,136.4392860791899,-42.32213077795815,3.612462411046166,38.900287243585,62.37273881380038,-89.65451161416908,156.52670482219222,-19.52341674225045,38.41938544608947,-114.27247916634064,1.3022205937182063,-35.25660887281757,-5.535737696864113,-15.830285069463653,64.90599646934375,-56.66133703664824,85.85439358063813,-121.90392819524504,9.63812975323434,63.37801705864964,102.66505409663917,-67.13907322028167,58.78295030261789,-64.11228338519687,-38.51048756195235,-15.642598939999443,5.048090661185435,22.343211045530182,-12.909255170254355,49.430031891907376,8.01814151852259,-66.02445399862823,31.270695151146,21.601111417859716,-18.380729612160312,-10.750362341047166,-44.16688588316651,-51.67151751746489,88.36104916333298,24.888280403844995,-70.77451604509008,-38.57044895242359,-1.0186149394093498,13.471233946801911,-41.57411007118433,3.134062927836079,-5.142499459793094,51.56391567184159,5.510938779129713,-18.566023918608778,-66.50903226657962,-53.98504602061993,-2.7397162123133647,-37.71752431887474,-43.405856814531134,-15.217906565008574,0.4403745679641622,28.218181358538892,-42.789172607840825,-29.208465164758227,-13.66142602893809,-38.7317909844965,55.928887776146794,38.72499355272752,-32.69880021751871
393,-45.38778286252275,53.46286053102369,18.444441891361464,61.244896187245274,4.5663698191239055,-10.702253128685145,-102.78446888478267,79.39902149336724,-64.85940946569902,38.966587355799064,-61.88066040147294,-2.071098661792453,56.88316113470675,-24.392129763344652,31.327491128601928,-5.803809586772178,-8.69522358901732,27.657850447591183,-29.29242724919834,15.23696145851649,50.92673480159856,-7.815324533648117,8.529656896592417,-0.8872459190617827,0.930524181613472,-22.622230784344936,-19.907523955074996,-21.8285572222003,11.402470679771524,33.8360837506295,0.9060136360448229,-12.04684604769136,17.504081558494274,15.874580461464616,21.03565255478872,-15.443565988822147,-5.92664277565898,-54.4801015468159,10.21927175671755,-2.0658710993301486,-28.74064947552311,-2.1782129816395113,8.48330301716491,-10.067384849813237,-14.102024731322707,6.14237855286906,-15.689778834862738,-21.09503958210553,15.323708495271525,12.392980351601576,-14.168469523221987,-5.196843822250007,-5.9199496209826235,19.25567134820738,-14.140255802416497,11.57290427609161,-20.483001440070456,-10.06473085574826,-23.695305567288326,-5.100615943623133,24.355274760064553,-0.8902829404427506,31.935588487717556,-32.36632113829691,21.07141736070182,22.06780118126502,13.136256527699421,-2.7271789054875115,33.27540794018083,-0.9250056019563264,-7.989753936145596,-19.759457362481395,13.917583433421505,-24.280209375644038,3.045344721797278,-24.84604034818873,1.8805167040011581,-5.638035743893472,-36.13240451021004,23.232309422907775,8.918246470887771,16.280151860458215,-4.370694620313777,0.06751328293647263,-33.80199910967776,17.055981345683623,-12.24178738804944,-12.592245934277392,18.108666628385084,-4.435652554414062,23.849675559287395,-5.46620466433153,-24.97499037866749,-50.00093290864407,9.072264815670026,-19.86425293892143,-10.94152536178107,21.352669262533883,-7.001744074165691,-19.42191104235754,46.86576024104096,-21.341075750102338,-17.326968160057827,-5.216921890527423,1.4864374330586285,27.407157083588636,41.90365182268112,-12.18261516022513,-2.519991742989596,29.7425799583151,-7.730025346495447,-19.633679400992015,-11.141196356694175,0.7517220129885978,5.640076237219183,-19.892524425887903,-0.6450998800211192,27.337159009161947,4.670080493091641,-1.633501378428399,14.482886316631086,-8.527015988602004,-7.281739540292726,-5.583495635008552,34.39648798953165,11.705686098845414,6.361238289384434,-8.895463295515999,-21.730088787220115,-22.804701235871725,38.061804819670584,13.104651434568991,-4.9455250361702525,3.513943353613519,11.575450064701615,-9.312994794020591,32.73639103651779,-7.1056078232436235,19.181092969179,20.46844780864585,3.142720245810351,-30.60551737728858,4.0990206338273625,33.9617004670764,-7.717142796442879,21.941732028690577,8.963752992448548,-26.283495726046592,22.16244145840108,-3.666847737408268,32.815991508171045,-54.174402186145215,-9.436887386783592,-0.6324835780878403,28.642788999483116,-4.393815160817961,-1.8564006260413393,-25.271867164644405,-1.1579306068591242,14.998931115451459,-8.990890431239464,-62.66586848265902,-12.4983219074532,4.351426247745426,-9.383473803134704,32.998450548309314,-0.8592808871693234,29.439520644508775,-21.204740793898708,-9.689966544065406,-29.060668302733756,14.673598258804322,26.017400838488737,-7.385572782430823,-13.75991852634203,-46.15087088193075,-1.7737333709368157,10.739829218354068,6.272918305411618,-3.2482974288668918,1.9736802125757495,-8.065230007875176,-18.38474778032828,-8.07762791018186,20.431522990491462,20.595449267979756,3.2795854629158763,19.94377383431049,-5.656548484164312,25.146896473258366,-14.991194397616546,-25.17935123490302,-2.7532293903028093,18.957714959704614,-27.670861447291735,-0.2127545695327473,16.463909741008106,4.434154096318246
394,-43.13858809579247,87.9913014971543,95.9480896466508,60.912843193835464,63.70808192994939,-13.640408739010486,29.36861628272696,21.324671048388037,9.119113491399228,-12.610928740116838,-20.62138313247158,83.12666620432613,1.272075448241812,-69.27630549691338,185.408988721993,-28.95238488758679,40.951519456218776,-42.381949082075856,-30.602378341636552,-59.32390907578264,49.01353661889298,-56.324715797981966,-19.865017265414373,0.4163239947531201,-30.009219963608423,-35.537532023324516,22.48023818652543,-66.40529508221108,-69.6839633237506,74.52256866530188,36.37225092884553,-4.373613384311883,-31.269024934255782,-26.98508569754409,17.9485543803358,22.65734076078384,-20.52551202713978,-46.855573996029484,7.638985673418646,24.78850049721339,-26.978622035559614,-49.6234165217095,-72.73801780771315,-43.395471122322455,-32.059839704098074,-25.953740155426676,-13.366491628718736,-8.603247840587361,-4.974336097596914,15.406510525330999,49.88946772576015,-10.669175868915454,-21.327373403730604,-16.84003445667072,-1.249726934783223,-20.10728841441955,12.427476512765416,-39.592602807559174,-107.57201974217121,-97.980532700632,-13.981599332442356,56.94412228469265,45.84307579989189,3.0342606264975394,23.19920243913013,1.8536480741380266,79.58067888622527,21.436875872278666,-4.261379329725813,8.639577581481452,-10.504567186916738,68.4456785729216,-24.7676711664506,2.2806568368730313,27.563022513864663,-85.91378268485117,-47.38609578218293,14.117838797907414,77.7941206130808,-10.146264087794096,-20.00090492344393,-33.82702232473361,-41.74497214847168,28.52853259236847,61.22423938237153,-19.109380030200384,121.25358128288956,6.083939308854889,93.79987783332935,34.12115186381096,-98.7362319168756,-23.067018501051855,-10.272014828093955,65.74199656012905,-29.120761305689552,-88.54052582306653,-27.811508938238617,59.12591356098151,-34.96780731534297,-102.2494702719351,-90.60139780473743,-141.36287303985145,14.707446917381034,46.940173351873554,-180.74111268468508,-13.954075819710507,20.845790321431217,3.9570119646832547,-27.97385419931686,-42.91045225721676,148.3881821241586,-84.4442596763085,-1.5241124569736093,-84.90082602311503,146.30467232376512,-2.659933613076375,16.96757992621966,39.916859946677796,-3.6708899458759587,19.218074345655307,48.39902276367819,15.843614871327084,-23.46208984880271,99.04349657918567,-76.10511084963119,126.35705802157557,76.08504183836861,-16.02474034509895,17.170931575993464,-68.28971513964927,23.21172298790171,12.00767113596487,179.3570537480484,-56.191898783588044,-35.6851358591855,77.25422223921149,-80.80144602255713,100.9584901936752,-89.60873095615771,-30.921087424721662,-50.31909789631401,-83.0770889093444,-9.448384867515731,58.96337556454195,-119.64970641375905,-62.88598231775141,211.25516354966365,27.88554458876231,-67.86522110716992,40.82705222258247,44.5126217609843,73.58941049136384,-33.56660321369369,4.771347259835798,-2.9234795998870964,-23.147099642131497,24.906263830666607,-49.37027203899504,49.17342521490251,-106.23339950775792,51.81449216259473,-53.87368473589445,-39.499927890966546,4.360327958979309,-20.60052820487661,6.939543992426507,17.762443975268354,-12.97134714047177,-14.155346249104856,54.87671463526723,34.98122664866755,-61.215027541709524,30.751682154825712,-8.325433000853156,-70.5665112224498,28.173735141087175,9.055957466192996,-12.0803879103206,-4.478872896148409,20.08994528762905,-8.543245260461209,-41.50211021141636,71.58521297857533,0.6244821020496215,11.755895598481667,-0.24049556678310646,58.99479671890504,50.472585598849676,21.482597910508808,5.146156657068857,14.768016229628111,38.741629015992565,-27.3345992343068,14.62683230039393,-1.4163993917577253,-28.56376403586917,7.711219509757051,-50.50185362257126
395,-62.285826451261556,51.05583840291428,-21.169524171487307,-27.18374136592241,-3.497333357784525,68.44329639274488,59.998908948569124,11.815094905393583,-30.77903398407406,-27.271920580197726,57.07064516766316,55.585559473753406,38.820898905559126,14.381553948375586,60.56026199715631,10.255866671952392,20.21894416821864,38.81340561435869,63.05411425226423,1.0538848896183202,53.22171106339635,17.022623459598112,10.020251158423482,-2.465838971717137,-2.8316406342935427,38.22154824857471,34.175229906411715,6.430431342991505,-31.240748765809258,-63.810110667573646,9.030187872292021,-11.070043680036605,-63.960781685692,-55.759750991607966,-37.190859810134654,0.2809829901281816,-11.017355978817346,0.5714041866071103,10.332806487964818,6.043349989018895,4.615980926896693,-37.08679041180368,-26.849389881146944,20.520290399208132,2.894993779692381,-32.08870990586205,-27.51245866811549,19.793949891754835,14.532305888099977,-3.245586071175428,-16.204633676880395,43.67336974548341,-8.322283385409579,-35.77291742657062,-14.995805518109858,-24.828090062798037,24.881119752489695,-7.393065900063858,-19.363367111498697,-29.11118772054377,-14.779510621935456,31.27031760140253,6.902137227490532,-17.12428515989779,-38.47966181057282,-21.85264233886003,-33.925303078807154,21.628169990220417,49.44477853031634,25.980719736816333,1.0728190504098294,40.53537315777403,14.23383472860764,43.07879760486991,-19.170824536303105,21.73158474454239,-2.970103172059719,-44.025674465888684,-3.1815945134895367,30.513070942156155,-6.586315688061271,-15.793814514895473,-21.49675483195754,14.073901134426444,-12.719021416946573,39.90739474921604,11.132661877926035,10.447065911647652,-1.9650206848210143,27.233351177803385,-8.110140926804357,10.771671738663061,-4.536746825048346,-6.611877170816498,-48.8666246870206,5.38004143809124,-24.355228154988353,-23.182670234155648,2.0778112788264806,4.511752027168134,-25.44213291322191,-68.47542584557982,-24.67837958830746,-20.013306040901295,15.141684150291264,-40.926111638429354,-25.253977681997036,36.899768595989435,4.909470948944088,-31.7827897544972,-5.113984595590555,-40.31543882251657,3.5790793814076807,20.025053267764598,0.35315572752401864,-29.83024255448323,-22.056947814300347,20.664685017606285,-9.628619106794671,6.573116457244926,49.77821614278489,24.70763884876345,-0.3963157441606029,-14.286757861895337,-0.9158499188160785,-5.590396758404038,10.047388639900259,-6.023589352498758,18.43281198775119,-25.778566124537946,-23.602912972795107,28.444990078766665,23.65007333610143,-14.30537205089275,-17.642615261961687,-12.540647399013782,3.25752489052673,18.206635301494455,15.742227208465344,-23.18300649776018,16.017630113067515,-5.411729159524892,43.486486717581265,-40.94179233796324,5.501870875337221,4.079661818756969,-12.323066006255727,-9.25732975446318,16.875858272642464,19.509218049948725,-52.08625037143515,-15.227902908785993,-34.988296180533744,-26.78710057754465,-24.70491234727719,50.21441569005941,-2.4349618926484005,17.653075570220846,1.0385633703944523,1.4180969858311705,42.24464085485768,35.15838838869832,1.4985788293753723,-7.703585622054759,0.611879705915013,4.15172691113341,-0.9102419749290108,13.137086976967119,17.26031233295504,36.42949313712877,18.646068868849763,8.634499182624639,2.582448883358118,-3.4069952509700476,7.953397010999378,-7.990865270943512,-10.501696356298243,21.274759374525946,18.11690454829535,-2.301782339623517,20.421850554747813,35.38373547286248,-4.4258800219302445,14.109595811328015,14.371732860436197,-7.033742728458999,40.08136584372727,-12.620735305145095,-8.745583059443419,3.559931900463527,-2.8754394270449106,37.80367699924507,19.769479335513548,-9.914406950367255,16.252322103552352,21.42766731400767,1.9725071537052128,-16.18924937624748
396,-55.879774039279745,80.97951953153147,12.422912389792852,75.17477614425052,28.6429948609528,0.06492257111002409,-55.59436421730343,74.69569474397295,-47.378943407073784,5.327167276315029,-25.28367608186088,66.7013431941288,18.830606670594584,-76.11414196350827,25.955313899580837,-33.88613106468465,13.676058823223716,-1.0732397730752115,-45.594174910778854,-15.706576212987455,102.82501000728155,-19.491733596495646,0.10026650434330592,-19.95570263479788,-1.6188342184766078,-11.09053108481598,-27.322365751416474,-7.884978018931238,9.268323528917794,27.435741104790868,-10.140335645043757,10.950845168166913,24.394689127613827,31.884723538249986,-3.8941708223707674,10.379941051683074,-9.52227321297845,-25.031810573076843,0.2497706688187239,-30.7292795280753,-31.325314812015606,-23.093504155315,4.341811232907804,-40.46912321672324,-25.886475590092576,31.179725846650992,-3.5472627471893183,-17.680500097894946,-55.99908287031197,-14.062223557528059,-63.34513759312313,2.5188080759651075,-9.806848890664888,3.4155889612982167,-66.276488680876,-12.293833092123501,-12.70569134068519,14.284820076076034,-12.258464373670757,-8.906265280354978,8.035797383414717,22.538602754400486,39.51302357028804,-10.624644187123861,-25.634070150152727,2.8339915808540668,-19.42549859211027,-9.465931645877575,17.215823385813145,7.556020984396523,-12.724222602509059,-8.925649778981638,9.602164752857723,-18.43921549628803,-9.887176385756058,10.077972740467708,-19.570709743284837,-0.4584653839173669,-45.11663191309612,-19.536134539495816,29.203325932205058,8.000421622959026,-20.09924423073533,-12.30500652883547,8.52516630687186,-2.559762724993577,21.483245318405135,-0.5862463317127191,19.498196804838607,-12.244987635901284,-17.31983614579684,18.807392361071706,-13.274251651932229,-17.239728468633828,8.557141667279582,-11.126013852690004,-19.275091557711484,-10.004741257680163,18.728425867517956,-20.702779013291412,23.82564013788932,-6.209489218926307,-19.77472130792803,16.248815372192784,-15.914089785721975,13.441653685599821,34.71038176535218,18.8716003490631,36.037066266250584,23.43845145008136,-36.17202050129876,-29.826486825595172,-12.91830695003324,37.21404761434869,-4.159226391610282,-1.609036147496772,-1.957828418903198,18.579537102343064,-19.30828204674956,7.314197939552596,-5.972178027775576,-22.176830095996888,-1.2784278229359214,22.774657941588526,11.662885159894557,0.974253027286612,-0.37125231805451253,-22.465802002809244,23.475144948294552,2.424911224490232,-24.759404905518455,-7.453352755843293,19.138061128757318,-23.588760791444464,-18.008060950390167,9.213890515473521,5.241658330022007,-31.865396248340932,2.9985131728419785,18.956944957135885,4.10996915576628,3.376960794731667,-1.150337958320913,4.779133242972822,29.899253351877046,2.5522733331924004,-5.100979967817993,-2.2998971146146587,4.960439641728593,8.61447628868491,-10.867129703819222,-9.141958704295176,14.914913519489104,-1.3015246230717077,10.825782167794896,3.3753990981101816,14.491241154202791,42.77003929520486,10.901537034882267,15.531430062642949,-6.60652070148087,-5.79807115194674,-16.087951163416097,5.731292903076733,2.8725422000965737,-0.5044648498849894,-4.087782540029022,-32.59353237777611,-9.989949829111568,-18.50637503534065,17.845264338907096,39.840214872853174,19.352800326467655,12.35786176905439,-28.666213152822518,-16.933485773240335,20.14218138030282,53.63439244717896,-5.094346786485115,-7.389845270490084,-0.8000673986984528,8.23640484341551,-15.247266892733645,-14.038040756178454,28.829672259300022,5.268242387952242,-9.962972076000835,-14.788613676160496,15.964996989376326,-15.854740246355881,33.90901400933023,-0.8385376790686361,15.44273763727143,-1.2023403608744347,-0.16672247811071372,-20.924444264650433,13.347910982863343,4.432547824075816
397,-62.71729701605526,72.42045379104465,3.948673106321899,51.31914117704522,33.999738009374816,-1.926934918517647,-24.029694850229042,48.912604224903,-27.03340478957714,1.1254536864412468,-9.501490295681847,65.1658144158484,-8.560858958699118,-63.427857828378365,4.437631218665028,-21.705594554034345,2.504882340670029,-3.1654648016134646,-19.339687925123737,-7.258985500201868,28.121377600863955,-8.098208765184072,-11.085808183647906,-15.195893479570476,15.171347001319148,-10.686759040973554,-78.39671507946623,-17.022127642949904,25.80176805730168,-8.577402975715831,-17.970658728704716,-8.216506237183232,1.4327391268013558,-25.272662667277455,14.981887585996752,-48.35334188970512,6.8252233068065475,-17.84112454501272,1.7345739273679222,8.016679625238753,-13.977902825703417,-20.102247970681436,-8.183163746317218,19.740633201888727,-18.162251865321007,23.083727619961476,-4.812408914937085,-32.80653322704897,-24.31538895861468,-20.77618700382274,-12.188201120436862,-13.242122288291485,-16.98176003191554,33.82887324671367,-50.562567224161306,-9.25879238021289,5.212440345328502,5.293843042655743,-19.287597258365043,-8.975654027111137,19.135877745513724,-10.724194938481597,-9.383216137037207,-18.41411622650814,-0.9245704014963092,-4.446823397625371,-29.057145485214214,6.732778301772037,14.385902104192263,-1.3917098713428127,6.728832112994626,2.5009131966605564,-11.457208988260307,15.257280447503677,0.2870072671052818,7.7664876798557705,-9.328325258724538,-10.527576999165808,7.9317902985720625,-1.9381214606581487,2.9449600345467246,-28.862442569239235,32.81308784457732,3.4014917400894578,10.174352742877259,12.18805478115161,-15.981854212741375,2.1867774086181044,28.26455282179581,0.6231898722138572,11.951991181679736,-8.134374446802672,-9.797374484634158,-28.136228335522176,6.845349667500107,2.2096352644117703,-22.995420806679117,-14.55624095263975,1.8451543353807092,-5.099902374065905,-19.44243416170107,7.137702298545045,-8.331864577238676,-13.784525116786313,-37.54515164068069,-8.549828375777086,18.446964727364932,7.0112447023003694,6.7410228369357235,-10.257146436460298,1.3753916333199414,4.760913903663148,-16.960315056780814,-9.874952878556154,7.6701853470638905,4.048208755146552,6.8769945184695525,10.434754367634783,-4.346929088665463,30.494950948240675,31.979980582899604,-17.855201054682347,-6.89184406298973,24.910423964180225,7.88456515170139,18.568478405071144,-13.738566609813173,-18.690944052444266,8.426121657892677,-6.04105489349679,-6.616739416797126,-24.672780346700574,-2.135994235302898,-5.19140221581388,9.059088541428917,8.140218147290117,-4.535753787811018,15.217255209490322,-4.9755013243477535,-2.058658382738429,-0.06419794989797978,-3.956995236850465,-8.322117300621764,-13.731188436056161,2.431429170416438,20.713208340047753,3.924752257135484,10.774666906640892,22.969892079948703,13.205066627377256,-16.66540564059019,-3.125536323751933,-8.491715723688964,12.068216246116773,7.003164849787366,-2.354706200548963,-8.701090187677616,-6.084992810983219,-30.864153987836364,9.89867057001742,21.287220352003033,13.294650969918457,21.785487881042844,-0.2956054227157424,17.476778325871607,-13.886726006437152,-12.781710497778734,-5.6589038903917865,-19.105886137960265,-19.92409089061513,-30.16081424586224,1.4996106277851384,12.307437107633344,5.332416728679411,3.2166029181343747,-11.617697293439386,23.1028259866356,35.05419049193347,17.19966719987453,-20.32262646778418,-2.9110798578514627,-25.919802482630956,-16.786112954286978,-10.027549532247225,-13.108029387672605,-6.474080767402798,-6.765131422304088,-5.386806088748423,26.640240382707344,-22.245209248217794,13.59655360995287,20.509985074754958,-26.65931388320193,-9.728668331434891,-25.780184201475127,-16.930305025265074,16.623259467668085,-0.34032122811928156
398,-52.07466011437812,59.675196963217694,6.131880887089018,45.84776477013496,5.241536369912676,3.607511657611134,-71.75436170941089,65.97411163544302,-72.98656589950302,25.475557447485453,-26.69378587364914,12.85184546971978,37.03262104482244,-34.81150011008193,28.321042501918665,6.738619886308256,-9.312494880499573,31.005479727907815,-5.89873054817634,-0.8727205522630475,35.7533780038912,-2.3440685714669085,20.5848771726614,-19.416261526128057,8.608541684804432,11.05984032213828,-21.522703390327766,3.4637162027957684,8.12972783227242,-11.865918461421952,-5.52517380010079,-11.351934634773507,20.255198905588717,-7.97281285188502,22.888597963016856,-31.834209250813768,-2.9563161184584836,-30.011816809612007,3.50257359894036,1.9178174975618905,2.374162498840251,3.3023002378580206,15.231796097082944,3.869149849497485,16.945575928174375,11.191103760766843,-17.878762670661327,-22.870094707404316,-8.477896107943058,15.139324044277132,31.28982569342077,-0.7654533526776565,5.567892493042545,1.8021182623831793,8.019680059439521,9.01685235169396,-8.192603731220988,-10.778445025455714,-35.04651662613595,1.9551832732862664,22.97988299035946,-0.8008367275517535,13.607197531426952,-29.838250992827863,-1.679458373753088,27.495630505788654,2.4453353067330563,-13.82730302774658,35.54547199999688,-10.499634477573359,17.82024708364711,26.109790123273072,-1.7641933939343377,3.4956027641368905,19.295558155430136,-31.48547723998931,-31.063512572858215,-35.418162056330004,13.793235591366406,25.637141145436072,-0.8602988292882385,-11.615618586904116,-13.656802753877688,12.967113007633749,-9.284359977215724,11.71669348904786,0.5649407355381293,-3.227557249277706,14.72241145921304,-0.09984010063291893,-7.090645128920414,-16.052198558512323,-13.466629454598213,-21.38457146505408,-4.583306528883856,5.993734691838836,-10.012954253678622,2.0371834571170537,6.654758169109017,-29.88972742036477,-3.7241844810096048,-4.84674776305351,-18.673958495567017,17.56621520623942,5.498816890328958,-14.422884233158248,4.313025082994682,0.7966439625901106,2.8422828995505705,-4.0710009820317055,-21.50995658191716,-2.968299200964972,4.931248979668387,-5.806601338456201,2.7515208648299274,5.2649543526215,19.348787008842912,-5.663902933696094,-16.373388717257075,12.769917337058398,-5.097167100700662,-9.502776430375977,10.966267353084081,-0.4921205097839799,-7.649894160005047,6.908674192663652,-13.140984025612076,-23.852084336959003,-18.500584906125404,-7.390410290989885,11.878430037655022,-24.05300171699997,-4.1933700211984695,0.9448735655746265,-37.71349039158458,1.517683133013618,-12.428568003079013,12.84056228206207,4.8343813895817815,-2.392035110478649,-0.9087101373245741,19.649675268496953,17.919869398467757,-0.17733148355619288,12.281238189153148,9.628347169552343,-5.432318160624856,-7.440572905716926,22.129595159666174,-11.48665604610336,-16.994632807713497,-2.7729172835707265,-34.538226759994146,1.797119386495039,1.583759732087315,-1.0310210756557616,33.95587882197975,6.003039524518087,-0.6662690378724508,1.7766113528781666,26.72198818213956,22.785533850621533,11.134356234201208,-24.664509696896218,8.28480057835825,12.92156555287957,4.916198571354505,6.500720627780323,-16.6969779012867,-13.57128346138396,-20.806536277382676,-28.41670099531782,-11.752823004097545,-14.565610838762371,6.574360660612251,-20.05457292673688,20.17777733735682,14.975188029921428,-3.552961952610025,-1.5721259578924425,-14.009907798756856,-23.802759770743453,-0.9649297797105201,2.8050364485205552,-1.7523000119288181,8.174687307292968,9.717304378391285,2.0511461879121664,-4.06515823443602,12.072329026452472,-13.089243571896851,9.040577161698344,3.3138730434795707,1.905183022973175,17.301779663468007,1.40567756081105,10.141309152982714,-16.129565900070503
399,8.598541553087,-67.08648425241752,-47.07481911682637,-128.35663470689136,-97.40073040766862,82.7264633246943,-76.35889262110537,26.804242806724112,-54.520347564721796,3.3511812150897766,14.834993312057177,-26.95570174971323,32.68110520216528,47.50057671991671,15.529224912888338,-8.677170787319387,0.03916476883305142,-52.062932985364945,-27.398089317390582,-5.252779341429838,24.537000433541998,-23.290839814501236,13.326737117967435,8.609713565284997,5.278923487463026,-3.587057935104328,-1.7857249845227736,28.07778202931195,7.82844400977357,26.2983065487617,9.839187187346218,-8.553964785661465,-8.750571814374714,-30.286214720999844,-2.7922702232613243,10.97936497927081,-24.38170925407228,-51.59084979513949,-37.360566453167024,33.61250931612135,-6.6334703483995945,-73.27506257688182,-32.4825441938117,-27.839434895740652,-19.458815186053865,-38.8730715784394,29.299911977370208,25.414002029533982,-28.293750753470476,12.474798576918895,-1.8980449563024384,13.704530731113099,22.728901022125132,6.141571479700001,-55.017651512758555,-19.96225684315222,-31.255266875092886,-8.891830620580988,-16.331456472673096,-0.5758744926006698,-25.390842616889977,-51.72696951867464,-1.1168346870851211,-11.861410011819233,15.440750801284095,-9.067413307799773,29.38259009981205,43.23529785574479,59.8257055470824,13.749912469291093,6.491007884883717,-1.0848565247522561,18.884072667474822,21.378224826396707,-25.744997597040793,5.481093077547332,-8.760028083572713,-2.9065370511420143,-49.012071893387656,-24.86415614075482,-35.62781888120291,-7.146569626448168,-26.808063361749063,21.01644582490239,-32.59476205742442,-16.169459456773602,-1.8422879442938325,17.234651653305605,-53.072564241627596,30.161389662187748,-18.441077379851542,24.38251256947303,-29.14051587426995,-17.74918035478737,21.830767985462856,-6.729633770102825,1.9948472515617532,6.591780723109631,-6.138576007827343,11.256260750822808,14.201947030249649,-32.11552871630031,-11.893636912189613,-13.178004198200586,19.561606911283246,27.486335832319483,-0.12393158028167606,-57.709655538612466,2.3012630524881437,-7.848801870117663,-33.55257783071622,-8.75779488761379,13.393655645315228,-12.125292281033003,-1.1958616722658724,33.191495996062486,25.78270132721277,0.5036183652592353,21.16726008169485,-5.131009868219994,-44.73351964327743,-29.524664268553007,14.436856046473691,-3.2887304626631275,29.924224154474523,-15.195053065190418,7.8865800205809045,12.024724436632418,-4.669606034115855,-20.17233973247811,39.16731076815348,8.447614196328109,-36.38403281353915,-39.580658993234955,2.5666743198316877,-0.7552013541302461,6.684531490185597,22.2279326754325,4.739145308140833,23.27700144196905,15.014312595239245,-13.026664681512004,4.839108999144629,12.151209884660487,-12.241318992150335,-16.139122759286735,22.23290737660413,-21.26834472306871,11.694563188084228,-15.452456153899188,-4.040095866579467,-4.602254856788589,6.1387161108022115,6.640753865851877,-7.875743406962306,28.357655512231165,32.0390024707446,-19.07507582416328,-21.313297625665307,-28.154931964946034,-15.50810762388441,-16.222495349211886,-2.188047128006515,8.432056601368432,15.965145544679517,47.54582329447788,22.26759712635468,-15.271057792103075,1.4858627917816196,-10.772395728500562,-34.061802786127934,7.5654427488135765,48.41214226712756,14.747027295902758,-13.229919049155273,-21.782974215102087,22.364070950292067,49.436528632667894,14.131061359412568,52.287787978063285,-34.31641170988317,1.2002789690697695,41.07082171649356,-26.231208969233077,-0.6642213017614386,42.96933362357439,20.9276809573528,-31.989530117310284,-4.892819744804887,71.01936065801844,11.70022944159191,-39.50478378532873,3.0750335287544663,38.8848999052742,-56.44095846454806,22.16951030983577,31.914117662055336,-11.189878512463755
400,-45.93196393594827,47.30843695902324,8.054201220078543,28.84322773112116,-15.950059833146364,14.856781270054386,-94.24903552698908,73.67590965685848,-88.44469107739937,30.7253760152036,-32.039145525683864,4.138762154189986,77.77406714250942,-12.785547497098479,40.54381552186877,-1.793262911382822,2.008685900540697,17.01993752545456,-27.81128600755583,3.7534764372753253,32.957204180498884,10.987523020320197,18.257060354817163,13.498957610044517,10.90662903737349,-3.4964643815603953,-18.73613653788407,-8.511177796923027,39.028570415545644,16.297417234105392,-1.5110379471917121,-38.071427326696025,-1.1406744599567624,20.514978727985987,21.31152851619927,0.06374473711128109,-30.032397063256592,-49.96130163960992,-13.236075354629335,-17.327363211243785,0.5500935476784293,-5.026493348971495,41.23465739271553,-30.234294541704948,-20.427898579485728,28.572275021526213,-21.780169973960284,-34.81232990697568,0.9961801995860944,40.567156802853646,6.046960467156229,-12.16510314125346,-31.2202438686391,34.846281071574396,-6.380608601654092,23.739342412106357,11.087895517793784,-7.412055909766196,-36.182551327720894,-36.958620815319065,-0.8241035579156493,0.4932719725699617,29.346404864741558,-25.17941385166391,4.112659063190986,-11.373747689444345,20.607508467087065,-27.224133237644807,28.39715302276619,3.927553563262719,-18.175105156792938,-19.96638551018921,20.411932091734805,2.0200599484990773,-32.318225808396384,1.7933303397004652,10.610287929778277,0.5768227402627415,42.84728025601165,-5.121577960213855,1.0240512429650654,-26.23171664041128,27.158941182204494,-1.519161372986507,13.070478501549118,20.3033607268303,-15.34351366623387,15.036582238280882,20.924164799372733,-44.65188753336946,-8.865932032817774,-20.963353093944228,-10.241646332841672,5.895871668608161,27.239989549129263,5.452098773791377,-3.3860455815509654,-28.134634286067616,6.133314814465962,2.8914056273180133,0.4262080256972488,22.008529447971465,-12.23385092842618,10.737576045807367,-30.045019616495978,12.762664566352445,-4.511164601111112,18.194160907559358,-6.584114528623936,8.764026714195916,-15.459039875271209,1.1802625094137995,-8.586197821818486,9.775354024724617,0.8223820343580737,34.731760024393076,30.32793352367181,19.76409033877714,2.9727942186219787,48.86363245466439,14.846383175540373,-18.060448120893412,14.309903743258088,4.926785795446504,6.670493068166917,-10.594089129759553,-32.003539101342554,-48.608443345714804,-20.033161999171398,8.007663064037654,-44.71684539335645,-5.479380720838204,21.277031582879697,3.2056129280801064,-25.583482027416164,52.17997903799551,34.80079344513415,33.66755700587397,15.279919579444766,-10.613991728844194,0.9746631494649743,3.6816055979335203,1.0962777479815435,-10.589810313269398,-19.41199529509852,4.723810609736566,5.87787339037543,-6.257206033732998,9.857276741418344,-20.723879885870762,5.55956252048372,8.015046990267656,-15.71216430940585,27.440056012093525,34.09465812789453,45.67468667871806,5.864884817569515,-3.0219465229734674,-2.1769539831708897,29.76201767218112,19.47809253517382,9.838816984852878,6.112917593739825,11.4784803934474,51.90823059241737,0.20534478315173565,36.59754367998507,-6.121760962832123,8.41487118472816,-9.683368972848085,7.365232990615215,-11.805527008093087,-26.957928191915734,-15.184831529578911,25.22196633020888,-11.88222688695381,41.49851463164503,38.33103698673044,-7.861846161153874,-18.672536636333316,-15.03158466421833,-24.372509604292986,8.375320447452362,26.305029435988406,-43.88283739352315,-10.119053809984376,-27.83658142524841,36.21134903358298,-38.07170689845236,-9.73292745279869,10.562290391862115,7.94474467840803,28.612580027150305,-3.7696782889311953,35.47668320421443,34.08476046576516,8.3909870868282,0.16594033840694158
401,-55.29420784511207,62.29856194853043,0.3249045166279305,61.979378174098805,11.222720521620184,-3.902761922789813,-65.98350952623834,50.08091913182451,-66.32642812273858,24.544297332535315,-37.183109477932234,19.801991207989918,72.01918883349826,-54.88929942966066,19.074867561323394,1.146976588249841,10.972721304249701,15.373172071349718,-39.90255080951427,-19.692468885040824,37.76008230758863,-13.080342976345602,-11.138164907296424,1.5917026987504963,21.447538003953873,-8.717404005811133,-36.653232080998706,-26.79083322823306,4.242015081010622,25.000222821962282,-8.45881432323844,-20.370832131597727,15.456065810538044,-16.099844307533417,14.080907930084747,-3.4850143109912,-3.2148705727478055,-51.08339695606875,9.716911243139947,-5.217824727060726,-19.676714291279374,-20.883859061205094,-1.183669487365502,7.668023919210975,-27.34498519054953,18.7325034891758,-4.574719763150858,-3.6509353463396335,-27.29744757725351,-9.260239680781703,0.5483863867663286,-15.240877967683991,-16.88331790695767,39.273950757598335,-38.63318915581073,7.19096573394742,19.383276353210515,-6.032559750905561,-23.3706964975691,-28.93733994293005,3.763006050675972,-4.355005200937954,25.136534723867396,-17.09178497021161,1.6875138533644365,-2.9618845473719824,-9.51508410074341,12.088713885874013,23.59156139091256,-8.727182612602407,9.252499497211655,0.4003053600196173,-9.639785197160712,-14.579259673146527,2.087389362600091,9.669580996275126,-25.918900848306365,-5.036672205188958,-15.273834287006533,1.582509902864319,-16.948265668201593,-9.117917568877303,11.213140896235048,-0.355086620926768,-15.345640528300136,3.406555174928798,-24.650940821800923,10.637190054263918,4.995484520520549,-9.568449795326874,-7.488108014996122,-20.584116656118137,-13.6049504963318,-1.2710693030182156,-8.359694369067235,-0.23846571958699683,-0.05963583856017274,10.898689566704492,-5.73571656562014,-24.25417300574386,-28.22872428915822,10.133167031661966,1.1251890242392006,-21.576916954852372,-15.034100822929783,3.968091777136296,-0.5356955503653926,1.0771978947044092,12.905111064646377,-13.670074614293188,-7.858973650045578,-1.8711878652295817,0.6765087349288732,-12.00184665025747,28.847399866485,8.360092973159732,14.34630315742419,9.88893636164749,8.699829285459417,15.875961360323123,9.343218969540983,-13.27971505437725,-13.032797164300568,6.033811142997947,0.3817111305224993,11.121207383478769,-3.3244525562577554,-11.55106949636225,5.830077729031057,-14.298988270332694,-5.4131850273919815,-31.973633440497345,8.910643395704414,-13.009814590003385,-19.52799901469507,18.790553267510596,0.24114052811810022,11.558849950732238,0.9919648106413204,-9.892143665532888,-11.41676176055529,-9.526108942881885,-5.453794150855772,-15.386976045777608,-23.936588675047627,6.4288123624309454,5.509384799691095,-9.81012913329903,24.499521061505956,4.301291014845254,2.031056630333187,-34.11456467437372,-15.563392403353234,4.757226881112106,5.477809003025905,6.476205550704622,-0.17223920229648781,17.97402991207628,-4.1029427190592935,12.574855784096949,5.151216465789332,4.06234727426981,15.963372082953473,-2.818941551389903,8.966551840219093,-11.393208221918579,-6.004317016342611,3.8421108994642577,-23.904423814027556,-29.887965681006996,-15.78298071564432,-1.6888405487614861,9.574632481100616,-8.024647816119215,5.789179872719452,-14.899429015452476,1.167841543799784,-6.414686060707432,20.01383889689331,-21.39800617841343,2.022565158033707,-3.206158044524335,-14.634640674794104,-16.204183642717698,-1.5016806883975167,0.3703636632664369,6.0375710254792985,-12.450015779415674,1.3149595634725442,24.61099281197415,13.266141246675009,-11.894818001126847,6.906724489908848,-4.68204292377724,-3.0839267749418062,19.144337094064415,10.812598918701905,-12.062721017834534
402,-53.7501624850132,71.92886401304223,19.64010841637427,69.69070069351088,28.73366282435386,-15.460070948903061,-54.00733492534184,47.61639419545014,-57.90529619291894,24.695599827727268,-43.31116336003353,28.949433874596867,63.25040487714682,-43.02615630744013,49.17079759266017,4.877691157683458,9.286401865358364,19.938838431476878,-24.812949287959498,-7.070677286782111,36.68909434756054,-15.326701391146788,-21.119397018470906,-9.043137018505648,35.51737458880168,-9.874493236757495,-53.89934137277625,-49.0194189947442,2.4984577159120347,32.65185449038296,-6.881807472465199,-28.829270759878675,0.6021615780805019,-51.18997785195732,13.397732390802396,-22.36216127857295,17.534643221604302,-53.76028114703469,15.377097800835845,3.1564356332157875,-32.157366462992606,-22.02792473651156,15.493346729769714,21.523629600417234,-36.658769349423814,24.088110382849123,2.065000100529901,-32.60804405480352,-22.60644483444577,4.828399058413177,-10.311025990173507,8.543048367739873,-38.14365717711344,38.43327384364472,-10.029836512443557,23.05213367314657,20.47997054637135,-15.47096550247654,-36.6813550502673,-30.719281376329466,11.383203609148872,-11.003170576920468,29.767489672651244,-3.001483755772081,-0.6539619588453616,-0.9913308847551582,-20.1259070053071,-18.789567851060678,16.509217415435867,-11.18476413399348,4.44015729363796,17.19077905935129,15.671400434543147,-25.70988926123216,1.8601284126349835,1.7686956554343527,-13.399240602095674,-10.951482874676673,-4.08856673044966,-9.077388554025458,-17.25498979608134,-28.40524780512449,0.974451095353805,-24.992771073119908,-24.49761158060201,14.271352641613364,-3.765254762269257,14.9456432933132,15.850133131256031,-38.36093913620184,9.615761927677168,-48.253573509910616,-32.00127809387845,-22.065332119238494,-3.9217600792593608,-27.700137845543185,13.860105168120892,12.65895764863723,-17.962135825180923,14.481525719155892,-24.012115834270098,-37.28597022994187,3.4382182070787564,-42.41185697254326,-13.98736392805482,-21.2836821411178,15.899270871429223,9.693048298952531,-5.423004308940953,-5.709957667521288,5.286969387178811,16.063956693253374,16.02748444239136,-45.25686286829224,19.569656711714746,9.806211516451786,34.83622349325372,41.289758890916445,8.288187147814385,26.31526437738022,-6.0039643016647934,7.619066944104972,14.502602366188048,-5.744247069119137,24.93867401846664,35.53587318860249,-11.898850001479909,-19.45548895760405,0.5745216981234136,-26.22031068395455,2.3211625772861177,-0.557875548745269,22.10523525269557,8.411829577643097,-24.331886867016724,-21.27117856575425,15.099350362013803,4.934291615628933,13.281616438160148,-37.25096465755536,17.846663495575,-18.45685594128423,-6.306938608877954,-3.730152332858201,-12.858436576991801,10.341669497463348,-2.783664435306739,-6.2242891570056,-4.719148833857069,3.624615706753059,-24.563680148400728,-29.774392198600157,8.623698351125102,4.679663835929977,50.484617330248895,45.700113355754674,-30.887314327057,-11.166432985593676,15.978555218466395,4.966109174304653,-33.82349670399465,-2.0401482590305484,-23.144097023536425,11.416498096539158,35.03482123742891,-37.96597176865724,33.795723421407985,-30.865559831048042,5.1438248188832825,1.6997618737095759,-33.129226449568925,26.08714100541999,6.468619688097759,-37.33840077311138,34.14844447138856,-54.68745384900447,-19.233375862361417,29.782212829931677,21.551151705391767,-2.979120625797276,-21.55580282137004,3.5581558725148685,-12.59356987486143,-3.4123856225641225,-5.423781929762756,7.294921177202768,-6.467492621258217,14.889993970269325,-7.520859375332318,-24.888572550577283,-4.127144250051508,0.955995149183616,19.30510589581111,12.988513259624046,26.283665374925118,33.82814978579458,18.649635183701015,37.62734054886561
403,-65.39843799057353,78.78663207047384,8.109133642153267,60.483453199957694,38.183627222681075,-7.936997004658549,-30.628736134279617,59.957496035410884,-14.844304858983794,-9.511778337058727,0.2065229804843267,79.6930605313353,-41.744836878665986,-42.66566416632369,9.246962974977347,-38.98986635656063,0.7657388895670474,-6.80577174530266,-24.597096804913036,6.954448964256124,40.54594924419005,-5.695572120875881,-7.973252021003095,-21.546328943744072,9.473368860599056,2.6364145126490532,-57.876275355691725,-17.078118943697515,39.77193223244052,-1.5190328352649884,-25.12908916303442,-15.152913927739265,-12.988908421841744,-34.011523301454595,-18.79903856388626,0.48924469228244466,10.17618130807018,-23.06021535985568,12.221835223850452,17.875087481114008,-13.259809131956114,-59.61267859414457,-3.3853405516015247,34.53944782497708,-31.474083938080888,17.375856619257103,14.183903958605086,-26.170673569092457,-23.407086675223304,-5.43464155036012,-37.53388614694411,27.87705716919378,-8.94776398680873,0.2084736908769677,-41.88241733445732,-22.606035440356187,17.646800214300605,-27.46851508318881,-20.78785125999833,-39.98702911901925,-17.655173753591278,19.445775145484543,4.031926964477664,-31.7653896488813,-17.026742166876875,10.00053870583728,-12.612817807116524,27.627148781830666,15.976469132613396,-26.688746758032558,23.924642302421415,-12.469284857209585,-4.19945651337157,12.057944973663544,-23.156405137470244,8.057041406513584,-37.24417864881577,-20.085662008003702,-14.70194966099156,27.409018896015397,-8.502739464884076,0.11208910568483288,-21.261487922577906,-31.4497769398398,-7.822792470400063,14.36464661080463,22.84155999564198,1.3748009038669655,14.617243585360338,-2.536371309826361,6.132127473580949,7.832173224218462,-18.200492090246275,6.621978053537817,-21.14113684388624,-86.26366041898066,-31.639722811535556,-27.32050307189295,2.9992901279950916,5.587654072305362,17.157872296138734,-26.187166122767454,-8.881133937520113,12.491333761367356,17.141913416125618,2.7200124973239763,-15.777401122281425,-18.853790155050444,41.26454470689747,-45.65580743131738,-56.114683122992524,-7.356921917288765,-13.82704994926702,34.16692087414804,-10.320945844272066,7.904708663785359,24.566866179562233,-37.14046423317119,0.06740198029156844,-9.543408299720532,-32.96806141909516,9.97646955079228,37.553538662449014,-20.065241598467725,8.333542763590396,-23.972945362296894,10.081280591747596,-11.174039331941046,47.54757808954314,-4.760836271114345,-4.791661311217467,16.25363225885517,19.627759347237472,-24.125149827683217,0.32011059936478314,-4.601129673689724,31.146772012535834,-61.32953914278306,31.85083929787119,33.48566340001862,54.98242894725371,9.074043698739638,21.286575410742817,20.60103052434031,-21.77900398028755,-7.638681650223434,27.035268808730635,24.602463551616072,-27.144367556397626,-23.969102129087684,-9.2823214262509,-45.77902816628707,9.232994449653821,-32.36979866570837,-41.219765200770716,53.8096434521698,-66.44415927959679,-5.512096041702759,69.3827384096834,61.108820850642005,27.646876348112038,45.14772547223903,61.338073611458036,-33.136095367662016,-52.9762319793417,-48.1454119691031,-68.45882592748275,51.77902201994481,38.30496378225543,35.80719095225628,83.48779165130786,143.54258270905802,-7.3737770434696035,64.2873517548492,5.224181466724228,-9.476770216113465,-21.652256128795543,-1.4141656933221263,-40.451182898448295,-114.85847058781873,32.62453624502888,-30.118247154384903,25.72215495804537,122.20501717284141,62.817706816728,82.91746974620416,69.46148704795009,114.5253559028779,-84.86599754204211,17.194500773122474,-32.65011756370257,43.49838155910722,24.74129151751576,25.929042538774492,13.973934465614397,13.030939291680815,-84.0164671990081,-11.798917119287044
404,110.4942772387368,-236.1803385702212,-86.31337333072508,-219.19350618709498,-125.18170563067305,28.465257756575305,-67.69783956127117,-16.137018164231264,4.2293308339032825,21.131999693750092,-52.999355867061986,-48.10950897733232,-70.29725577385196,-106.12764484921148,12.61576669076672,-17.357456595383873,0.7615705014237757,-19.921620464864365,-172.5251517855115,-77.55663245593824,33.89947286625259,-43.64819408803002,-61.84710170848592,-113.05263309029846,31.316474789074217,43.56597235179862,-42.719782279430255,-58.399005786726065,3.3187585653952323,39.06474824396945,3.410615454141052,60.551885969100525,22.598154462748305,-20.96741715527742,-59.87111106257041,3.8419747887430993,-76.24030374041325,4.338807655794853,-49.60889727961713,-6.805962185061004,50.92687666228644,-13.700499289971825,4.493875166745585,-22.173265398869596,-45.12677458447533,6.674429542321969,-38.20945903626842,-22.480215242744308,136.47733185205826,72.65105848594916,-59.270855212192195,8.56413987549618,105.11745129304927,-47.20734053959346,62.265728014377075,-53.2274603018672,-143.70371973201333,-30.468178971170634,-46.803209423879075,-71.80361984386987,-57.21126052408879,-103.11360857376303,-140.19051842717224,-17.97087720485432,-111.42343473423163,155.1425562947529,-36.605901834708305,129.77466970307253,-75.51565760321154,77.3487113569276,109.06313772237831,-40.077083691903226,19.87657618511444,-53.4999763567299,-28.839589095667005,37.15988261188353,65.80760422925272,-162.62084762825737,15.523263887686241,32.152756136410034,113.97234961117906,132.93638661704222,-13.73725783799222,-9.393535368690422,-168.13660166080464,29.843065428157875,-49.86293789503835,-98.23502596729807,-143.8826468148928,3.117901823117202,6.806384288096024,-13.197692154325429,59.485479668078156,234.43487075076385,-79.17031738830897,-152.81316683162493,250.11223928006837,-114.05912306755053,-2.8123136671896094,-166.3478165489191,-73.73409021131432,-7.121005089964483,-118.0473335706186,-5.688817006596965,-149.07638519240896,6.70583298131403,-18.574279089206808,71.00580394882056,59.69572318344059,44.17323552933038,4.030799592468788,51.84797507787061,-4.595664872898432,64.596710769848,48.126554176367144,-39.16411612089975,120.06724909499785,115.14613582135333,-6.137266567268417,-44.802909078718685,32.74507036891646,-99.6574460564273,4.340419494546823,-78.88735463409357,-15.427405086127038,14.274667136023245,-8.292715864190416,63.78374967638628,-49.35473491401807,-77.98017900027325,-1.9344646264608005,16.10632559603871,-13.261480033415216,51.82466513110348,82.57817702433239,42.910136624279055,40.600816389175975,-22.9609323032138,-24.78318784603489,28.91362327460805,-46.41959751945647,25.31576540309554,45.752609469988705,-47.0987048974221,-33.9566705908571,24.653387643060178,-27.759697112664934,40.02687512737615,17.984796940732714,-4.880358212107731,-44.31396161534232,18.395091373333123,-32.40600205173441,-6.366490656307005,-11.453553820407976,-11.480770047509035,-29.868772397802203,-20.01819721754413,21.81829015361634,30.0400795568357,-21.295563465297725,-6.061548370966527,15.001011805790677,-8.366443930856754,23.425446967037097,-12.093118515646292,-0.6533753691985132,-39.19002760967013,0.7785485150470974,2.3818428667123235,18.170129386295486,-9.37358887937911,-9.630351917187626,5.539245550038818,6.258708265514112,-10.00678737365529,6.083491700744436,-11.096585579947064,4.679687322562218,20.039911537130248,-7.182939155385843,-22.15718908016423,20.872206999636678,-27.127415925687856,13.25004759890633,-11.239405872812046,-23.98338371629334,-0.9136118278118739,0.24632155584875326,0.3585106204749219,7.441098093052401,-18.671625966581217,2.4497528442055545,-2.6224663973695117,-9.534547289058196,13.073034758020032,16.537531451036735,-0.9740583212461275
405,-39.16477410130572,23.25136047284422,20.158192031801512,-61.6487986821494,-22.610628183616036,68.38500309318982,-36.596600900213296,69.39136600233714,-47.61756720411743,-3.182876113436407,37.74586715736176,48.41044868703637,29.561470244898228,36.9805735361988,96.80328581596925,20.77097050406029,20.47017648141556,-18.398366873369252,6.565611970142305,30.808251216534135,13.483802284504712,27.397552412931518,-5.904896357123736,15.122165130121223,28.405570200062506,29.932752854428752,-32.52927173663708,5.000483585514382,30.039903146506454,17.464552329933365,11.62757211126013,-50.527831482816865,-7.876709133549417,-62.038533975083354,-11.575300161987037,-32.024530041789774,-65.20701865653893,-36.08227127400148,-28.82966409445782,25.875246156176466,-40.47096889932857,-44.82930720654962,15.657745382800721,-9.686488328081133,-20.31567650084546,-24.41284231578139,-14.403974193785158,-14.931241949503317,16.446135976630618,14.684870034010835,-17.269690208209255,35.355214046555645,-54.97155780197121,-16.581912109284215,-21.614291081635482,-0.9965368351326784,12.026850635913455,-23.590964587311824,0.6433466128785097,-54.48272239071163,1.398457982005621,9.90272950236098,-16.431806286476686,-6.931290375842833,-15.240259963045759,-3.202849923211748,1.8370653305147207,7.715990057680205,48.787990455271505,57.49182211110806,-21.038201137019264,17.881291088825687,7.142005897826996,45.19451933279693,-16.03468359078,-16.62154223026614,1.1783368137136285,11.82908837940833,25.67958061335,-11.536562156592417,4.327693037831933,-39.103744820831466,-4.523255206210064,-3.0760981861458787,-44.414283202691436,17.856315555564624,13.184561160048892,14.855050578389069,-6.6459037730043615,-43.38778690739694,-53.36678569120527,-8.359460778176768,-3.210015505228033,-17.58355764957866,-19.127534017872136,-21.08200924444458,-10.75997762240136,-12.991799127761604,-7.429478985698002,8.757424257961718,57.21714086425599,-16.52682678006991,-46.62898150376158,24.658694748666075,-37.03830890189894,-84.83150562898112,36.529184586694846,-1.8251734188005693,47.03923435259087,12.083037022974569,0.5669186386994625,-14.079817636026572,22.30725157923859,1.5806279299332964,21.506810664551804,52.107614681797834,31.050702714631235,30.106941586030977,-1.9107026907234168,4.89015513403444,58.715954313531306,2.8093862392728317,32.645148452914945,6.811991761969208,6.283680694802954,30.369646657273115,-4.739983790668036,4.9809043351533395,14.037504463381902,21.265116580720953,-1.394463219868351,5.596709062438899,-2.637454087027993,-6.134624980503845,5.501165234052265,13.200288816392879,55.04771479077362,-54.014148301515014,44.77947890501989,-28.957958883970612,25.259998087227203,32.69778656911902,-45.64392135093984,32.010758153162804,37.15599293769312,-10.674715675608523,52.911438712564305,-30.04852477921335,21.037701132807126,-4.446174146684799,33.088748738688516,3.4084164125345198,-2.4967754161937776,-24.283966573530567,-26.328292167773274,53.84009649166898,-33.16505613130918,-24.230726343754547,8.98449009602222,-8.05942511253144,-54.12236249036701,6.925410099663424,50.324109285596585,18.587371571272044,18.859346713512032,3.031601369881643,-16.498280739978487,47.210374972498556,1.4839669920319791,13.701052293496646,-17.839212290514194,31.615586477031137,13.124647905946553,-9.396117485993807,25.660493801930556,-17.746432048995096,19.376565234719568,-6.593710271768502,21.383104363979164,-6.701431363577223,8.724067041506165,24.165538827696807,-4.827895272628174,6.492349307586514,-18.67753184791244,-22.530808748938405,-1.36933775655989,-0.4348740067614183,1.7151628542365256,-16.1800208289943,-14.546184223353155,8.62771133585957,12.533049932235466,17.942749249827433,-5.084368596583595,4.256919024647709,-51.62299684294874,24.276174386686776
406,122.98405671798282,-209.30616263912043,-90.94292077670006,-211.25490006556058,-117.41003301669262,87.29138581859117,-48.235076388770274,-5.171617750535046,-34.29424668509474,23.567816284131816,-13.714869141665442,-3.9337491274273217,-4.0878943508459225,-127.39304811280498,21.123666325372668,-18.903115464259294,6.528871269674254,9.529200515918207,-147.1504723659305,-76.81442558856398,29.92564049919102,-84.92451846074229,-185.58447019189597,-25.04378731921867,27.06982099797485,-29.703055110713283,51.328401390427146,-39.52462704797741,76.92370199659503,11.322947387920388,18.977890124002755,107.12712429737806,46.7140483824579,-105.76551375632813,-96.76330779225853,-34.33491873362031,-99.17367998596428,-202.99501188236727,-38.10393886279792,-42.2148922551546,91.27903889101229,-92.52155616133838,258.3827758403178,19.14339520430162,-198.91607238269285,171.14788664102446,0.7181674891883847,287.9662584874203,-66.67050943777727,341.14082432430837,143.94186238987868,-125.42095522608929,7.273948503869903,-71.44194132874262,44.065485492462926,-100.76664174344273,368.94013849905105,-216.261740148664,130.9962523546728,271.0185006038818,130.30058911659384,4.553058039857858,40.127503268401995,-84.5554807646826,195.90661225751694,91.21850607305768,-65.62885296835367,35.490969270944674,12.839041318510347,-10.519423347800828,-87.32760206131705,105.69785096623848,-42.40971744702547,4.148294578370062,14.153084445833388,41.20885186639912,36.186193468259,-96.32151466241177,-54.66375974097407,-56.99120028643294,-10.468551608924976,60.33745653610502,105.14976129763556,45.196095468744716,125.27521472891706,19.53608619588483,21.542626223914,-15.247876263209104,23.277045503255614,33.796933872519595,-29.12403103285047,23.69236325123466,-69.57747549532392,1.990403357332484,15.35151382701832,-17.06996150021893,-20.12861574666917,-101.25802045351728,-53.28309103168807,-40.36797872182161,29.10520842236472,23.034872558941842,41.40221589722418,3.8977330350273496,-7.480593278765376,-38.59744654808081,-40.44075017306585,-33.60005121560019,-41.121855962585784,26.143438104188586,21.55182870523015,33.67474135288987,59.987765808971155,40.67829198549855,35.0369500304308,9.76797174153259,-22.62584856847711,29.98747760954229,-32.83346114805583,-26.5813643181914,-17.96483784645047,61.97335401297204,6.444673509049518,-20.59503083726273,-16.25368075390413,-5.674221707872109,14.59932207916487,6.22615032837507,10.53715515405251,-2.76016402760666,-12.324040323390362,8.833309711318503,28.52717233347443,5.296519635003862,-2.2833326664090174,1.877816966235847,24.35697644473321,-14.001166923683778,3.455096956034646,5.49465787311401,9.236570042554687,-0.566170757190241,15.207442332383156,-1.995418812350601,-14.768316095637065,16.3771205654481,-20.22309172940937,-3.7151276027573807,14.679829841893309,3.3775833621327216,7.483788533446434,12.232709214604059,0.3670783517194173,1.0702655824296874,12.850278030382002,-20.929689544720752,-9.719578512811468,8.913552424120939,12.371648169000599,3.7937226070731396,-3.5984595414282,-1.9199116708118733,3.2483710665971413,2.4598256061514916,-7.611752340087691,-9.971728757590574,-6.939600631140217,1.7984042245885592,-0.5273892189175775,8.671858684923775,-2.0568152238279724,12.259870366238236,-8.676382355668617,-0.8266323169115474,-16.75588117648793,13.816953325474955,-11.473970833318564,-8.67324373611713,-9.851797110341693,3.8604354342365323,2.827885640597813,16.120536108420296,10.706052438298014,-3.1521230889007095,-1.4890904250399868,-4.967145011089117,-4.855760775047624,-5.135026058606091,6.848691130824106,-7.879357926705403,3.137239853976083,5.180457241043672,4.258098759841046,-0.6797591583179649,-0.15813290032633442,-4.85064867309064,12.16330868436702,1.4403613715328227
407,-48.26994054892578,15.174382372924526,-54.37219532900359,-78.04207722714575,-23.240148223772067,90.58574625529997,39.414389619155706,9.358798439425172,-39.48498239310413,-26.279204063690074,60.62794959163944,64.5018801842376,23.19123393761889,-1.8375369845322875,6.6787883042184815,-1.935346746814202,10.515380694752992,8.329436349143078,22.951191980807263,-21.723610206939103,54.267895724751135,-19.777128131675866,-28.358916454390496,-11.856402432967393,-6.441763996935747,9.826165949604619,-23.034355367074355,-51.55543436379616,-66.16954537376414,-12.020455003952803,-29.894707590237267,-14.102365980946923,-76.84844281253889,-47.75512440718036,-47.49821596662687,17.264841525112473,43.631432277730546,3.663079717097925,20.473746771789607,-25.365112518076803,-3.496504221638455,-3.0621097988830943,-29.752570283362566,102.3189367732506,27.495286692434323,42.57710498297125,58.61623215221663,-50.348654221277584,-28.89863530735641,6.327959893336916,-70.16848598240787,22.681348729248487,-27.597244791888137,32.12927894810998,-26.59189149229929,-20.35413250020672,60.653819370287565,25.305890120776965,13.045206142060172,-57.16847342696225,41.42956644776724,21.7403947016801,-1.2946101121310871,25.761107465270033,6.18319962327501,16.067223619652577,-78.91865032288676,-34.09976800069683,9.74297333841541,9.791970687538235,-17.881268360766274,-14.776441832023886,43.15986519669079,-26.365442819567168,-15.031884374485395,-10.726066035883749,6.582892254011501,-22.89515752622265,26.620296394928612,-20.832077730950438,5.580954557851835,18.977565624868248,14.329437979564837,13.353081439287601,-32.51560344339179,38.395254462716586,25.691094102645817,32.37078598667863,31.20426012198707,-15.74615123065688,16.293137692320826,14.772942908717955,-8.536358720511515,7.194294125547575,-8.496935811257437,29.81467478534236,6.371583398371921,-5.859676567946714,-23.23554401143292,56.40747133300419,5.109290895021157,-40.72379882760914,-25.871106348651264,-41.67547890261351,12.86802754050002,-30.99525876988575,-24.712718553266036,48.84558145527267,10.124656961831594,-27.550182131726594,11.149152747423749,-33.0883633838369,10.275094829430433,-18.012414130930487,-23.92988550208064,-6.342232172603497,40.35267309473132,36.70736351216441,-10.526673065496412,-13.45643748435027,-25.712079526645297,45.941767302499194,45.12870294286182,11.49315840096881,29.1139565883284,27.20544887945266,36.76435896702781,2.479605895271399,-9.178306880000964,-22.819749292529913,6.731665882901283,9.40647309306452,24.687076568661343,-31.908803277036746,-2.9610683915766804,10.074967546384439,-3.9208185729658385,-5.234670126376822,-1.0042091933132662,16.516334008622252,12.147049625206984,-7.817213552099377,45.789468715242236,20.3657983943186,23.98811393431511,-3.0028662700000686,-20.12107954586478,16.74347714177528,-22.809753419740233,-0.06926862261070657,-1.7378526790837416,17.15300277695993,81.09423078904497,-12.025826172037702,12.93118211269136,-27.22924250162929,16.10969026044086,-16.5692553331097,47.27848356554082,4.939197700177055,10.901186187338464,34.802043772353805,40.67409095559199,46.425494639525674,-11.230364203068321,-38.19335676692442,11.852093388619355,-48.16570052791516,29.711212700143996,50.73830039826873,-5.439357759967189,-26.373593016760193,1.4892221568811472,8.355894101715005,4.334594238290473,-57.821684362329435,-10.707375987122214,31.566872447173452,17.28671831838469,-9.097899535864938,-27.720029547992475,20.622855477848237,43.55227242515434,45.69982824125938,7.747092667582337,0.20389112870064824,-51.00002808402197,-17.785094425978382,-17.213130232816336,-19.04012757778905,54.106656999783944,-16.238122749411776,-0.25617407678365806,7.3903126904033165,-34.199306414130575,35.460963413379176,-10.740303970834907,-11.974330330228819
408,-43.97393869190554,53.15590567448562,9.822432533779162,82.05679718177564,13.738920084547251,-30.871983947705964,-71.2365811899495,40.32892832514748,-70.59302104443312,48.72710236179639,-72.0535850308522,-36.673161964965026,59.530988162143956,-50.96496411209648,35.44451370625381,23.008500491921737,-7.591846931086998,26.041059779342568,-53.479010439682455,-27.122838212813413,42.484317243631054,-21.04516579978229,31.55789009560833,-34.26268363749877,-15.669311087652346,5.537766190917462,-7.313433708755689,14.91528348313264,-4.334843522278363,-46.360728406417785,-20.918564066761242,20.56571611223501,-2.8170914600600616,15.818990013849636,26.38349795720004,21.61184683819986,0.4594835542955644,-12.783343919748864,27.28299459366871,-31.64637611752317,10.097204427273462,16.67250316544926,1.6322510134112094,-13.54136512896685,-0.6211668947532797,16.483007874601817,13.718830738161536,9.282666387638542,-3.8322437195028782,2.943890471527416,-23.68949182264379,37.39162788152116,7.632879289282371,-8.478678229534145,22.16697338231128,-15.403985942508065,-17.97706811761392,-15.570279228890326,-29.72550722278394,-20.631888010298187,-8.587665622655832,19.260211465425126,14.978297873685332,-9.385559652699646,-21.354975047826365,-25.251266935559762,16.639126157670432,-7.173145817937885,19.626846074581678,-34.42353040821868,23.159108686525848,-3.9551465677812736,-12.89451410830088,-57.824889842277976,-35.575041228212825,12.203595098760715,-27.786202493279493,15.730044602294022,-15.70202143251929,-2.0976868239599904,10.002999595340748,21.189464773670515,-25.22237722839783,-40.746818654006184,7.252172373284895,-33.365233755490294,26.837957608672607,37.30399060041293,-2.852840125490281,20.91600715940406,-24.26450305239323,20.550913358441743,-17.74709721405197,-10.019635496372521,10.568558626102238,-20.402319686202407,15.601658177361866,-43.606663129529956,2.5270780988383117,9.108136894321719,25.939492227050152,-3.7481489773518932,10.18969182198148,10.542395003355884,-5.170162535312764,-3.714030730803021,2.365281897969996,0.10109409355725474,2.3866039836174875,-24.630094210881293,-35.30826068482308,-4.58016804530279,7.775537996656337,33.05905451344611,0.716585839441327,14.1698152130835,14.18651001540574,20.60735531377318,-6.692722928701486,25.408132612408078,-21.64332505104921,30.503046279138033,-25.65257732989455,-2.9670795336573224,13.744932000257746,1.064420206617232,28.302730941473857,-23.594630365944774,26.259370662084415,7.696927504916488,2.4799751744267597,-20.353400877206578,9.473318601247652,10.896733659444925,-43.070005794088104,27.70142756403768,38.00237749518951,17.331740762562184,5.715755832983195,-9.153163209165456,17.629110797572867,13.116937233659913,22.051969067229383,6.707161830063408,-2.869263001106174,-0.2847600154142713,-47.43539688732802,-19.23774804214448,1.1238224698018235,-3.9252772985934294,9.826889468051299,-23.48439501299102,11.825724620523545,-2.8110248468823924,26.429452460193453,-9.3511468496609,27.506509072426294,8.985517723099136,-1.3016955493570257,-9.068905435242849,-6.822582948534142,22.647603820382972,-58.14310843797506,-0.5471348795622787,-10.31202766358808,4.78155302917539,-31.970312519712046,27.168471272404105,27.97209359439468,2.74345642749459,-21.672815855643258,-19.601761332193604,-5.389656020080238,19.479688687243403,-1.780385698309877,1.233801335681451,44.79576525498113,40.07552343367544,36.31905873064466,-8.371554516852775,1.615882313112774,43.887401629424474,-11.364337538155844,-13.870396559553006,33.53018844557464,20.443232943934365,25.063088617138277,-49.0100912543537,2.2313646009858874,6.773341920284434,26.56618900455628,-2.319751920447274,7.297184785616069,-41.770054194002874,22.57867079019189,-15.001909228520983,-5.670373732884113,20.459409694965284
409,-15.610706798493181,-20.227068431158997,-33.89765813553901,-72.29860929006547,-51.2451460956795,59.519212574989766,-68.23659538510708,54.33002185890249,-81.84432606683308,25.627259913797623,-21.260471525622545,-23.014227863544686,70.91788844365341,-1.9980373966746117,39.46523736734413,23.98577928583643,-4.154430511495313,9.446892804601077,-77.99577745758229,-17.418865475559148,65.64068664876343,-13.861348951167066,2.7228050391229326,-33.93884458661675,-4.7266018615266,27.016108587016316,-21.96551706963316,-5.861350707172112,-53.99969086180558,30.082581440889633,-21.664647445028862,-13.587964225542434,1.253332289614157,39.84640188186391,0.5449045425831613,27.661672470641374,-68.96172031577473,-19.454016896315846,-12.02833304395124,-63.91670210418489,-4.231289624758106,38.74343901753799,16.85589679860751,-31.33067717313741,33.248293530315955,36.32803714424206,18.064300652504564,-47.51864416258704,15.810392784723868,109.60037860702127,-65.34000526122003,18.2188575518818,-81.95352986175827,-2.3855563008734877,5.506816242338994,-27.52872254028862,-32.796134809160755,-9.877056144069165,-19.989031339984948,-53.48640776821291,6.128173521760351,2.2760476214609158,36.54008041029618,60.90687752839055,-33.23587528831514,50.90980708584674,19.1103940926954,-85.71209385157518,15.355453306403389,94.76360733750403,-72.08350176316712,-56.99970016068198,91.75010951254347,-10.108467792174213,-50.52820149004309,12.765121285081676,40.610487539146796,46.153498570825775,-24.618356187020158,-76.21982614887581,83.54959212101672,41.24519810624733,-47.71253419044726,-34.392088053010085,-6.557241432481758,49.13179620643811,57.32852726865266,84.7190240127303,23.909293171616127,-38.112692315820425,-46.66486677370261,-57.85992443423947,-52.66104259574182,59.31955833242554,81.84680045822488,49.88832010465723,31.718585062435697,-32.10945491085471,32.165901965098904,14.838150562595096,27.940452683813014,93.63896178429519,-35.50229520400681,70.32704134944447,-19.2624091007848,28.36908553221766,28.006257661669014,19.173523573182372,43.60453349089828,81.75775537762823,16.672241295806487,-21.489304466030497,13.81888723128224,94.84457660108593,-19.376130788271837,23.890566997931654,-68.83661722057106,100.64483102974665,-22.34978884025274,17.037213224320183,-3.7152016855389682,-59.766421689281614,36.426674702725315,105.28691965312305,17.710253033399376,-57.821174750991204,107.09155642384702,-63.42659188016347,54.1511324496964,131.06894471946686,-67.73256392598998,-103.9294962458593,48.15121045272818,25.185002578851602,-40.133022015938565,32.38641787565009,65.79581733429913,36.75433708038689,-47.98844119292327,75.74916202028957,24.95835595939005,28.48178460247851,144.69848845985913,20.82362407738838,26.643461530273928,-83.18522838213862,-31.68964536461508,57.161355821992906,-40.56228128987412,106.99803210837428,94.0965373105357,-39.14152161039215,-21.607499026300943,49.34944587783442,-43.74514444232914,-5.493623742903897,-3.2911971841315806,27.1501799215418,20.93765893743135,-86.74482701296607,26.807974443900324,146.23497590873447,-82.87574272866667,-21.688946508297533,-45.081784891717696,91.2612096007153,40.01922942714826,46.29750487429678,44.44961844543682,-44.51520113540231,-71.45831821810486,-15.005426538036417,-11.669294526764677,32.68289850454226,32.876835963248254,78.61312677305884,-53.140058972410785,-9.170131139718702,24.731337065755135,-72.0761723438166,-11.486909763109333,-34.468097309950466,-55.33805708427176,-35.91009323260903,-20.036424983147302,-28.988834014978092,28.275481471991814,49.455820597396574,-4.0858797911524825,-48.61075878688867,33.57135996315775,-29.5620310086585,-4.569968714632203,63.11621840340025,41.22138796297753,30.779925648149845,-4.169286830636788,-70.32136902620492
410,-61.061944356224785,70.19956675758931,-7.239737627034883,58.901700662534104,19.79923197617429,-3.180159229866924,-41.65077319766479,43.61389092870451,-82.12286099337402,28.221628763481526,-34.107017335092884,16.731770927687247,60.992048215301,-64.8624702898681,6.377097865305036,10.604457816160322,-3.495806145281006,39.78125644472457,-30.302486464823613,-29.67039491876393,0.9665122662412553,-16.88358923699338,1.3881061577699563,-12.01793607358463,1.9286915619142,-6.4029135881034,-23.464072188724227,-20.51542447646092,-5.64752270467973,-9.397840685446514,-15.43662666668382,-16.397801191253457,10.557359567306182,-28.787568553740687,42.120114682139416,-8.566713952477919,11.267105421012177,-18.824950427002918,24.986133463336042,-11.942174216491724,19.721666843819254,8.010921123953429,-3.5246464477649555,30.429148722006737,19.957834042918332,37.809621499880706,13.884890144315532,-18.325280878128055,-31.253002888919365,3.469972155891587,30.951539678599843,-10.824178165159571,-4.1981473896848245,-1.152062938540482,20.19258858863575,18.700458606715298,-26.0221092136277,-10.374930167145246,6.3974645594027795,-21.764721604845562,-8.602413521078217,-10.820900582548843,-8.004425629967043,-5.928509396957369,12.914637965674832,-0.20724422809480592,-3.3860854289187947,7.01487893558126,-10.913411328326275,-35.90718781200958,13.32874116419272,-20.748001310034805,-20.45667608927013,-22.20076597831288,13.650690463671255,-2.3817658827635553,-20.358748545877003,-2.7689073953915155,0.8582692107768971,12.598978764393923,6.071774701070417,-7.267978000653658,37.87715267204279,-25.859380255013075,10.338613477488066,-26.181960897246523,-33.941937409916584,14.682436133522252,10.600055710759161,-0.439625374973049,10.020959699751703,-18.719708386673325,-23.126748646411674,20.94405567471531,-19.635719625956973,11.715534810237294,-10.185791285957055,-22.405194340675518,6.679242517838178,5.6437472044143675,-13.279912680552762,16.526716326584907,0.9762021566096536,6.232880951531454,-15.131640321655583,18.013497034894307,-24.455023234257418,-5.486088365848628,-18.938764022363628,-25.49343759866729,0.9435334870827047,33.1565143213058,1.5954031511931241,-3.248968392839909,15.318580361705402,2.669008133518129,20.452175768117105,-24.20908417415647,29.199284684213616,-3.793753447793113,-6.78720074567317,-7.666026351095495,-14.051901401213264,-8.461917891232229,4.519271680419416,2.1542239522073707,-2.3645876187130836,-9.376404886683359,15.365425946850502,-6.713043326203591,-0.4652057154023893,-9.186505703743302,-14.184470741313323,24.974293419977,1.909161218434959,-0.13497942411444208,-6.304539753126962,12.084639025152356,-11.90587468751167,5.594525979873075,-4.543544123877101,11.428106864422746,19.33613142027813,-23.0788312025538,16.051660846160416,5.304066831120387,19.61786574703818,2.7900237350693162,22.170479542567897,-13.02273545336552,-13.267278570992078,9.702714124644634,-14.938411873722874,3.2237812654587708,17.596098912231117,-19.204436543412626,12.064506585208346,16.73064449135274,-19.08217098705313,4.07032799735834,12.091822518104694,4.872332021465723,-18.711997898490395,10.702328276259896,3.150629835376933,-11.894087171370188,-4.672282042082763,5.098172840437779,-6.636783213572344,3.0801182611748725,-5.897785464045066,0.6800029910675809,-5.554486544938531,1.7201002667829803,4.2401614441303765,19.807135268822346,-7.6045761559204434,1.2392331316220182,5.073590049061526,-3.735669928815155,3.13920049748984,-3.7955775233677413,-9.885287048069985,-9.537223032464476,-31.091701731922846,23.335860726585878,-0.8769195562472938,5.259043682372777,9.349015089372827,8.258665622821155,-0.005918623999667139,5.517989771319048,-14.023898008908965,-6.5576948284838315,-13.209548242055579,3.637615406404172,6.174596195132418,15.56366794634211
411,-31.184747205706834,2.434312442021301,-42.14445031167887,-68.75313031471318,-67.05050800976103,88.76198883245306,-53.037361559738116,29.23100683216365,-114.17368787332758,21.738198625135773,14.867636339345115,-7.149214024555638,162.7611665996066,40.57248752447331,26.721321019549872,21.64900730132448,44.52727177133139,17.672950124353097,27.32148932267186,49.955765641859536,-40.88125284343196,-4.20542742074351,28.85673555005979,106.37068442719277,-25.32825305605775,-75.75475339036247,67.53550123476936,-23.798434419828215,35.925684024374554,43.255492257536986,0.47805760246664764,-53.08889992026734,8.98221364397881,17.512203887725683,42.05372389869782,60.309801247221294,-14.839026461429741,-37.63083777083617,6.765489208191054,-15.135071287708593,13.2772165863826,20.144776101332273,19.424721525846927,-49.08231594306635,-38.985879473982095,27.242148538925097,-40.17793158593302,3.0080324077745857,4.747307149293757,9.554937127350632,43.505196313875636,-23.648161207566922,-8.27737351290147,15.959909453180071,-21.108308969924874,3.0355645864675305,2.0618174187209375,35.37942012901892,10.153970221820593,-2.4923897572456917,3.6895943266864486,-11.569614917265291,-33.06629728091655,-21.3314277963367,-4.871911971174085,-69.47730856673338,-7.061890867757455,-21.59611258158038,-22.363613032969603,15.708459235356136,5.651551512064568,-40.649104955691755,-15.866167897135242,-8.683624152435621,-25.509288352902598,19.674870050551853,-42.795577947767114,-26.932172701495276,-10.198315036156119,-12.30450378157488,-4.384078615767912,-52.81226210300635,47.367435750309326,8.196770187406182,13.674473424309683,-26.136772694594434,-34.614344731144186,16.460076093617154,-5.3134784406840385,-24.349985554295742,-1.0459429698622467,17.572870562951046,-39.83535216327792,21.534839243318082,21.54521476246003,20.009192560675746,36.05784486974701,-3.8700743219427127,32.486705838603214,51.551013364870464,-20.03409784785696,-26.732022541499187,-25.438208106044375,19.041027229413878,-26.876398541855007,-21.765791364026,1.3527099164606928,-30.938429900291194,-41.33377125338423,-9.23644534731827,-55.828247266197344,54.366199512454806,-40.008115314329906,-40.51688375872775,66.19774518885856,-17.309305044553426,8.731039395558254,56.65897359121458,11.20297869852545,-8.662267545236693,19.04220693498576,-16.027466296398085,1.8332138888008143,32.06307083235012,32.054441680667175,-38.80621275574078,-14.225704898243208,-27.96297953067746,4.091216994516495,-22.809737752792785,-48.166140513696206,-2.9479868183786726,8.671285425313833,87.13814554891373,-82.30492669271747,29.463964017657393,20.71342754330075,24.372098217886126,-55.61118996327525,-67.00518947834402,-2.978547356968204,41.3448377159421,-16.9944986680848,-9.663153369769182,-41.67654820716986,-17.38449236632576,-31.584731110168402,-38.98958467621157,-11.632913793072015,5.718450665636716,-74.92839216200385,-15.579213549119775,-42.415536916075524,72.09518344435187,-52.42362158978631,68.31259275128797,-39.57535410029866,-73.15053544703717,-41.29917921730799,20.358604525659448,3.3580602098715713,29.304163115355497,19.0051668231307,98.89238005226431,23.529547868482915,56.649178738061465,-3.729034388002963,-26.80054788281369,112.16798770955134,-9.263796020360486,1.2219793853795409,-31.330549387437514,-40.22472246084313,98.45917324082565,2.553949666617609,14.768467147260038,7.681870172214862,72.83575334050376,-14.997023837859773,12.846224323295411,10.511303255122568,-71.42925665788057,19.09246297136072,-42.455871785198006,66.86618907894888,39.22141616634083,-92.72398413719152,25.036489212514095,-40.489241175531646,-0.5232091297266861,7.414162743301582,60.096635183256716,-59.69203925462769,24.001401450466737,-45.328056990152845,-105.59941532133858,6.433463734139108,65.36315626826415
412,-57.79531273821842,48.45347851166211,-40.13212582307354,-42.83504079050497,-14.04282087231703,87.33954328604986,47.85661615995333,7.066338767573237,-43.001934875899174,-32.17597272312097,70.62792722372656,78.01909352754583,46.910388825313696,-15.554029829784383,7.242655290013279,-7.309158838685722,43.62410083047813,26.25747340844436,42.35266916068593,34.40309128595011,16.755896592552187,-3.0378117190857212,-18.871914741086556,40.50950724050787,-7.118725677022749,-15.151517803375826,41.408434556259955,-31.496980963160794,-0.8768387612385821,25.040779767623967,5.244470011702008,-37.37830561121166,-30.148476993126643,-35.56441145100214,1.8282406013152541,44.63914452404911,-10.751554635470825,-27.379268679817397,-7.77126100603456,27.220970517580756,2.418186257025636,-40.94744776695578,13.80660316109658,-18.48770378557303,-26.881145205356457,-16.498677223067727,-41.040687577912564,35.65941456973819,4.747250608932619,-3.4163789640877202,27.668576185719886,-9.234284723970482,53.62930734215191,-0.8229999322069362,-62.7719050150221,-5.243490396823789,-3.7125560906045214,-31.38081756885088,-0.90430964400299,-6.550487551005918,-9.718488892027475,-5.286317185328813,-25.551023117438568,6.314652271398412,-17.856058580713704,-40.115879893059734,7.492729556875607,42.12550230340379,-12.721142255086962,15.479029159016859,16.62862880798757,16.10089620760123,7.768530668703232,16.37901978816329,-9.568044040857506,2.0409889684272966,-7.652757332319708,-20.231611303644545,7.199733440087047,-22.10898918249628,-10.077632498860217,-18.70944800072041,-26.055685184093498,24.469504474398523,-45.36315500620272,26.95483619295343,-13.058688817876588,15.705660955187714,-50.7419975048512,27.155259620656206,-35.929919738077146,-10.544260525875966,17.579200671095915,-23.29154863384262,-32.693591815742096,-18.55388147280919,-6.708616944062753,44.60764283162201,-22.27135144841089,-24.26291886148378,20.707482232941867,15.030109312400285,-12.227357018304211,-5.748355103317353,-8.538852228736292,-29.178796071099153,-7.9033253376764945,-36.20669184614489,17.965559668406144,25.18200505939838,-21.927824969478685,0.7493861355035989,8.515796243050058,11.343553662477929,6.5538183861833765,-24.5979721879287,-6.412171133404979,12.469210128629625,22.197538835813287,-25.523325715426285,8.177611239913272,-22.393452472878185,6.521072217791285,21.166157976476423,1.0884396058092969,-10.803800480666592,-22.380237389040254,-0.07613419290059156,19.708585774722007,-0.5804418088919246,12.562193044405548,4.78662076805251,3.5754874265251484,-10.019915282909087,-14.231997465103689,-15.515984372197702,-14.840713060131625,-51.704425672108265,-12.918525334340334,-32.73150039930618,45.438445170569615,-25.8774203506206,28.155170771160407,-12.916450388005785,3.2441027767704207,11.894052804938315,13.126577078474865,-6.405493019321356,23.420133763694864,18.317291621602028,3.90566708838322,2.224389326059903,-3.517817945937787,-10.906549546025472,-13.819857309719437,37.29329508067198,9.890234731667789,47.40149210139026,-6.312902403517247,-18.242781861110956,45.28238474009225,-5.1032419394427615,-32.03954535291269,18.9841456613084,-7.997217523336317,32.65403629894493,-22.001481469683846,-13.027304220130539,19.730930077184706,-30.63997600362569,-40.00876269789196,-32.971226899619815,18.57978943321007,-20.202459936814883,28.565240210265245,-38.39297385699931,-4.26839451613799,16.98340762459826,-9.954525513727333,-28.61071849392122,17.71693103553681,-18.83188485844025,-27.180854301592138,-14.430288667829585,-26.59107605876734,18.839043703204318,9.323479965551286,1.92711013880159,-4.783081592525272,15.08350050531715,1.1703457589973763,3.5460989620847694,-29.955308536550408,-22.52566929829481,-11.185582449384047,34.03913184572077,3.590225498131582,-1.8757431006423249
413,81.97879570844113,-167.1152353932923,-70.26397263095025,-185.27528686205315,-117.60929694689608,76.89750748867083,-44.59981234179934,-8.057587571292302,15.333599987703778,-12.91475220096132,-8.365073621547197,6.060421688011872,-62.78371639311023,-71.68992478583715,-4.120178891866364,-33.32115079576965,-7.51288580272432,-55.125566158892035,-111.64555323537456,-85.02338205796137,75.0800107535798,-67.40977431336282,-60.363906759972664,-73.15105180709658,22.377878630746256,3.742916986486179,-43.63914968654461,5.607126523856229,38.47516089078749,41.07179401591039,9.122183820274314,92.5035013086572,48.53541803198146,-0.08356789176274773,-50.142097910044015,-13.010071354699985,-17.81743213936438,-29.116981645097496,-46.80504696024623,15.879427900823545,13.976261919247712,-30.588772623614737,41.51238485922842,-90.99382600026006,-85.48966596936437,72.67949206531188,-22.155939135399148,63.04791917389186,-15.229169932709866,44.867183796485854,-51.85065319468868,3.572214956732362,40.1359293344737,-15.311643872960857,-19.912197684207047,-83.83938589999303,-5.478333183382948,4.633137081789185,2.2639311474275132,60.32503504795072,-29.922604114760016,22.392310138591014,-5.522283851259286,33.87319251990593,-51.862131894995194,-28.106095025504313,39.04037217344725,67.03295357515034,-75.19065049351163,28.248432737963896,-103.54008652796776,-76.77847561293238,130.33414511758423,69.65559157159285,-42.10206294089369,-39.11594813844539,4.420850777932581,50.07912419735981,-15.065243251539284,28.490499980680216,15.699565394756052,-74.32789656111507,-53.575993245980584,57.30034993604743,-74.72476279797775,13.504067345311798,17.83411784674505,72.04152196719906,-11.482960569836045,96.28777441949387,67.46227169553931,42.29618252222989,74.56554796819833,-75.31941726647175,-62.089103225719704,78.94035476702065,-44.74774844905294,25.52678963260307,-57.945536416125,49.68962643147321,107.79797250945813,-186.3050109027221,-27.400475830696877,83.38138120206216,118.35963433065444,186.56736763890746,103.45708282518541,68.61960877641646,-25.238323984283454,-174.49634262341834,-44.938774460924456,-62.082486311921876,-145.81299585812,-184.38744876726844,64.6486168839134,-7.586422883303277,43.54711411281118,-47.131370017889495,-7.332687062263273,125.34992233502479,-58.55388137770229,-129.29783178848837,90.53985077112596,47.770647800474734,-163.24525624636098,47.45685842721379,-55.39715399022592,59.33279260408458,-13.606574678193484,77.31505468282352,62.50108641949251,-122.32954703436157,-80.10544568075473,188.16814210712823,-3.645590121204784,26.60720016162703,26.5791762348918,-63.442341013336105,-60.851999611789545,-4.259358190738337,-26.785974594474272,-48.4646315783908,43.22175380464333,-42.399387438973555,6.534500629647484,14.745663557848001,-45.940441418374625,-55.657543720426695,4.532924639488197,87.42831548033553,3.7433472413761564,39.615195029424896,-87.23461075063484,-1.836500424297597,11.835285754711595,-8.668595528747824,46.28550497011075,-23.53628565824776,53.414101034802826,-2.6413090242874255,-15.11908754761747,5.443386023518233,27.73704363466312,15.896700146755332,42.970576231774494,-24.093135677415876,10.171574279613097,27.259507835012656,-38.33425499036323,-3.4132906924412505,42.58527302668077,11.756847215600603,0.4532072422199177,1.3644750567314852,32.55193475534876,3.6658464687611163,22.345381146413548,-24.417980385455436,-4.332276308716036,-11.016141370193573,-10.174043617333524,28.89955803448211,29.047161163111827,10.311036040875964,-12.569740208168371,1.3338533849898944,-5.762897940382927,-0.6072448244903956,21.0856342681342,-21.33074054573569,1.0735530438154068,17.39916182315119,15.488754935475177,1.823358589253675,4.352848938418289,-1.1049041298222955,3.6829921665609926,27.308615350616975
414,-31.879865036208233,34.49105368502128,10.90868829871503,58.86176817754142,-10.206035193513388,-25.263661696777227,-95.91540722599285,45.597267654011574,-63.580049420901545,55.299248720106945,-53.24714126967788,-48.18923866021968,61.56426506321923,-7.408776311880378,50.08824871236356,-3.839725920749783,-1.2358296665759567,23.157976024752976,-23.789713596338295,-18.2356143816692,17.34676221698,-0.7487664404248313,33.390179270562506,6.427051889457932,0.40282076993570026,-7.632253226477731,-14.087323171922181,-8.18481900546527,33.528731655913276,-43.498371133360685,-11.83645020145665,-29.528252915616683,-45.021077750006555,-0.5481717451772536,19.34196897357552,17.500751640518644,31.312909092797078,-26.178104423952828,17.667452486838904,14.444948454844452,13.045323368353824,12.71235607769329,29.533856853135593,-10.564666640191772,-21.747091010189994,-22.654864188997525,1.3669590366477407,-28.30790564763159,16.38116344674423,0.3528903533597377,7.538993611774905,-22.01194520716994,19.08124730871429,19.560168720130935,-2.274530767318601,-6.151279644471998,21.288488382594085,1.7734067102806559,-27.3977289441351,-14.23086361829838,22.37945367320396,-13.12459440227685,33.048963736274644,-58.119423073921865,31.710623895730958,-41.10166217391379,-30.335229636950068,-19.16262639786414,5.764259602753913,-28.472162300206282,22.36219645685956,-56.66545279172757,32.01464705920244,-6.491468463757656,-11.337171732737183,-52.15431160323818,35.45155170509952,19.45706665408673,16.815006011252144,-17.251353502085458,-21.1301897249172,-12.635539434020359,10.676144479818529,11.498208769828976,7.518239530078866,15.062894460437912,-16.703466176023007,-13.77352396321594,-4.30071657745017,10.865680952212964,32.721122747154915,8.134827097938548,6.667717193576428,19.1848307386278,-15.544122948778867,31.154566979979613,56.64054611136215,7.799312373420375,-7.944780669769684,5.020234972183908,-2.711354697546519,28.538700676679877,-15.53234106515981,28.92865004213457,-23.9899640735943,-21.890648009004153,-19.96434211402218,25.40849219758769,-73.54897151053846,-12.729343930560882,-93.27852418750638,49.15852794136274,-23.773290114957323,-37.4857164587281,20.766689453668256,16.71864318001242,-0.8099237013629397,-15.034500718300482,32.539185950742805,48.50125068334813,-19.664084092786794,-1.347408878959295,-17.71293822147878,41.32650601258911,-12.341947638085793,-20.38951733905934,-42.77992749313936,-12.888674119839287,7.495754888950613,-19.78113000445083,-9.179885540896972,-0.730909325221022,58.885360127530916,-5.651989566328996,-63.70356686889783,19.38739853994556,32.22691799168548,40.31318344437128,30.587533884499262,-26.36900373034817,-29.584329983925876,7.807426485687586,16.854621606557867,17.544202432269365,7.977215501752032,-1.2922477354288924,-19.191409153924923,12.549527694582277,12.097719085149818,22.286186880159406,-17.738200230525823,11.302823839396712,-30.20215213132752,33.08182551002838,-16.18147690857121,4.669143589178432,17.23237647769946,-6.041339029944117,40.21558806679688,27.58121596401591,-12.68394588428468,11.765184082290274,10.573969921591615,21.316864412615008,0.3510003153354787,-18.767564793805445,24.09831488155227,-37.29237293453178,20.788935790466113,8.171592015737858,22.21564072671633,-22.49180160551544,-44.67037693978077,-12.105871120193976,-77.80891112507506,-21.968207541917344,58.41915371808849,-28.906706324095612,39.187158565621196,-36.065162415084316,-1.3863145007933542,-18.925582634615417,-25.149126511477068,-37.92301748991093,-22.320426415010207,-29.098882159517952,-67.88908451160279,-7.486957731372134,-27.95313057749787,5.100890904215748,5.719969820729697,17.547800553145414,110.57360990959597,-47.066700416739806,-1.7805000560432391,44.4103156794524,-11.587393327585785,-78.18726537616341
415,-62.757574532929105,69.45139667833419,2.083882800218345,45.68326044541201,16.34939825814349,5.528737681569662,-10.022257865380285,33.04732323921218,-45.75533608655928,23.00679100297243,-24.457455589104796,-9.611816056513765,39.117393743527536,-32.43999271652498,25.489274116222308,27.648526630708364,-10.281365954982038,73.60525609824654,10.656163445148579,3.9157557189229495,36.88132677404826,19.68137797585987,0.36261187771640324,-56.67601289702886,8.423392270316276,46.17775287661718,-1.2127404440157121,4.9497755005011195,2.265935957496442,-34.489028587778805,-10.649957089344442,19.91911845763304,15.269616977346976,-17.57648201739737,8.11754362759154,-21.34392086658718,26.88549507160786,-4.77345873914751,29.577119211929514,15.035322608427855,14.528163705678873,8.103414411622063,15.00722793559746,8.012684806840406,22.714543479218108,-14.763675042315244,-13.139049156360288,18.682477824246753,-14.891287066082128,6.524480920841201,16.830980234528248,15.798263524849537,19.224039645969683,-13.274075637065112,28.43197724034404,1.518357997985499,-19.52731505977958,-34.16330781577724,-11.193512047696036,-2.3284857216122092,5.919695181461556,6.250692106749636,1.5581572937437405,-26.014966310496302,3.824702337766267,23.865050951489142,-4.449508300817147,21.70259915439259,16.500159766954418,-35.92464960968984,11.526987839940233,11.873125161609728,-1.6358512221348422,9.264582534022603,-0.4675871816579004,10.651502789595297,-11.667664848792741,-25.181064772183646,-10.445416341968517,0.06729122898211504,-4.610798998287517,3.9052470864890685,-5.0004339256373,-1.3487139508544266,-22.941561356165014,-5.936261258745386,-2.6544589703591916,-8.342931885966447,-16.66290837945247,13.58613867123829,-6.782555660699737,-5.898366920731135,-6.716544897927952,-16.695781705106974,-10.00530041580644,12.902984586544353,7.864795737135271,20.379118447950507,11.960382603421198,-34.97551584200365,17.878320147534353,19.29791206846817,-16.085041900472344,11.734386632643371,0.9903951589375143,-10.21468408415763,9.900152417011984,1.7491181034586514,-15.040480890570233,-13.294051435306946,-34.96292174770263,-23.733188190735998,10.300095293597275,5.180919455179921,-0.0595937556600693,-8.977610583518423,-18.457484124051035,-21.510882359433577,9.916814008394892,9.452116876458351,24.55242540393834,-37.502862239794524,-8.13143905066155,17.212581069878002,8.917887346433774,15.208346705728314,10.057291330611246,-3.9919854171446603,-31.709022846649752,-1.4548577015454842,-10.957311956478465,-26.972733559818437,-13.225765740401952,-3.806105445059406,-18.246367693442643,-12.829255261164981,-10.852774161193429,10.704707198976223,34.278955447821794,6.484060502705355,-13.008183723516796,-11.505071624458973,-0.7115133364687602,6.862427340946418,-2.3966811623799265,4.567287268862963,-1.6007823737758127,-5.267576670117585,17.284708665154604,8.560501385735341,4.269680851634136,-25.011170359357088,-11.275322033425661,-3.8871900806868522,-15.280932259021377,-26.26292721015256,19.95113409951048,33.752781722971136,-11.242392568262334,-3.6481997790792615,-20.76132819533307,-1.042146529143349,1.8839771519849609,13.703461917546036,-4.383781032013323,12.662721413449898,7.017638662623343,-14.759715148198659,-30.048292953856084,-4.920539995621923,-6.546311799625345,-2.4332953095429644,-6.035461358325935,-27.918653071540515,9.384289768796954,3.0027611519947524,-14.43475663673026,2.2674797291563635,8.273345393424501,-12.23330673174285,12.270086669286624,18.90646176993103,-13.955162697355272,3.520756111061078,8.093507799658328,6.185211614997572,2.110047826624769,6.8861645654966885,31.769562749841796,20.47745533896483,-2.8365651257919633,10.590279628914729,12.332858406308835,7.474046252632269,-16.55119094876927,-20.616565074094694,-13.338862573088672,-45.17843760360171
416,-62.19539978165231,55.77610539337789,-6.615357313483524,34.669536975824215,68.13381627036203,-21.90724322692602,115.28225405991965,-38.509209541592355,69.02060342132184,-25.63758459960417,6.334921972929402,11.58512505255269,-66.73066388284789,27.08465370788953,57.80353311252291,-25.392154895042285,-12.71001255590953,33.11849944489006,33.99680051826056,21.571195639386236,48.132934785618986,-17.23285171255459,-48.693261333690934,12.631161368149106,-17.76647586470269,0.7466542294674687,43.01334983247562,-45.35105711326769,8.372123043144086,-2.5780344505224835,23.099013290887108,-17.362368018303282,-51.94562559130092,-48.240285780463665,-6.272264516507379,0.09098834436472286,-5.11700363473768,-49.55353344032468,-30.064529695115557,-7.45293159977598,31.316861693611127,-49.15797462196013,-26.784407582293873,-21.514367551393658,-33.644626460248304,-6.268050444942386,6.8856880227833726,-83.5780558197745,73.77404773947868,0.9120273998027671,62.583211193223725,-19.437386939208526,43.122385315007115,-35.8190065658986,23.53772907492859,-57.03608811733156,-14.399695928306196,-40.580232438642454,-71.24646532827985,-15.774010176693526,-20.44780098560762,15.784077298338268,-56.192846636409854,-78.01740156553802,19.557167109624064,42.75216482481139,54.381869317893205,-93.17892858044661,-14.543738951532305,13.066061821061265,39.857470198075916,-34.56954334614434,37.4145423086781,16.8446741649872,-23.160376473519875,-5.302963503841028,-10.324918701277536,-21.534299464647084,34.660682710157154,4.606461406169092,6.902677131585711,26.152592982577584,11.98563053044364,-1.3173021775293328,36.37821237543653,42.84149098639432,11.804287489987821,9.343122844028287,16.640274701865096,33.06675395850921,-24.024680933042447,-6.06596221523642,12.38497020205416,8.038025152731166,-10.33833495152262,29.550638349095617,-8.980141604576378,20.90998199434321,17.35320000119781,-21.56731799571183,17.296763199712487,20.695323250196875,20.84260395857572,16.641053582811896,64.72836978399113,14.901993051893827,18.35297036764407,-43.8866231505661,-32.19033453638951,-8.713340994484245,-36.28688520325689,9.016715524559814,12.505524684592944,52.258992716501595,-39.58165495865498,3.805310509240945,5.953187395298753,-56.593467866128535,2.0702282183618737,15.505689527200296,41.641806299011876,-30.895481311681714,1.0148558356535344,-14.278310328138256,-8.326785501659481,23.692406369894663,-22.990198388477953,34.102594260546226,5.8087607203685545,-2.645680531715355,-11.10933902553734,-80.42335458231484,5.379145509549889,-51.177174857358644,-11.437715250565873,-22.592605171291325,77.153735223401,21.393134275621954,-2.283787883269401,72.89639370102459,24.24852549646182,-8.46420577015248,2.83140935117068,26.132762583272747,-8.515554605055998,-79.00835620120245,-13.70159723210371,-30.211222507066246,25.169277461647525,-35.47682130855231,-56.97166934015561,-4.781815731381689,-5.265206418851616,-50.402091154914324,3.3966142615854067,-115.80391363011373,47.30266799809465,68.88666835591886,-78.25020626907806,-25.955936327647446,-42.88340446037938,18.06400737209396,20.531228302068566,64.52772038294754,53.48590756370492,16.965597152503317,-13.862809299216243,-6.0369129266081325,23.957073139516883,64.57072276319751,24.708887902547,-6.676600532477789,-23.11264844644241,24.68507386913047,-44.60188592972504,-24.49161584452619,7.859790024671067,-17.850172720164565,49.920028136505714,27.429098040613862,64.23708184331335,-40.47402386776388,16.950329118343337,-62.53107969340046,-9.936008993931377,30.752362443134555,35.18526709440233,-4.1970925088131,-26.484341393612198,-0.6912090358461719,-19.68504054723721,57.1492764844027,57.322905086416746,74.39109944210195,-74.0593871198459,54.85872099598423,-17.5132454333337,-36.32506952864013
417,-67.27868136908246,82.90345323157273,-6.404113397590823,81.53171868459529,54.160165540993674,-19.23427545958404,37.798148967279786,-7.13873133279202,2.2380515145951545,-17.437521408044294,-2.4179940219545273,64.92380160560616,-14.657468886378805,-74.8056664026419,1.465738989362546,-21.965869306411346,13.956637705865145,6.336081870498168,-10.189821563586191,-48.15866342861469,5.035601600207746,-23.415831818465087,-30.593881708254102,-33.579218137773225,-3.7289594417710212,-5.875171671804318,-8.191548367880173,-35.79458668311864,-22.055767224212456,-4.426898973514012,19.214876167508933,13.478063822149249,-40.93618116342381,-41.62165582110616,12.71180304662704,16.32954164717402,-0.09904271432409914,-13.928667602005696,23.770992212137614,19.845719766430133,35.21221602277937,-25.998419389005228,-6.15132971374752,-0.8010741829611973,7.732979533567001,1.0267543229454275,28.765963550196314,21.092267066880368,-10.930831679141825,-10.612994199468702,22.340515326998823,-9.811278693445063,9.963277673512813,4.12186245933819,21.524986953398166,-4.918042113620524,-2.481064208320581,-19.77319398297213,-15.524292250276806,-40.07968892834734,-7.829823909380582,-6.83334303271555,-13.019327688861136,34.33411678055797,15.925445194661094,-28.043679249048413,-5.664344818216779,11.43285078665833,-11.668850736758174,-1.9551601571094146,-7.988880283670193,2.786270865333392,-4.597095248797154,4.806956673040788,4.502668893961808,5.814987695971791,-22.421465503286857,20.14202203149726,-18.82433035150624,11.698585552252826,-6.665943498453542,0.08008603570291861,31.23186569257333,10.203685401822684,16.984190105819458,-12.784088849059172,7.750646447975447,26.120480541711622,-27.872279940349603,-17.566328842459836,-11.592504293274203,-19.368972361965664,-22.739953997512327,26.861665745494935,12.030424574070645,0.7287671453769338,3.392891470523637,3.4629160285443206,-25.67928654876609,6.137498268565253,-18.044598452147422,3.9128784176970703,-0.2780735570138546,-14.497042033886201,-4.175475528877038,0.36339480023910675,-1.8677951995886706,0.9953547599401955,3.685896317011215,-12.811517685624734,15.488875425139087,9.58489118152787,4.460089699578096,0.4755798917083255,-15.955174249622747,1.0237273289687214,3.249256506480523,-13.20024680979748,22.930860175419028,20.19971692628364,14.791237130316416,-13.03809390890445,-22.209259089649553,-0.7865547068692665,-4.647320009640231,13.119247500163068,-0.9269260980609243,3.157423270351456,-4.520319828646866,10.795619561103273,15.29986901552382,3.3543430967415304,-5.507761623603788,5.162623351147218,10.165522151718385,-21.960365029455822,0.7457711587761324,17.443391873788833,-11.288508803965316,-8.204625708652092,1.1268999942463218,-22.67617585244342,-20.899084999913214,-14.907637991351486,-10.25098453010636,-10.572455883932266,26.614163596984326,-22.5405478592089,8.49472849419541,28.539060284993102,-4.195259310544551,2.5241818663907556,-10.198870340190268,-7.975242468795355,-8.170539631892197,3.259873582615459,-6.372837935488846,4.193474419580848,-15.328586021498255,11.778245513302837,-11.314759867301564,24.33086493982115,6.96300078064479,10.833269733330242,-9.082527132949567,13.276923050450836,-3.201481447317031,-38.230847194185756,-1.9986211574012447,-1.633800988920418,18.586969981932928,9.69263837223154,12.114594577282038,-2.9288371221678235,25.27042667760902,-11.856384587949387,-12.051603543313988,-9.100613374136557,12.20264958380003,0.6640131203990597,21.74909626985102,2.9071216128621375,7.4041669781432935,5.7916708502067005,-0.956241443572267,1.652137377134074,-22.194455351642887,12.675052829514978,24.633257027352883,16.906319368855147,-1.5165188218785066,9.559978634969852,-10.612884082616773,7.642039068726344,-35.1104688771537,10.621335802923925,-9.693549650797843,6.505468616921832
418,-9.171380736494719,-61.73943058307496,-71.20352332074103,-129.3088801615207,17.883560732096708,67.94991670136164,176.92410572043823,-100.37538537157378,52.78345597406234,-64.63781313923702,64.98033282983565,20.342506641135508,-30.725572690497934,19.056961001908054,57.74596652493629,-2.7915131374157807,-8.969879045228558,-51.43639410266748,1.5807769560743603,24.14576355015273,23.5961018733451,-102.05080886178474,5.686089439315361,47.46738693504176,-49.25714296397866,-58.25155154399362,110.75912980580156,-134.81239050175026,-139.17943738483893,62.70783880602644,-5.171138196812812,-128.5257885387466,-105.13993553740663,-1.5249265757807322,38.58829777393745,138.67083114991357,87.6117235090188,-55.869051295678005,92.74822270726864,-50.50940184400153,20.34548762680313,40.1296342765659,9.85491062299006,26.446178454363494,-8.202288737823658,93.54082029152744,46.737901627946094,-115.18448048172556,71.42558372883215,149.14881565543317,149.43762920145326,74.68922587300978,-21.269161439561646,354.98751918598464,7.750438655440124,-216.62091849209742,-264.8837614518824,-250.30548013252968,54.4036453266262,51.368037077143484,-34.68548049577587,59.237761382710254,150.30915834172188,-121.39927958546471,-104.8815881908176,42.985036797344,-74.10842073823494,-45.1260059162645,115.25232683211075,22.08126282668309,-7.87002253722347,66.93066944148019,10.627890870732283,-63.45705084765122,168.95205915818298,256.4384264807719,-107.44340884342981,127.14847017056813,151.74190722998244,-31.62058987201836,-3.248896997328486,26.238465442643893,-3.779903201364135,21.719904763118418,-0.03130164582246614,-34.44031338021349,10.221755597882144,-39.52741182299881,-57.85549864742606,144.53677070566044,104.05353522705276,-74.29402833700894,98.46207111451103,50.3125607045111,8.88455764388357,12.941122570745959,-93.92240178263414,-62.06973566651803,-31.71014479144032,101.78169301763528,14.459669500843525,58.0787489067707,8.672388776176225,76.69732637814649,14.858858728792512,-29.710019324256336,48.42297402686447,32.847126713519195,71.21731529636433,29.622145138656236,31.40995163257935,-10.329625112450104,-5.223245194988636,-27.51654684960852,34.47247837090652,-0.3999662361025757,30.54651503909783,-44.98752084616334,36.36130033062225,11.724445571401237,14.088821347150681,0.1489097456741836,-20.526778024744015,-50.59006957010596,9.345344653261165,-7.352189540898236,58.18263259288067,50.74896526359139,-9.615763561739751,26.462276174487016,14.299527361079242,28.829947890398035,-18.589700367578292,12.066974971159892,-21.809836383650165,-26.554799418470985,4.261774315056433,3.087858464617877,36.93206678693077,-23.420011162855456,-48.75519717774774,-41.23991468562408,29.417279046892038,23.78697272051015,37.72868104977162,5.259928518081597,-24.044173616914517,5.107921543016682,46.00971654570765,8.058973226919404,-38.70875705330359,13.474988972311936,9.138327711667992,-25.305693312171847,5.9698893475399375,50.79364912025507,-16.438313854442853,-10.231752990198055,9.184717394324402,-30.58201073658116,2.847021064670039,-28.527965799767788,-15.49392983367867,-41.92408216240767,-14.07569445844551,-28.103280243590305,25.054670015914166,-27.080225864319175,-30.817748235546656,-1.356820434829612,10.185654798483444,29.170579856619902,-2.633550456058022,18.01238940238956,-12.235680561236151,8.899602688561005,16.046251432751575,15.369931029782713,-4.491524122944838,-11.324532339906519,4.695580675547939,-19.50031828433479,6.554709866777979,-15.000289420235815,7.315562519940676,-9.51669328179469,-27.593117879742664,5.855831242144875,-19.515861789792957,7.373475024048801,15.92404546714127,12.817444870150041,-22.753765386659747,3.803059309093455,21.97175715319905,-20.457540281372232,-0.33687517296762465,19.198975011318396
419,74.40871685076888,67.78345602390363,452.86806426862586,-99.35469958000958,59.22080450522666,35.37562804969687,90.81000109429874,19.185388633363505,33.8581364930993,-68.69179646258678,-11.443754612437644,233.5064370700653,-36.997283713189375,0.8055406002508374,510.82505221875454,28.942811888031112,66.63216645619556,-150.1136247643217,-41.84296156712288,-6.752475307615181,-139.83812889618983,10.090667637637692,-58.021555484508326,-14.856013646125804,74.66463865804599,-114.1170105944826,-220.6701746502757,-36.9681591529834,175.1424957308526,33.87100487629963,55.4800633228713,156.98027366537883,66.29363078063798,429.59626832424976,-268.1377105794439,205.7210742200169,154.80676858600702,-12.255301337574117,-84.98028908460724,-103.79974570268655,-58.022357062109606,-262.2626703644091,-196.36719012967194,224.01165372433803,227.81345675449788,-191.5843021093051,-267.90716992885984,246.32033166157782,-19.07728505753167,56.33762563019191,140.36186324131359,-142.40470081378243,75.17172694242049,-19.333367212292195,146.1918670098776,-28.430160751239445,-33.49292243277062,10.360247187977537,88.77351072783345,-183.6336252320177,160.47456582627808,-17.94366476414026,70.75918057708677,-123.87940947246118,-78.10407451620516,-21.449781526230215,7.344046468714112,23.957183522874004,8.0974575404223,-11.153347371610156,-45.772746699194585,-47.63145715735408,16.610357801443577,-81.84779208307724,-0.15079535087208873,-19.484299355221317,-64.5579920582951,12.976009681809426,4.4709472904852285,-30.373763981086483,1.9299856134389424,4.357858400903378,22.70259360603738,-36.378329627491766,-1.7705565843128754,30.760094048975574,8.610183426635722,3.2202141038453487,15.492867465247532,0.547406625828787,13.685186682222266,-20.736846422718692,2.799458015937178,-28.599635080990346,4.412253988904308,48.60146398527495,-21.96178462106962,-11.308385473739921,19.563982729981284,10.07102914424666,-0.4970633676758612,38.32299914536271,-5.278660781139269,-22.023026845928843,19.544017232821712,23.11579987091072,23.164182929441022,-0.47775306779156623,2.7274282878742264,-0.6321044325426018,-22.82688851407678,17.164424308804243,9.820619541431583,17.820090175566133,-10.948207813092559,37.251354834699505,16.741530739255808,18.990265040056176,18.177782428877443,-18.660850637178147,-10.860667010858895,-5.428173928116933,-10.232992375525304,-13.703070341911733,13.815600500517258,0.22089868935901946,-8.072181666597828,7.518637539291034,0.8559008314560155,-0.9039669217684876,3.5145895300254804,-6.844372214257435,-28.932017291362897,4.016218296383236,11.308065310858067,7.193827249450524,-5.029012656785737,0.6778567693570798,-9.253761232328303,2.9576116398892984,-16.269191449326065,0.6930778356447198,9.063892262964124,4.879271809239578,9.635481189998337,2.390630169607962,-10.152914916773447,16.555015306477756,5.924538446440786,0.847148096583144,-5.1666141058272865,-4.883499351955767,-15.02927647908178,3.742527563325055,8.66558373785986,-2.1865575437641533,-1.0277180814137736,-11.148925927488229,5.722639009399631,4.833477701641273,-8.561838252661099,1.1712419367692886,0.2496853126320016,16.100669220541675,-6.308652889051084,-2.1466738176423066,3.292025417429025,-10.143542662893152,13.650748486316227,-0.6339468785388982,-4.297017007378752,2.6670058043366307,-4.455998085350034,1.1137729637840281,14.111952090217768,-6.042876818295938,-0.8131606972073239,-11.396261177373383,0.5686931902833519,3.472812122120608,-9.392676011086293,5.930385803269726,-0.2347974144272854,5.058351296833504,-8.392674309758235,7.530011562293472,1.2664025890843926,3.6057877543903887,-0.35552982023317153,-8.90037744488212,2.983248118054069,8.367198031669755,3.186265768786998,-2.4471071600082603,8.734496314883225,-8.547622115105952,2.7203713802833476,6.781847015058758
420,-11.719522838254262,6.389754396634981,9.626333744595573,74.63957772854764,-10.159062170357556,-54.70776436778308,-116.20081484385071,16.398359631802823,-62.224576602552304,57.028429630696074,-81.03896695195968,-43.92584167201912,90.58679117347505,-10.402175101063778,31.261614187269274,-16.396315422085678,31.84491452793231,-14.599512107181672,-18.240436084660246,-39.220529046574775,-8.284337625738761,-32.05065635810048,17.80913174413887,39.401830979637715,-0.7070913248892061,-39.0829352276529,-17.82046490360486,-53.47343225295025,37.68411697639123,1.2564239366203727,19.053498033531998,-36.398241889652915,-53.27916514040039,-21.00759810582666,16.83883663901962,22.409438851112355,16.451583172207776,-27.253387654204527,2.0175244485400965,12.230106156856841,-4.279638564010926,-14.913153153464206,-11.094207641437247,11.55210169496359,-50.06199417410586,-10.468721755102273,-23.23771348667738,-31.55881435419518,-11.410170489000011,-29.549429340610967,5.580111632739131,-17.780640943663446,-6.891770192110262,40.81670992476086,-39.136017327322804,13.210331187357005,41.50328355459091,10.610205531366613,-53.403729458243106,5.045381919704254,25.558304732196117,-16.614037274070046,34.67740124957916,-44.9650511230265,2.2584683490021424,-44.11459212326024,-42.842878381122155,4.093032677555528,26.563370047197626,7.892119882404814,-3.4132382578876808,-8.847845804479274,-4.906062593298878,31.470016538894672,17.384713345955326,6.617615017430105,-12.92339598999349,3.2258176058784342,0.34815547747640785,26.219863884398904,-8.538008893993503,-4.610118939802333,27.71564346697104,39.64620324498674,-16.11485501435933,42.90273671755921,-32.11903027048281,12.279921813122485,0.4805139867327651,-11.684510955899217,5.011180416248632,-8.480273496223727,18.900064411574462,-8.330907269508417,11.475262604490862,-15.411682821921863,5.052083485533537,1.032267799236576,-14.867688249804324,-9.943565718566903,-24.328279388996467,43.26687852048133,-18.481435519361167,-24.676620289311913,-2.8745599970116475,-12.667946574156367,3.874696773400722,-12.548772674392989,5.0425115121835455,-4.722373077213883,-33.596760538771385,11.08159813351664,-20.99540981807661,-45.444386969564405,40.91899487004172,-19.674536968493495,-32.840788017314544,36.00715160285309,18.676628147704598,20.65641473023769,16.023670022199745,-9.000189027831745,-20.49043711701261,12.488312570961055,-16.51193957119383,20.500960837041035,-41.67764096792521,-25.6821825961117,-6.268356309825307,-17.34692683074245,-11.301856319839553,-8.644826366386354,36.82435009344105,-28.310458518461125,1.388530446283827,-2.0827564755579093,-12.297251145467794,46.42432217310247,-7.256044323892499,4.708193950992867,-17.445704910264272,-3.4547931040284197,-7.273251868687993,-1.0861051894351186,-29.082512721440075,2.175910912836649,-0.7218923218216999,-18.54441584898686,25.973115825047454,33.621785527481656,-7.580178933021796,-5.89315082957039,-25.626139922422727,32.8706113038005,-46.160795536839366,2.7412231159893268,-9.881553486374333,-25.193981618254092,-48.37248018794359,7.86645378679727,52.64441159229419,6.082129642567553,2.6573905205078576,28.752054125076267,58.98973045674018,-16.13211158845175,-19.297241284451623,29.571627094565255,-4.47159071634072,-57.0629204156343,-13.410989966333567,54.311975110719786,85.83741559213,49.56390484669213,75.0875745837399,-12.13380088247171,31.040952336713758,23.964215898217304,42.68850770200026,-13.112791111572102,-11.197001244777795,-19.135318212262273,22.88759058380078,5.380680546543765,-17.478145614705063,-53.80911479036098,28.10273022476697,-48.23672118943291,-19.635088185361592,67.92705837590124,39.45967420851261,-7.175243276289129,16.374388792202584,39.91564427491129,29.795547343650863,52.1579697663685,20.71497825615714,35.277545220369866
